<TICKER>,<PER>,<DATE>,<TIME>,<OPEN>,<HIGH>,<LOW>,<CLOSE>,<VOL>,<OPENINT>
AIRO.US,D,20250613,000000,12.9,39.07,12.9,24,14713420,0
AIRO.US,D,20250616,000000,34.98,37.925,28.6,31,11880751,0
AIRO.US,D,20250617,000000,32.22,32.97,28.2701,29.76,4026881,0
AIRO.US,D,20250618,000000,29,29.4939,26.0001,26.26,2770878,0
AIRO.US,D,20250620,000000,25.12,25.5,20.4,22.24,3072900,0
AIRO.US,D,20250623,000000,21.4,28.55,20.28,26.9,4818869,0
AIRO.US,D,20250624,000000,26.76,27.15,23.5001,24.27,2256018,0
AIRO.US,D,20250625,000000,24.91,25.7299,21.61,21.9,2425871,0
AIRO.US,D,20250626,000000,22.51,26.5,22.51,25.26,2398100,0
AIRO.US,D,20250627,000000,25,27.523185,22.8,23.33,1644396,0
AIRO.US,D,20250630,000000,24.02,25.48,22.5308,24.07,1213751,0
AIRO.US,D,20250701,000000,23.8,23.8301,22.098,22.245,1783594,0
AIRO.US,D,20250702,000000,22.425,22.425,20.82,21.62,983652,0
AIRO.US,D,20250703,000000,22.5,22.5693,20.9,21.9,788732,0
AIRO.US,D,20250707,000000,22.5,22.8253,20.6,21.29,677769,0
AIRO.US,D,20250708,000000,21.29,21.9436,20.85,21.67,581424,0
AIRO.US,D,20250709,000000,21.64,22.194,20.81,21.48,763673,0
AIRO.US,D,20250710,000000,21.43,22.97,20.87,22.2,1268507,0
AIRO.US,D,20250711,000000,24.465,29.2,24.18,28.8,4332203,0
AIRO.US,D,20250714,000000,28.82,28.9,25.8106,28.28,1941689,0
AIRO.US,D,20250715,000000,28,28.7,25.84,27.46,1618648,0
AIRO.US,D,20250716,000000,27.1,27.16,24.7504,26.05,1964074,0
AIRO.US,D,20250717,000000,25.9,27.4,25.26,26.29,1310037,0
AIRO.US,D,20250718,000000,26.27,27.31,24.26,24.97,1388259,0
AIRO.US,D,20250721,000000,24.95,25.36,22.39,22.89,1587223,0
AIRO.US,D,20250722,000000,23.26,24,22.25,23.84,662731,0
AIRO.US,D,20250723,000000,24.01,24.01,22.82,23.1,690849,0
AIRO.US,D,20250724,000000,23.11,23.91,22.8,23.47,573746,0
AIRO.US,D,20250725,000000,23.65,24.35,22.8,22.92,580451,0
AIRO.US,D,20250728,000000,23,23.01,21.77,21.86,643055,0
AIRO.US,D,20250729,000000,21.77,21.95,20.775,20.97,558946,0
AIRO.US,D,20250730,000000,21,21.61,20.28,21.12,415985,0
AIRO.US,D,20250731,000000,21,21.49,20.71,21.22,573149,0
AIRO.US,D,20250801,000000,20.59,20.59,19.14,20.12,713690,0
AIRO.US,D,20250804,000000,20.2,22.96,20.03,22.82,895353,0
AIRO.US,D,20250805,000000,22.8,22.8,21.6632,21.94,516985,0
AIRO.US,D,20250806,000000,21.88,21.95,19.9,20.64,516064,0
AIRO.US,D,20250807,000000,20.98,21.24,20.07,20.76,369266,0
AIRO.US,D,20250808,000000,20.83,21.43,20,20.49,440509,0
AIRO.US,D,20250811,000000,20.49,20.74,19.85,20.4,492386,0
AIRO.US,D,20250812,000000,20.41,21.22,20.34,20.92,357990,0
AIRO.US,D,20250813,000000,20.89,21.77,20.45,21.74,572641,0
AIRO.US,D,20250814,000000,24,24,21.3426,22.94,2130802,0
AIRO.US,D,20250815,000000,23.19,23.5,21.5,22.11,881811,0
AIRO.US,D,20250818,000000,22.19,24.2134,22.04,24.07,1050524,0
AIRO.US,D,20250819,000000,23.97,24.2254,21.94,22.92,999423,0
AIRO.US,D,20250820,000000,22.41,22.74,20.88,22.04,666582,0
AIRO.US,D,20250821,000000,21.94,24.14,21.51,23.29,984304,0
AIRO.US,D,20250822,000000,22.94,24.9599,22.25,24.44,1162456,0
AIRO.US,D,20250825,000000,24.1,24.58,23.16,23.235,511689,0
AIRO.US,D,20250826,000000,23.3,24.39,22.85,23.53,503877,0
AIRO.US,D,20250827,000000,23.65,24.24,23.4814,24.09,482146,0
AIRO.US,D,20250828,000000,23.99,25.9,23.94,25.79,1589791,0
AIRO.US,D,20250829,000000,25.72,25.9,23.52,23.55,1025816,0
AIRO.US,D,20250902,000000,22.39,22.5,19.8504,20.55,2327886,0
AIRO.US,D,20250903,000000,21.75,21.75,19.9,20.42,1056550,0
AIRO.US,D,20250904,000000,20.35,20.82,19.98,20.8,639032,0
AIRO.US,D,20250905,000000,21.08,21.27,20.4498,20.94,514302,0
AIRO.US,D,20250908,000000,21,21.45,20.414,20.5,764769,0
AIRO.US,D,20250909,000000,18.2,19.36,18.12,19.15,1797149,0
AIRO.US,D,20250910,000000,19.55,20.57,18.85,19.42,1150892,0
AIRO.US,D,20250911,000000,20,20.3,18.985,19.86,3133035,0
AIRO.US,D,20250912,000000,20,20.49,19.6411,20.14,868870,0
AIRO.US,D,20250915,000000,20,20.35,19.625,20.2,713151,0
AIRO.US,D,20250916,000000,20.28,20.3,19.72,19.83,446338,0
AIRO.US,D,20250917,000000,19.5,19.87,18.98,19.11,1090576,0
AIRO.US,D,20250918,000000,19.35,20.16,19.34,19.89,594867,0
AIRO.US,D,20250919,000000,20.07,20.41,19.48,19.53,1910095,0
AIRO.US,D,20250922,000000,19.53,20.37,19.29,20.15,1001391,0
AIRO.US,D,20250923,000000,20.25,20.3929,19.62,19.66,998774,0
AIRO.US,D,20250924,000000,20,20.85,19.27,19.33,1491840,0
AIRO.US,D,20250925,000000,18.88,19.39,18.54,18.9,952708,0
AIRO.US,D,20250926,000000,18.94,19.18,18.52,19.08,718782,0
AIRO.US,D,20250929,000000,19.45,19.8,19.01,19.02,861396,0
AIRO.US,D,20250930,000000,18.91,19.26,18.51,19.2,731550,0
AIRO.US,D,20251001,000000,18.93,19.855,18.7799,19.53,971024,0
AIRO.US,D,20251002,000000,19.52,20,19.41,19.78,773927,0
AIRO.US,D,20251003,000000,19.98,20.88,19.099,19.41,1667947,0
AIRO.US,D,20251006,000000,19.87,20.18,19.6,19.67,632993,0
AIRO.US,D,20251007,000000,19.7,20.1483,19.262,19.985,656185,0
AIRO.US,D,20251008,000000,19.85,20.11,19.6,19.83,468526,0
AIRO.US,D,20251009,000000,19.8,19.92,18.93,19.08,1010926,0
AIRO.US,D,20251010,000000,18.91,19.44,18.1129,18.15,1099511,0
AIRO.US,D,20251013,000000,18.68,18.695,18.1501,18.55,613526,0
AIRO.US,D,20251014,000000,18.2,20.1,17.88,20.08,1800892,0
AIRO.US,D,20251015,000000,20.43,20.98,19,19.51,859665,0
AIRO.US,D,20251016,000000,21.55,22.47,18.65,18.8,2611487,0
AIRO.US,D,20251017,000000,18.15,18.6899,17.15,17.5,1864469,0
AIRO.US,D,20251020,000000,18.1,18.45,17.8731,18.27,507172,0
AIRO.US,D,20251021,000000,18.24,18.41,17.75,17.98,363038,0
AIRO.US,D,20251022,000000,17.78,17.9075,16.62,17.1,970605,0
AIRO.US,D,20251023,000000,17.185,17.475,16.85,17.25,352078,0
AIRO.US,D,20251024,000000,17.5,17.92,17.4,17.48,330646,0
AIRO.US,D,20251027,000000,17.8,17.83,17.22,17.33,429458,0
AIRO.US,D,20251028,000000,17.1,17.3779,16.82,16.82,503023,0
AIRO.US,D,20251029,000000,16.86,16.96,16.26,16.8,743802,0
AIRO.US,D,20251030,000000,16.51,16.78,16.26,16.35,402409,0
AIRO.US,D,20251031,000000,16.35,16.61,15.8001,16.36,507522,0
AIRO.US,D,20251103,000000,16.3,16.43,15.565,16.28,510843,0
AIRO.US,D,20251104,000000,15.4,15.6999,14.14,14.27,944026,0
AIRO.US,D,20251105,000000,14.28,14.58,13.92,14.2,445376,0
