<TICKER>,<PER>,<DATE>,<TIME>,<OPEN>,<HIGH>,<LOW>,<CLOSE>,<VOL>,<OPENINT>
ALCE.US,D,20220425,000000,49700,49700,49350,49350,4.8206,0
ALCE.US,D,20220426,000000,49350,49350,49350,49350,0.0572,0
ALCE.US,D,20220429,000000,49275,49275,49275,49275,131.1586,0
ALCE.US,D,20220502,000000,49400,49400,49200,49200,0.0602,0
ALCE.US,D,20220504,000000,49400,49400,49250,49300,30.0402,0
ALCE.US,D,20220505,000000,49400,49400,49400,49400,0.0664,0
ALCE.US,D,20220506,000000,49150,49200,49150,49150,0.062400000000000004,0
ALCE.US,D,20220509,000000,49150,49150,49150,49150,0.0464,0
ALCE.US,D,20220511,000000,49100,49100,49050,49050,1.1224,0
ALCE.US,D,20220512,000000,49000,49000,49000,49000,27.863400000000002,0
ALCE.US,D,20220518,000000,49000,49150,49000,49150,31.482,0
ALCE.US,D,20220531,000000,48950,48950,48950,48950,6.0016,0
ALCE.US,D,20220601,000000,48950,48950,48950,48950,3.2,0
ALCE.US,D,20220603,000000,48950,48950,48950,48950,0.1526,0
ALCE.US,D,20220607,000000,49200,49200,49200,49200,0.1,0
ALCE.US,D,20220609,000000,49200,49200,49200,49200,40.0022,0
ALCE.US,D,20220610,000000,49200,49200,49200,49200,0.6594,0
ALCE.US,D,20220613,000000,49200,49200,49200,49200,20.2626,0
ALCE.US,D,20220614,000000,49200,49200,49200,49200,19.9606,0
ALCE.US,D,20220615,000000,49200,49200,49200,49200,0.524,0
ALCE.US,D,20220616,000000,49200,49200,49000,49000,1.4626,0
ALCE.US,D,20220617,000000,49250,49350,49250,49350,4.5838,0
ALCE.US,D,20220623,000000,49700,49700,49200,49400,0.9018,0
ALCE.US,D,20220627,000000,49300,49400,49300,49400,0.2208,0
ALCE.US,D,20220701,000000,49342,49342,49342,49342,0.0202,0
ALCE.US,D,20220705,000000,49100,49100,49100,49100,30.0814,0
ALCE.US,D,20220706,000000,49000.4,49000.4,49000.4,49000.4,0.02,0
ALCE.US,D,20220713,000000,49200,49200,49200,49200,0.0204,0
ALCE.US,D,20220718,000000,49300,49300,49200,49200,40,0
ALCE.US,D,20220719,000000,49200,49200,49200,49200,12,0
ALCE.US,D,20220721,000000,49300,49300,49300,49300,0.36,0
ALCE.US,D,20220722,000000,49400,49400,49400,49400,0.6312,0
ALCE.US,D,20220725,000000,49250,49350,49250,49350,0.24,0
ALCE.US,D,20220726,000000,49250,49250,49250,49250,17.6094,0
ALCE.US,D,20220801,000000,49300,49400,49300,49400,74.973,0
ALCE.US,D,20220803,000000,49400,49400,49400,49400,6.1642,0
ALCE.US,D,20220809,000000,49475,49475,49475,49475,0.162,0
ALCE.US,D,20220810,000000,49450,49450,49450,49450,4.4386,0
ALCE.US,D,20220811,000000,49450,49500,49450,49500,5.461,0
ALCE.US,D,20220812,000000,49500,49600,49500,49600,35.339,0
ALCE.US,D,20220815,000000,49500,49500.4,49500,49500,6.3188,0
ALCE.US,D,20220816,000000,49450.4,49600,49450.4,49600,68.6864,0
ALCE.US,D,20220817,000000,49450,49450,49450,49450,140.0002,0
ALCE.US,D,20220823,000000,49450,49550,49450,49550,0.8316,0
ALCE.US,D,20220824,000000,49550,49550,49550,49550,0.1,0
ALCE.US,D,20220920,000000,49400,49550,49400,49400,2.0576,0
ALCE.US,D,20220921,000000,49400,49400,49150,49150,24.28,0
ALCE.US,D,20220923,000000,49375,49400,49350,49350,24.322,0
ALCE.US,D,20220926,000000,49350,49350,49350,49350,0.121,0
ALCE.US,D,20220927,000000,49350,49350,49350,49350,0.02,0
ALCE.US,D,20220928,000000,49350,49400,49350,49400,117.1626,0
ALCE.US,D,20221013,000000,49500,49525,49499.6,49499.6,15.046800000000001,0
ALCE.US,D,20221019,000000,49500,49500,49500,49500,0.0644,0
ALCE.US,D,20221020,000000,49450,49500,49450,49500,2.7278,0
ALCE.US,D,20221021,000000,49500,49500,49500,49500,0.02,0
ALCE.US,D,20221024,000000,49500,49500,49500,49500,3.082,0
ALCE.US,D,20221025,000000,49500,49550,49500,49550,54.6494,0
ALCE.US,D,20221026,000000,49550,49600,49550,49550,20.8992,0
ALCE.US,D,20221027,000000,49600,49650,49600,49600,11.1904,0
ALCE.US,D,20221031,000000,49650,49650,49600,49650,10.2318,0
ALCE.US,D,20221101,000000,49400,49525,49400,49525,8.6928,0
ALCE.US,D,20221102,000000,49650,49650,49650,49650,3.1238,0
ALCE.US,D,20221104,000000,49550,50050,49550,49850,47.8402,0
ALCE.US,D,20221107,000000,49850,49850,49750,49750,8.6724,0
ALCE.US,D,20221108,000000,49843,49850,49775,49775,0.344,0
ALCE.US,D,20221109,000000,49800,49800,49750,49750,1.3108000000000002,0
ALCE.US,D,20221110,000000,49750,49750,49750,49750,1.8234000000000001,0
ALCE.US,D,20221111,000000,49750,49750,49749.4,49750,6.6854,0
ALCE.US,D,20221114,000000,49725,49725,49700,49700,0.9184000000000001,0
ALCE.US,D,20221115,000000,49725,49900,49700,49900,4.2098,0
ALCE.US,D,20221116,000000,49950,49950,49950,49950,0.5912,0
ALCE.US,D,20221118,000000,49750,49900,49750,49900,2.8308,0
ALCE.US,D,20221121,000000,49950,49950,49950,49950,0.1,0
ALCE.US,D,20221122,000000,49950,49950,49925,49925,2.4774000000000003,0
ALCE.US,D,20221123,000000,49950,49950,49950,49950,0.02,0
ALCE.US,D,20221125,000000,49925,49925,49900,49900,0.18,0
ALCE.US,D,20221128,000000,49950,49950,49900,49900,5.863200000000001,0
ALCE.US,D,20221129,000000,49950,49950,49875,49875,24.998,0
ALCE.US,D,20221130,000000,49875,49875,49850,49850,0.2,0
ALCE.US,D,20221201,000000,49875,49900,49850,49875,23.0356,0
ALCE.US,D,20221205,000000,49875,49900,49800,49900,17.675,0
ALCE.US,D,20221206,000000,49900,49900,49900,49900,0.04,0
ALCE.US,D,20221207,000000,49900,49950,49900,49950,5.5120000000000005,0
ALCE.US,D,20221208,000000,49950,49950,49850,49850,0.3322,0
ALCE.US,D,20221209,000000,49925,49925,49900,49900,0.0402,0
ALCE.US,D,20221212,000000,49875,49900,49850,49850,54.2122,0
ALCE.US,D,20221213,000000,49850,49900,49850,49850,29.237800000000004,0
ALCE.US,D,20221214,000000,49867.4,50000,49867.4,50000,7.3208,0
ALCE.US,D,20221215,000000,49900,50000,49850,50000,4.1834,0
ALCE.US,D,20221216,000000,50000,52525,49875,50100,17.0658,0
ALCE.US,D,20221219,000000,50050,50100,50050,50100,5.84,0
ALCE.US,D,20221220,000000,50150,50150,50150,50150,5.0418,0
ALCE.US,D,20221221,000000,50200,50200,50175,50200,0.52,0
ALCE.US,D,20221222,000000,50150,50250,50150,50250,6.943,0
ALCE.US,D,20221223,000000,50250,50250,50250,50250,4.8586,0
ALCE.US,D,20221227,000000,50300,50300,50300,50300,1.3206,0
ALCE.US,D,20221228,000000,50250,50350,50250,50350,2.073,0
ALCE.US,D,20221229,000000,50375,50400,50375,50400,1.1528,0
ALCE.US,D,20221230,000000,50500,50500,50500,50500,0.07200000000000001,0
ALCE.US,D,20230103,000000,50350,50550,50350,50500,1.192,0
ALCE.US,D,20230104,000000,50450,50600,50400,50550,1.6694,0
ALCE.US,D,20230105,000000,50400,50400,50350,50350,1.3062,0
ALCE.US,D,20230106,000000,50350,50350,50350,50350,1.2868000000000002,0
ALCE.US,D,20230109,000000,50450,50600,50350,50550,3.386,0
ALCE.US,D,20230110,000000,50450,50450,50450,50450,1.0898,0
ALCE.US,D,20230111,000000,50350,50700,50350,50600,38.4318,0
ALCE.US,D,20230112,000000,50600,50600,50600,50600,2.123,0
ALCE.US,D,20230113,000000,50600,50600,50600,50600,1.7469999999999999,0
ALCE.US,D,20230117,000000,50750,50750,50650,50650,13.9168,0
ALCE.US,D,20230118,000000,50600,50750,50600,50675,3.1518,0
ALCE.US,D,20230119,000000,50600,50600,50600,50600,1.702,0
ALCE.US,D,20230120,000000,50650,50680,50600,50650,15.354600000000001,0
ALCE.US,D,20230123,000000,50600,50770.4,50600,50700,12.1454,0
ALCE.US,D,20230124,000000,50750,50766.4,50650,50750,8.6028,0
ALCE.US,D,20230125,000000,50800,50800,50700.4,50750,3.3232,0
ALCE.US,D,20230126,000000,50700,50850,50700,50850,2.9738,0
ALCE.US,D,20230127,000000,50725,50850,50725,50850,1.952,0
ALCE.US,D,20230130,000000,50700,50700,50700,50700,1.5988,0
ALCE.US,D,20230131,000000,50700,50825,50700,50750,19.0358,0
ALCE.US,D,20230201,000000,50700,50700,50700,50700,1.8102,0
ALCE.US,D,20230202,000000,50750,50775,50700,50775,2.9558,0
ALCE.US,D,20230203,000000,50700,50750,50700,50750,1.5972,0
ALCE.US,D,20230206,000000,50700,50850,50700,50850,7.4514,0
ALCE.US,D,20230207,000000,51000,53000,50700,50775,3.95,0
ALCE.US,D,20230208,000000,50750,50800,50750,50750,1.7036000000000002,0
ALCE.US,D,20230209,000000,50800,50800,50800,50800,5.5688,0
ALCE.US,D,20230210,000000,50775,50775,50750,50750,1.374,0
ALCE.US,D,20230213,000000,50825,50825,50825,50825,1.2962,0
ALCE.US,D,20230214,000000,50786.4,50800,50750,50800,1.2256,0
ALCE.US,D,20230215,000000,50800,50800,50800,50800,1.0678,0
ALCE.US,D,20230216,000000,50800,50850,50800,50850,14.5976,0
ALCE.US,D,20230217,000000,50850,50900,50850,50850,2.62,0
ALCE.US,D,20230221,000000,50850,50950,50850,50950,3.997,0
ALCE.US,D,20230222,000000,50900,50925,50900,50900,1.1762000000000001,0
ALCE.US,D,20230223,000000,50950,50950,50900,50900,1.3263999999999998,0
ALCE.US,D,20230224,000000,50950,50960,50900,50960,1.19,0
ALCE.US,D,20230227,000000,50900,50975,50900,50975,0.9940000000000001,0
ALCE.US,D,20230228,000000,50950,50950,50900,50950,4.9618,0
ALCE.US,D,20230301,000000,50975,51000,50950,51000,3.9678,0
ALCE.US,D,20230302,000000,51000,51025,51000,51025,60.9384,0
ALCE.US,D,20230303,000000,51000,51050,51000,51050,2.5144,0
ALCE.US,D,20230306,000000,51050,51100,51050,51100,2.7289999999999996,0
ALCE.US,D,20230307,000000,51050,51150,51050,51150,9.0954,0
ALCE.US,D,20230308,000000,51150,51275,51150,51250,235.26700000000002,0
ALCE.US,D,20230309,000000,51250,51275,51250,51250,16.2266,0
ALCE.US,D,20230310,000000,51150,51250,51050,51250,17.422,0
ALCE.US,D,20230313,000000,51250,51250,51189,51225,7.551,0
ALCE.US,D,20230314,000000,51225,51225,51200,51200,26.5966,0
ALCE.US,D,20230315,000000,51100,51200,51000,51200,6.924600000000001,0
ALCE.US,D,20230316,000000,51200,51200,51175,51200,10.261199999999999,0
ALCE.US,D,20230317,000000,51275,51300,51200,51275,7.3292,0
ALCE.US,D,20230320,000000,51150,51350,51150,51200,5.4056,0
ALCE.US,D,20230321,000000,51200,51300,51175,51300,33.2718,0
ALCE.US,D,20230322,000000,51300,51300,51250,51250,7.465800000000001,0
ALCE.US,D,20230323,000000,51250,51250,51250,51250,8.9374,0
ALCE.US,D,20230324,000000,51250,51299.6,51250,51299.6,2.9148,0
ALCE.US,D,20230328,000000,51275,51300,51275,51300,1.2804,0
ALCE.US,D,20230329,000000,51300,51300,51200,51300,8.871599999999999,0
ALCE.US,D,20230403,000000,51300,51450,51300,51450,0.6176,0
ALCE.US,D,20230405,000000,51300,51300,51300,51300,0.04,0
ALCE.US,D,20230406,000000,51300,51350,51300,51300,0.2386,0
ALCE.US,D,20230410,000000,51350,51600,51350,51600,4.2588,0
ALCE.US,D,20230411,000000,51350,51350,51350,51350,0.1888,0
ALCE.US,D,20230413,000000,51600,51600,51600,51600,0.0202,0
ALCE.US,D,20230414,000000,51550,51600,51450,51600,56.760400000000004,0
ALCE.US,D,20230417,000000,51750,56800,51400,51550,2.4024,0
ALCE.US,D,20230418,000000,51500,51600,51500,51600,60.187200000000004,0
ALCE.US,D,20230419,000000,51550,51550,51550,51550,0.10960000000000002,0
ALCE.US,D,20230421,000000,51550,51550,51550,51550,0.40240000000000004,0
ALCE.US,D,20230424,000000,51525,51575,51500,51550,0.4742,0
ALCE.US,D,20230425,000000,51550,51550,51550,51550,0.5486,0
ALCE.US,D,20230427,000000,51600,51600,51575,51600,10.728599999999998,0
ALCE.US,D,20230501,000000,51600,51650,51600,51650,10.7352,0
ALCE.US,D,20230502,000000,51600,51650,51600,51600,9.3076,0
ALCE.US,D,20230503,000000,51600,51649.6,51600,51600,0.7465999999999999,0
ALCE.US,D,20230504,000000,51649.6,51650,51649.6,51650,0.138,0
ALCE.US,D,20230505,000000,51649,51650,51634,51650,0.7692,0
ALCE.US,D,20230508,000000,51650,51650,51650,51650,0.1168,0
ALCE.US,D,20230509,000000,51600,51600,51600,51600,0.0466,0
ALCE.US,D,20230510,000000,51650,51651.6,51649.6,51650,2.7746,0
ALCE.US,D,20230511,000000,51650,51650,51650,51650,162.0032,0
ALCE.US,D,20230512,000000,51850,51850,51650,51700,5.6978,0
ALCE.US,D,20230515,000000,51700,51725,51700,51700,83.9748,0
ALCE.US,D,20230516,000000,51700,51700,51700,51700,72.79260000000001,0
ALCE.US,D,20230517,000000,51700,51800,51700,51800,5.5367999999999995,0
ALCE.US,D,20230518,000000,51750,51800,51750,51775,66.1438,0
ALCE.US,D,20230519,000000,51800,51800,51750,51750,156.21040000000002,0
ALCE.US,D,20230522,000000,51700,51850,51700,51725,16.7458,0
ALCE.US,D,20230523,000000,51775,51775,51775,51775,0.134,0
ALCE.US,D,20230524,000000,51850,51850,51700,51700,0.7662000000000001,0
ALCE.US,D,20230530,000000,51850.4,52000,51850,52000,0.8004000000000001,0
ALCE.US,D,20230531,000000,52000,52104,52000,52100,1.5948,0
ALCE.US,D,20230601,000000,52000.4,52013.6,52000,52000,1.3422,0
ALCE.US,D,20230602,000000,52000,52000,51950.4,51950.4,0.52,0
ALCE.US,D,20230606,000000,52000,52000,52000,52000,1.0904,0
ALCE.US,D,20230607,000000,52150,52150,52150,52150,21.3186,0
ALCE.US,D,20230608,000000,52250,54200,52050,52050,4.4384,0
ALCE.US,D,20230609,000000,52200,52950,52100,52350,4.0062,0
ALCE.US,D,20230612,000000,52350,52350,52100,52100,0.1204,0
ALCE.US,D,20230613,000000,52340,52340,52100,52100,0.0986,0
ALCE.US,D,20230614,000000,52350,55630,52200,52200,5.3946000000000005,0
ALCE.US,D,20230615,000000,52000,52000,52000,52000,0.1688,0
ALCE.US,D,20230620,000000,52100,52100,52100,52100,0.1018,0
ALCE.US,D,20230621,000000,52100,52100,52000,52100,1.48,0
ALCE.US,D,20230622,000000,52100,52150,52100,52150,20.1218,0
ALCE.US,D,20230623,000000,52150,52150,52150,52150,1.2022,0
ALCE.US,D,20230626,000000,52150,52150,52150,52150,1.111,0
ALCE.US,D,20230627,000000,52250,52250,52150,52250,28.326999999999998,0
ALCE.US,D,20230629,000000,52150,52150,52150,52150,0.0296,0
ALCE.US,D,20230710,000000,52150,52150,52150,52150,0.0202,0
ALCE.US,D,20230711,000000,52150,52150,52150,52150,0.0204,0
ALCE.US,D,20230712,000000,52150,52150,52150,52150,0.0206,0
ALCE.US,D,20230713,000000,52150,52150,52150,52150,0.021800000000000003,0
ALCE.US,D,20230714,000000,52150,52150,52150,52150,0.022400000000000003,0
ALCE.US,D,20230719,000000,52200,52250,52200,52250,0.0414,0
ALCE.US,D,20230720,000000,52250,52250,52250,52250,0.0464,0
ALCE.US,D,20230721,000000,52386,52386,52386,52386,0.0602,0
ALCE.US,D,20230725,000000,52400,52400,52350,52350,0.6522,0
ALCE.US,D,20230726,000000,52350,52350,52350,52350,0.021,0
ALCE.US,D,20230727,000000,52396,52400,52350,52400,1.0848,0
ALCE.US,D,20230801,000000,52450,52450,52450,52450,1.7348,0
ALCE.US,D,20230803,000000,52500,52500,52450,52450,0.042800000000000005,0
ALCE.US,D,20230810,000000,52599.6,52600,52599.6,52600,2.562,0
ALCE.US,D,20230811,000000,52600,52700,52500,52700,1.7268000000000001,0
ALCE.US,D,20230814,000000,52600,52600,52600,52600,11.306400000000002,0
ALCE.US,D,20230816,000000,53950,53950,52550.4,52600,0.5826,0
ALCE.US,D,20230818,000000,52550,52750,52550,52750,0.1262,0
ALCE.US,D,20230821,000000,52550,52550,52550,52550,0.12539999999999998,0
ALCE.US,D,20230829,000000,52600,52600,52600,52600,0.024,0
ALCE.US,D,20230830,000000,52600,52600,52600,52600,0.17500000000000002,0
ALCE.US,D,20230901,000000,52600,52600,52600,52600,7.649400000000001,0
ALCE.US,D,20230907,000000,52650,52650,52650,52650,19.9134,0
ALCE.US,D,20230911,000000,52650,52650,52650,52650,5.0076,0
ALCE.US,D,20230912,000000,52700,52700,52700,52700,0.07980000000000001,0
ALCE.US,D,20230913,000000,52750,52750,52750,52750,0.035,0
ALCE.US,D,20230914,000000,52700,52700,52700,52700,0.022400000000000003,0
ALCE.US,D,20230915,000000,52700,52750,52700,52750,1.3608000000000002,0
ALCE.US,D,20230920,000000,52750,52750,52750,52750,0.0204,0
ALCE.US,D,20230921,000000,52800,52800,52800,52800,0.3422,0
ALCE.US,D,20230927,000000,52850,52850,52850,52850,0.0414,0
ALCE.US,D,20230929,000000,52900,52900,52900,52900,0.0248,0
ALCE.US,D,20231002,000000,52850,52850,52850,52850,0.022000000000000002,0
ALCE.US,D,20231003,000000,52900,52900,52900,52900,0.023,0
ALCE.US,D,20231004,000000,52900,52900,52900,52900,0.0414,0
ALCE.US,D,20231005,000000,52900,52900,52900,52900,0.0232,0
ALCE.US,D,20231006,000000,52900,52900,52900,52900,0.022799999999999997,0
ALCE.US,D,20231009,000000,53000,53000,53000,53000,1.102,0
ALCE.US,D,20231010,000000,52950,52950,52950,52950,0.063,0
ALCE.US,D,20231011,000000,52950,52950,52950,52950,0.0426,0
ALCE.US,D,20231013,000000,53050,53050,53050,53050,0.0512,0
ALCE.US,D,20231018,000000,53150,53150,53050,53050,0.0582,0
ALCE.US,D,20231020,000000,53050,53050,53050,53050,0.0346,0
ALCE.US,D,20231025,000000,53025,53025,53025,53025,200.02040000000002,0
ALCE.US,D,20231026,000000,53050,53050,53050,53050,0.0234,0
ALCE.US,D,20231102,000000,53000,53000,53000,53000,0.552,0
ALCE.US,D,20231106,000000,53150,53150,53150,53150,0.0446,0
ALCE.US,D,20231107,000000,53000,53000,53000,53000,0.5264,0
ALCE.US,D,20231108,000000,53150,53250,53100,53150,184.67919999999998,0
ALCE.US,D,20231110,000000,53150,53150,53150,53150,40.001799999999996,0
ALCE.US,D,20231113,000000,53100,53100,53100,53100,0.2444,0
ALCE.US,D,20231114,000000,53200,53200,53200,53200,34.321799999999996,0
ALCE.US,D,20231115,000000,53250,53300,53200,53200,46.3476,0
ALCE.US,D,20231116,000000,53250,53250,53200,53200,5.794600000000001,0
ALCE.US,D,20231117,000000,53250,53300,53200,53250,13.093,0
ALCE.US,D,20231120,000000,53200,53350,53200,53200,99.5432,0
ALCE.US,D,20231121,000000,53200,54450,53200,54450,90.5356,0
ALCE.US,D,20231124,000000,53150,53237,53150,53150.4,0.0622,0
ALCE.US,D,20231127,000000,53150,53300,53150,53250.4,0.40140000000000003,0
ALCE.US,D,20231128,000000,52600,53060,52600,53060,0.26780000000000004,0
ALCE.US,D,20231129,000000,49750,49750,44750,47550,2.1662,0
ALCE.US,D,20231130,000000,47300,48525,47300,48525,0.09,0
ALCE.US,D,20231201,000000,48550,48550,48550,48550,0.0998,0
ALCE.US,D,20231204,000000,48500,48500,31450,34400,9.932,0
ALCE.US,D,20231205,000000,32850,37500,30250,31750,98.9832,0
ALCE.US,D,20231206,000000,40050,40200,32500,35000,241.62419999999997,0
ALCE.US,D,20231207,000000,30000,30350,24000,24900,27.9126,0
ALCE.US,D,20231208,000000,25750,27350,22700.4,25550,31.724400000000003,0
ALCE.US,D,20231211,000000,24300,24300,22700,23750,5.7298,0
ALCE.US,D,20231212,000000,25920,37950,25920,29000,140.3108,0
ALCE.US,D,20231213,000000,26150,28600.4,25800,27550,5.6326,0
ALCE.US,D,20231214,000000,27562.4,28900,26950,27900,3.4280000000000004,0
ALCE.US,D,20231215,000000,27450,28950,25000,28000,7.1462,0
ALCE.US,D,20231218,000000,25400,28450,25400,27400,4.2266,0
ALCE.US,D,20231219,000000,29900,31000,27300,30050,7.9008,0
ALCE.US,D,20231220,000000,29300,32550,28510,29950,58.561800000000005,0
ALCE.US,D,20231221,000000,29300,32250,28300,28500,5.6546,0
ALCE.US,D,20231222,000000,27950,28150,23889,25000,33.5158,0
ALCE.US,D,20231226,000000,11500,12550,8400,10500,250.86,0
ALCE.US,D,20231227,000000,10050,10050,8400,8900,102.48,0
ALCE.US,D,20231228,000000,8000,8849.5,7250,7500,108.62,0
ALCE.US,D,20231229,000000,7000,7700,7000,7500,45.06,0
ALCE.US,D,20240102,000000,7400,7475,6750,7000,47.92,0
ALCE.US,D,20240103,000000,6850,7149.5,6400,6950,27.46,0
ALCE.US,D,20240104,000000,6950,6950,6250,6550,40.4,0
ALCE.US,D,20240105,000000,6600,6900,6150,6350,45.6,0
ALCE.US,D,20240108,000000,6150,6750,6150,6450,55.370000000000005,0
ALCE.US,D,20240109,000000,6700,7050,6100,6600,515.539,0
ALCE.US,D,20240110,000000,6250,6450,6000,6300,37.2996,0
ALCE.US,D,20240111,000000,6350,6350,6100,6150,23.351,0
ALCE.US,D,20240112,000000,6250,6250,6050,6172,15.107000000000001,0
ALCE.US,D,20240116,000000,6100,6150,5800,6150,17.138,0
ALCE.US,D,20240117,000000,5950,6050,5504.5,5825,26.176,0
ALCE.US,D,20240118,000000,5650,5900,5650,5750,14.896199999999999,0
ALCE.US,D,20240119,000000,5725,5750,5050,5150,30.112600000000004,0
ALCE.US,D,20240122,000000,5250,5325,5000,5100,12.657200000000001,0
ALCE.US,D,20240123,000000,5050,5200,4850,5050,13.1486,0
ALCE.US,D,20240124,000000,4978,5100,4905,4907.5,14.16,0
ALCE.US,D,20240125,000000,4950,5142.5,4900,4950,8.272400000000001,0
ALCE.US,D,20240126,000000,4950,5100,4950,5100,9.999,0
ALCE.US,D,20240129,000000,5150,5150,4950,5100,6.202000000000001,0
ALCE.US,D,20240130,000000,5350,5350,4900,5100,7.5336,0
ALCE.US,D,20240131,000000,4952,5277,4952,5150,10.4444,0
ALCE.US,D,20240201,000000,5300,5300,4900,5050,6.037999999999999,0
ALCE.US,D,20240202,000000,5050,5050,4874.5,4901,14.4618,0
ALCE.US,D,20240205,000000,4950,5183.5,4811,4855,8.3776,0
ALCE.US,D,20240206,000000,4749.74,4862.5,4600,4750,10.579600000000001,0
ALCE.US,D,20240207,000000,4700,4850,4700,4750.5,3.507,0
ALCE.US,D,20240208,000000,4700,4858,4699.5,4858,7.445,0
ALCE.US,D,20240209,000000,4850,4900,4700,4897,2.9168000000000003,0
ALCE.US,D,20240212,000000,4950,4950,4346,4425,16.6228,0
ALCE.US,D,20240213,000000,4500,4784.96,4300,4365,11.788800000000002,0
ALCE.US,D,20240214,000000,4370,4500,3575.5,3749.5,41.9398,0
ALCE.US,D,20240215,000000,3500,3700,3005,3100,52.0648,0
ALCE.US,D,20240216,000000,3090.5,3188,2860.5,3000,27.8808,0
ALCE.US,D,20240220,000000,3096,3096,2413.5,2500,78.7194,0
ALCE.US,D,20240221,000000,2500,2527,1600,1715.5,414.4008,0
ALCE.US,D,20240222,000000,1735,1747,1450,1500,168.15099999999998,0
ALCE.US,D,20240223,000000,1596,2247.5,1530,2155,502.5966,0
ALCE.US,D,20240226,000000,2100,2245,1970,2122,189.618,0
ALCE.US,D,20240227,000000,2122.5,2122.5,1750,1750.5,120.1134,0
ALCE.US,D,20240228,000000,1755.5,2099,1563,1775,78.624,0
ALCE.US,D,20240229,000000,1800,1800,1650,1725,46.116800000000005,0
ALCE.US,D,20240301,000000,1802.5,1925,1800,1899,53.900200000000005,0
ALCE.US,D,20240304,000000,1900,1925,1800.5,1845,70.253,0
ALCE.US,D,20240305,000000,1939.5,2149.5,1800,2075,139.4874,0
ALCE.US,D,20240306,000000,2015,2244.5,2015,2235,51.470200000000006,0
ALCE.US,D,20240307,000000,2060,2235,2050,2050,14.0166,0
ALCE.US,D,20240308,000000,2085,2225,2012.5,2100,43.5916,0
ALCE.US,D,20240311,000000,2175,2247.5,2052,2165,111.5476,0
ALCE.US,D,20240312,000000,2410,3916.5,2266.5,2406,3704.3114,0
ALCE.US,D,20240313,000000,2450,2679,2255.5,2380,307.981,0
ALCE.US,D,20240314,000000,2250,2513,2000.5,2335,185.696,0
ALCE.US,D,20240315,000000,2250,3000,2250,2920,225.71200000000002,0
ALCE.US,D,20240318,000000,3050,3050,2399.5,2455,57.426,0
ALCE.US,D,20240319,000000,2375,2800,2200,2591,46.673,0
ALCE.US,D,20240320,000000,2589,2615,2399.5,2423.5,13.6358,0
ALCE.US,D,20240321,000000,2445,2550,2207,2352.5,32.611399999999996,0
ALCE.US,D,20240322,000000,2392,2446.5,2200.5,2200.5,21.4104,0
ALCE.US,D,20240325,000000,2235,2390,1900,2025,34.181,0
ALCE.US,D,20240326,000000,2030,2100,1939.5,2093.5,14.956199999999999,0
ALCE.US,D,20240327,000000,2030,2100,1959.5,2047.5,25.5986,0
ALCE.US,D,20240328,000000,2005,2172.5,2005,2140,21.89,0
ALCE.US,D,20240401,000000,2090,2245,2089,2090,25.4098,0
ALCE.US,D,20240402,000000,2027.5,2200,2027.5,2130,5.8782000000000005,0
ALCE.US,D,20240403,000000,2030,2186.12,2030,2118,21.8642,0
ALCE.US,D,20240404,000000,2300,2594.5,2225,2300,116.4248,0
ALCE.US,D,20240405,000000,2250,2380,2200,2275,18.203599999999998,0
ALCE.US,D,20240408,000000,2115.5,2220,2050,2057.5,18.353800000000003,0
ALCE.US,D,20240409,000000,2058,2199,2058,2184.5,5.3118,0
ALCE.US,D,20240410,000000,2057.5,2144,1962.5,2002.5,39.501,0
ALCE.US,D,20240411,000000,2000,2000,1900,1970,15.8902,0
ALCE.US,D,20240412,000000,2050,2165.5,1900,2015,7.9328,0
ALCE.US,D,20240415,000000,1900,2087.5,1900,2010.5,9.167,0
ALCE.US,D,20240416,000000,2001.5,2005.5,1800,1987.5,26.671599999999998,0
ALCE.US,D,20240417,000000,1928,2062.5,1803,1810,6.3352,0
ALCE.US,D,20240418,000000,1900,1900,1718.5,1755,7.3254,0
ALCE.US,D,20240419,000000,1750,1750,1650,1650,7.3274,0
ALCE.US,D,20240422,000000,1650,1695,1510,1660,10.8812,0
ALCE.US,D,20240423,000000,1630,1694.5,1555,1690,4.0306,0
ALCE.US,D,20240424,000000,1580,1700,1560,1584,8.4678,0
ALCE.US,D,20240425,000000,1700,1700,1572,1650,2.2332,0
ALCE.US,D,20240426,000000,1732.5,1750,1700.5,1721.5,3.9377999999999997,0
ALCE.US,D,20240429,000000,1718.5,1783,1700.5,1725,6.016,0
ALCE.US,D,20240430,000000,1695.5,1750,1695,1702.5,3.3424,0
ALCE.US,D,20240501,000000,1900,2000.5,1550.5,1924,966.1469999999999,0
ALCE.US,D,20240502,000000,1801.5,1925,1750,1812.5,32.1248,0
ALCE.US,D,20240503,000000,1855.5,1899.5,1659.75,1720,14.7762,0
ALCE.US,D,20240506,000000,1670,1836,1560,1654,19.2554,0
ALCE.US,D,20240507,000000,1715,1788.5,1602,1603.5,14.6218,0
ALCE.US,D,20240508,000000,1683.5,1760,1600.5,1749.5,4.8812,0
ALCE.US,D,20240509,000000,1749,1837.5,1615.5,1777.5,17.8254,0
ALCE.US,D,20240510,000000,1721.5,1806,1665,1685.5,5.545599999999999,0
ALCE.US,D,20240513,000000,1685,1839,1685,1792.5,11.852400000000001,0
ALCE.US,D,20240514,000000,1835,1850,1678,1678,11.5342,0
ALCE.US,D,20240515,000000,1762,1822.5,1683,1770,6.4796000000000005,0
ALCE.US,D,20240516,000000,1768,1824.5,1704,1713,9.5464,0
ALCE.US,D,20240517,000000,1700,1770,1666.5,1666.5,30.4004,0
ALCE.US,D,20240520,000000,1664,1680,1600,1600,12.013599999999999,0
ALCE.US,D,20240521,000000,1645,1770,1615,1702.5,8.1264,0
ALCE.US,D,20240522,000000,1700.5,2491,1700,1825,165.6956,0
ALCE.US,D,20240523,000000,1834,1953,1715,1928.5,74.7538,0
ALCE.US,D,20240524,000000,1942.5,2100.5,1850,2059.5,28.6578,0
ALCE.US,D,20240528,000000,2044.5,2312.5,1999.5,2223.5,61.888000000000005,0
ALCE.US,D,20240529,000000,2230,2230,1924.5,1982.5,16.8532,0
ALCE.US,D,20240530,000000,1982,2210,1832,1930,6.6242,0
ALCE.US,D,20240531,000000,2015,2200,1883,2149.5,32.964600000000004,0
ALCE.US,D,20240603,000000,2085,2198,1927.5,1950,16.279,0
ALCE.US,D,20240604,000000,1905,2049.5,1700,1799,28.933400000000002,0
ALCE.US,D,20240605,000000,1765,1809,1517.5,1699.5,46.0176,0
ALCE.US,D,20240606,000000,1648.5,1700,1600,1660.5,36.0144,0
ALCE.US,D,20240607,000000,1694,1800,1652.5,1754,15.813,0
ALCE.US,D,20240610,000000,1754.5,1899.5,1700,1740,18.673,0
ALCE.US,D,20240611,000000,1755,1816.5,1710,1765,1.8802,0
ALCE.US,D,20240612,000000,1735,1890,1705,1775.5,13.165999999999999,0
ALCE.US,D,20240613,000000,1838,1850,1750,1802,3.9424,0
ALCE.US,D,20240614,000000,1822.5,1900,1804.5,1894,5.1178,0
ALCE.US,D,20240617,000000,1835,1926,1835,1900.5,23.2056,0
ALCE.US,D,20240618,000000,1900,1926,1822.5,1879,15.9224,0
ALCE.US,D,20240620,000000,1880,1914,1800,1875,13.9318,0
ALCE.US,D,20240621,000000,1925,1925.5,1870.5,1900.5,2.7562,0
ALCE.US,D,20240624,000000,1900.5,1947.5,1880,1945,8.4876,0
ALCE.US,D,20240625,000000,1925.5,2000,1905.5,1954,16.4004,0
ALCE.US,D,20240626,000000,2010,2016.5,1915,1980,15.9004,0
ALCE.US,D,20240627,000000,1984,1984,1754,1850,12.238399999999999,0
ALCE.US,D,20240628,000000,1900,1947,1825.5,1835,5.1804,0
ALCE.US,D,20240701,000000,1834,1876,1800,1873.41,2.4448,0
ALCE.US,D,20240702,000000,1851.5,1883,1720,1755,9.6336,0
ALCE.US,D,20240703,000000,1754.5,1946.5,1684.5,1809.5,8.1462,0
ALCE.US,D,20240705,000000,1809,1988,1785,1850,42.4724,0
ALCE.US,D,20240708,000000,1850,1935,1800,1839.5,4.1518,0
ALCE.US,D,20240709,000000,1737.5,1947.5,1737.5,1815.5,10.0396,0
ALCE.US,D,20240710,000000,1900,2078.5,1804.5,1949,40.0344,0
ALCE.US,D,20240711,000000,1950,2000,1910,1996.5,7.728,0
ALCE.US,D,20240712,000000,1936,2069,1900,2000,30.441399999999998,0
ALCE.US,D,20240715,000000,1999.5,1999.5,1891.5,1891.5,9.4746,0
ALCE.US,D,20240716,000000,1889,1929,1655,1820,24.693,0
ALCE.US,D,20240717,000000,1819.5,1911,1704,1763,30.0764,0
ALCE.US,D,20240718,000000,1825,1867.5,1725,1776,9.0374,0
ALCE.US,D,20240719,000000,1938.5,1946,1555.5,1745,22.935,0
ALCE.US,D,20240722,000000,1760,1760,1685,1747.75,2.68,0
ALCE.US,D,20240723,000000,1747,1750,1615,1708.5,15.789000000000001,0
ALCE.US,D,20240724,000000,1590,1646.95,1430,1430,95.17020000000001,0
ALCE.US,D,20240725,000000,1458,1507.5,1375,1485,11.6494,0
ALCE.US,D,20240726,000000,1453.5,1515,1406,1495,10.1568,0
ALCE.US,D,20240729,000000,1494.5,1534,1355.5,1532,9.118400000000001,0
ALCE.US,D,20240730,000000,1530,1530,1450,1520,2.7060000000000004,0
ALCE.US,D,20240731,000000,1496.2,1559,1425,1500,8.827200000000001,0
ALCE.US,D,20240801,000000,1435,1500,1353.5,1500,7.340599999999999,0
ALCE.US,D,20240802,000000,1490,1490,1253.5,1301,28.221999999999998,0
ALCE.US,D,20240805,000000,1264,1264,1074.5,1197,27.882800000000003,0
ALCE.US,D,20240806,000000,1244,1244,1150,1244,3.4342,0
ALCE.US,D,20240807,000000,1293.5,1293.5,905.5,1106.25,18.0026,0
ALCE.US,D,20240808,000000,1115,1150,1057.5,1130,11.93,0
ALCE.US,D,20240809,000000,1175,1175,1130,1172.5,4.6132,0
ALCE.US,D,20240812,000000,1200,1210,1105,1138.5,8.785,0
ALCE.US,D,20240813,000000,1137.5,1172,1103,1146,59.891400000000004,0
ALCE.US,D,20240814,000000,1131,1149.5,1061,1061,15.716600000000001,0
ALCE.US,D,20240815,000000,1069.5,1103,1005,1055,7.4808,0
ALCE.US,D,20240816,000000,1097,1097,1081.5,1095.5,4.4896,0
ALCE.US,D,20240819,000000,1100,1350,1068,1290,63.429399999999994,0
ALCE.US,D,20240820,000000,1336.5,1350,1135,1258.5,20.1028,0
ALCE.US,D,20240821,000000,1250,1258.5,1070.4,1137.5,26.376,0
ALCE.US,D,20240822,000000,1110,1316,1110,1190,15.0526,0
ALCE.US,D,20240823,000000,1305,2021,1087.5,1150.5,743.7216000000001,0
ALCE.US,D,20240826,000000,1167,1247,1101.5,1200,76.1148,0
ALCE.US,D,20240827,000000,1164,1330.5,1151,1250,65.4918,0
ALCE.US,D,20240828,000000,1214,1299.5,1096.74,1200,184.8876,0
ALCE.US,D,20240829,000000,1170,1300,1118.5,1188.5,162.93040000000002,0
ALCE.US,D,20240830,000000,1193,1236,1124,1128,11.833800000000002,0
ALCE.US,D,20240903,000000,1140,1164.5,1048,1078,23.813000000000002,0
ALCE.US,D,20240904,000000,1050.5,1074.5,1015,1042,15.999400000000001,0
ALCE.US,D,20240905,000000,1042,1045,956.5,1045,24.766199999999998,0
ALCE.US,D,20240906,000000,1015,1050,975,1005,6.6766,0
ALCE.US,D,20240909,000000,1012,1036,958.5,1015,6.0324,0
ALCE.US,D,20240910,000000,980,999,975,984,10.0612,0
ALCE.US,D,20240911,000000,957.5,1004.5,940,949.5,34.997800000000005,0
ALCE.US,D,20240912,000000,987.5,1000,950.5,955,6.5434,0
ALCE.US,D,20240913,000000,997.5,1050,955,956,14.437000000000001,0
ALCE.US,D,20240916,000000,990,1020.5,929,935,13.281199999999998,0
ALCE.US,D,20240917,000000,955,1000,909,925,9.7464,0
ALCE.US,D,20240918,000000,925,970,906,906,12.6886,0
ALCE.US,D,20240919,000000,915,997.5,886.5,890,12.0188,0
ALCE.US,D,20240920,000000,945,992,852.5,852.5,26.3652,0
ALCE.US,D,20240923,000000,850,850,757.5,778,29.1768,0
ALCE.US,D,20240924,000000,810,835,777,788.5,15.6628,0
ALCE.US,D,20240925,000000,817,819.994,760.5,809.5,7.1842,0
ALCE.US,D,20240926,000000,787,822.5,767,815,11.618,0
ALCE.US,D,20240927,000000,800,837.5,760.5,798.5,9.706000000000001,0
ALCE.US,D,20240930,000000,811,999,811,850,74.867,0
ALCE.US,D,20241001,000000,895,895,811,850,24.854400000000002,0
ALCE.US,D,20241002,000000,850.5,892.5,805,815,12.4326,0
ALCE.US,D,20241003,000000,805,825,775,800,29.4752,0
ALCE.US,D,20241004,000000,787.5,787.5,710,750,37.0778,0
ALCE.US,D,20241007,000000,745,749.5,733.5,749.5,10.613199999999999,0
ALCE.US,D,20241008,000000,1550,1600,720.5,720.5,26599.150800000003,0
ALCE.US,D,20241009,000000,545.5,545.5,440,539,2525.9806,0
ALCE.US,D,20241010,000000,495,528.496,433.5,433.5,816.9184,0
ALCE.US,D,20241011,000000,458,638,458,528,6343.57,0
ALCE.US,D,20241014,000000,520,520,459.96,486,2265.175,0
ALCE.US,D,20241015,000000,508,590.54,462,506,1883.06,0
ALCE.US,D,20241016,000000,494,506,428.02,476,2419.315,0
ALCE.US,D,20241017,000000,502,618,484.02,526,4589.935,0
ALCE.US,D,20241018,000000,502,560.56,494,522,1607.6100000000001,0
ALCE.US,D,20241021,000000,520,554,496,522,885.775,0
ALCE.US,D,20241022,000000,512,524.66,486,500,376.835,0
ALCE.US,D,20241023,000000,482,580,460,550,1996.26,0
ALCE.US,D,20241024,000000,536,550.56,494,514,908.63,0
ALCE.US,D,20241025,000000,511,546.76,452,524,1290.835,0
ALCE.US,D,20241028,000000,520,536,486,506,1182.97,0
ALCE.US,D,20241029,000000,506,508.22,480,492,179.58,0
ALCE.US,D,20241030,000000,496,566,482.28,545,1002.975,0
ALCE.US,D,20241031,000000,529,529,474,484,432.27,0
ALCE.US,D,20241101,000000,495,503.98,470,483.184,181.965,0
ALCE.US,D,20241104,000000,508,511.86,458,478,255.69,0
ALCE.US,D,20241105,000000,478,568.7,470,476,2015.5,0
ALCE.US,D,20241106,000000,466,470.14,422,438,859.71,0
ALCE.US,D,20241107,000000,454,454,390,416,291.285,0
ALCE.US,D,20241108,000000,428,447.98,380,404,2727.285,0
ALCE.US,D,20241111,000000,398,400,362,396,619.5,0
ALCE.US,D,20241112,000000,380,380,341,358,526.605,0
ALCE.US,D,20241113,000000,354,376,344,348,397.065,0
ALCE.US,D,20241114,000000,334,440,334,350,3133.57,0
ALCE.US,D,20241115,000000,350,371.94,326,349.98,1427.17,0
ALCE.US,D,20241118,000000,347,347,310,316,273.765,0
ALCE.US,D,20241119,000000,334,344,262,302,56401.25,0
ALCE.US,D,20241120,000000,276,300,272.08,276,1230.2450000000001,0
ALCE.US,D,20241121,000000,268,288,232,286,915.8050000000001,0
ALCE.US,D,20241122,000000,278,320,260,272,1313.9950000000001,0
ALCE.US,D,20241125,000000,244,270,240,252,1637.255,0
ALCE.US,D,20241126,000000,268,268,252,260,467.725,0
ALCE.US,D,20241127,000000,254,260.84,244,248.02,325.59000000000003,0
ALCE.US,D,20241129,000000,248.8,259.8,246,250,154.56,0
ALCE.US,D,20241202,000000,244,258,232.02,236,293.375,0
ALCE.US,D,20241203,000000,240,252,236,240,391.11,0
ALCE.US,D,20241204,000000,236,236,212.02,212.02,396.72,0
ALCE.US,D,20241205,000000,208,210.16,196.002,198.46,332.365,0
ALCE.US,D,20241206,000000,199.6,208,198.4,200,137.4,0
ALCE.US,D,20241209,000000,199.98,218,199.98,218,253.535,0
ALCE.US,D,20241210,000000,214,246,205.94,230,739.48,0
ALCE.US,D,20241211,000000,238,238,226,230,223.83,0
ALCE.US,D,20241212,000000,230,230,191.14,198.02,963.4250000000001,0
ALCE.US,D,20241213,000000,194,195.76,156.4,170.3,451.915,0
ALCE.US,D,20241216,000000,172,174,148,154.3,453.355,0
ALCE.US,D,20241217,000000,154.4,167.8,148,160,369.37,0
ALCE.US,D,20241218,000000,160,168.8,152.54,160.02,203.79500000000002,0
ALCE.US,D,20241219,000000,158,166,150,150,179.92000000000002,0
ALCE.US,D,20241220,000000,156,169.5,153,167.8,638.875,0
ALCE.US,D,20241223,000000,170,170.6,164,164.54,212.975,0
ALCE.US,D,20241224,000000,164.54,176.4,162,170.86,305.745,0
ALCE.US,D,20241226,000000,174.4,186.98,164.98,179.8,614.995,0
ALCE.US,D,20241227,000000,182,188.88,168.02,179.6,304.15500000000003,0
ALCE.US,D,20241230,000000,180,184.4,170.02,184,336.875,0
ALCE.US,D,20241231,000000,186,195.54,150.24,157.16,1066.53,0
ALCE.US,D,20250102,000000,238,304,164,199.96,195667.185,0
ALCE.US,D,20250103,000000,176,194,156,188,8599.61,0
ALCE.US,D,20250106,000000,175.4,183.36,116,140.14,7295.495,0
ALCE.US,D,20250107,000000,138,154,130.56,151.38,4341.615,0
ALCE.US,D,20250108,000000,144,151.38,126.6,130.02,46113.625,0
ALCE.US,D,20250110,000000,129.36,131.88,118,128.4,5492.54,0
ALCE.US,D,20250113,000000,117.76,122.74,106.1,115.98,2762.09,0
ALCE.US,D,20250114,000000,110.2,113.4,104,104.8,1298.3,0
ALCE.US,D,20250115,000000,104.6,108.2,100.22,106,3601.0550000000003,0
ALCE.US,D,20250116,000000,102,109.8,102,106.4,1389.575,0
ALCE.US,D,20250117,000000,109.4,109.4,102,105.36,1566.825,0
ALCE.US,D,20250121,000000,105.68,107.02,96.6868,97.18,1309.07,0
ALCE.US,D,20250122,000000,95,97.38,72.76,81.78,5123.875,0
ALCE.US,D,20250123,000000,80.2,82,73.64,73.8,2504.61,0
ALCE.US,D,20250124,000000,74.2,91.94,74,83.42,5018.57,0
ALCE.US,D,20250127,000000,79,80.958,74,76.04,1225.075,0
ALCE.US,D,20250128,000000,74,78,72.32,74.4,705.615,0
ALCE.US,D,20250129,000000,72.6,74.1498,67.36,70.18,843.395,0
ALCE.US,D,20250130,000000,70.02,72.4,60.08,67.8,1726.17,0
ALCE.US,D,20250131,000000,65.76,70.18,64,65.28,801.83,0
ALCE.US,D,20250203,000000,62.98,64.1798,56.18,60.42,1203.88,0
ALCE.US,D,20250204,000000,59.5,61,55.02,59.4,971.985,0
ALCE.US,D,20250205,000000,58,58.56,48.6,49.98,2747.57,0
ALCE.US,D,20250206,000000,52,63.4998,50.4,59.8,5985.465,0
ALCE.US,D,20250207,000000,60,62.72,55.85,57.9,1846.835,0
ALCE.US,D,20250210,000000,56.6,59.58,54.3,56.96,814.265,0
ALCE.US,D,20250211,000000,56.44,59,44.01,45.2,8357.115,0
