<TICKER>,<PER>,<DATE>,<TIME>,<OPEN>,<HIGH>,<LOW>,<CLOSE>,<VOL>,<OPENINT>
AVXX.US,D,20251024,000000,20.43,21.69,20.375,21.5928,15687,0
AVXX.US,D,20251027,000000,23.51,23.65,21.43,21.7488,15863,0
AVXX.US,D,20251028,000000,22.55,24.5815,21.6382,21.705,20325,0
AVXX.US,D,20251029,000000,21.93,23.34,21.645,21.7648,45315,0
AVXX.US,D,20251030,000000,20.815,20.99,19.84,20.0566,7854,0
AVXX.US,D,20251031,000000,20.8,20.83,19.43,20.4537,3579,0
AVXX.US,D,20251103,000000,20.35,20.93,20.2747,20.2747,4898,0
AVXX.US,D,20251104,000000,19.16,19.9957,19.16,19.9957,2449,0
AVXX.US,D,20251105,000000,19,19.4014,18.38,19.4014,3096,0
