<TICKER>,<PER>,<DATE>,<TIME>,<OPEN>,<HIGH>,<LOW>,<CLOSE>,<VOL>,<OPENINT>
BUSEP.US,D,20250605,000000,25,25.05,24.98,25,101825,0
BUSEP.US,D,20250606,000000,25,25.0299,24.95,24.9789,51122,0
BUSEP.US,D,20250609,000000,25.0137,25.05,24.98,24.99,83825,0
BUSEP.US,D,20250610,000000,25.01,25.08,25,25.02,96632,0
BUSEP.US,D,20250611,000000,25.06,25.07,25,25.03,100910,0
BUSEP.US,D,20250612,000000,25.05,25.08,24.98,25.0299,44769,0
BUSEP.US,D,20250613,000000,25.03,25.03,24.9,25.01,74357,0
BUSEP.US,D,20250616,000000,25.01,25.01,24.95,24.95,31627,0
BUSEP.US,D,20250617,000000,25,25,24.95,24.98,51491,0
BUSEP.US,D,20250618,000000,25,25,24.97,24.97,27549,0
BUSEP.US,D,20250620,000000,25.03,25.03,25,25.02,20746,0
BUSEP.US,D,20250623,000000,25.0165,25.03,24.98,25.02,67382,0
BUSEP.US,D,20250624,000000,25.03,25.21,25.03,25.1,93782,0
BUSEP.US,D,20250625,000000,25.15,25.19,25.1,25.15,60137,0
BUSEP.US,D,20250626,000000,25.18,25.21,25.14,25.14,70377,0
BUSEP.US,D,20250627,000000,25.2,25.27,25.12,25.14,78000,0
BUSEP.US,D,20250630,000000,25.18,25.25,25.04,25.04,849456,0
BUSEP.US,D,20250701,000000,25.11,25.18,25.045,25.05,31463,0
BUSEP.US,D,20250702,000000,25.1,25.165,25.06,25.08,111625,0
BUSEP.US,D,20250703,000000,25.15,25.1999,25.11,25.18,4289,0
BUSEP.US,D,20250707,000000,25.11,25.19,25.05,25.14,30065,0
BUSEP.US,D,20250708,000000,25.15,25.15,25.06,25.12,98426,0
BUSEP.US,D,20250709,000000,25.2,25.29,25.18,25.245,89569,0
BUSEP.US,D,20250710,000000,25.27,25.35,25.24,25.3,62654,0
BUSEP.US,D,20250711,000000,25.3,25.355,25.27,25.29,23037,0
BUSEP.US,D,20250714,000000,25.3,25.35,25.25,25.33,50040,0
BUSEP.US,D,20250715,000000,25.34,25.41,25.3,25.35,82624,0
BUSEP.US,D,20250716,000000,26.13,26.13,25.3,25.375,110408,0
BUSEP.US,D,20250717,000000,25.4,25.5,25.4,25.48,35287,0
BUSEP.US,D,20250718,000000,25.6099,25.61,25.37,25.37,52378,0
BUSEP.US,D,20250721,000000,25.43,25.47,25.37,25.46,37207,0
BUSEP.US,D,20250722,000000,25.5,25.6,25.38,25.41,25167,0
BUSEP.US,D,20250723,000000,25.41,25.5,25.33,25.36,32891,0
BUSEP.US,D,20250724,000000,25.36,25.4,25.32,25.35,44935,0
BUSEP.US,D,20250725,000000,25.34,25.405,25.34,25.375,17356,0
BUSEP.US,D,20250728,000000,25.35,25.4,25.2,25.27,99011,0
BUSEP.US,D,20250729,000000,25.27,25.42,25.25,25.36,29385,0
BUSEP.US,D,20250730,000000,25.42,25.44,25.25,25.34,25726,0
BUSEP.US,D,20250731,000000,25.4,25.4,25.3,25.3,20992,0
BUSEP.US,D,20250801,000000,25.3,25.3982,25.2,25.29,37274,0
BUSEP.US,D,20250804,000000,25.35,25.47,25.31,25.45,24727,0
BUSEP.US,D,20250805,000000,25.47,25.54,25.38,25.38,24851,0
BUSEP.US,D,20250806,000000,25.47,25.5,25.4,25.41,15709,0
BUSEP.US,D,20250807,000000,25.511,25.511,25.41,25.445,22540,0
BUSEP.US,D,20250808,000000,25.48,25.5,25.44,25.4425,10852,0
BUSEP.US,D,20250811,000000,25.46,25.5287,25.4,25.4,21329,0
BUSEP.US,D,20250812,000000,25.455,25.47,25.19,25.31,40311,0
BUSEP.US,D,20250813,000000,25.39,25.47,25.37,25.46,29826,0
BUSEP.US,D,20250814,000000,25.4899,25.4899,25.28,25.4,67089,0
BUSEP.US,D,20250815,000000,25.4,25.51,25.4,25.48,40354,0
BUSEP.US,D,20250818,000000,25.03,25.22,25,25.2,72818,0
BUSEP.US,D,20250819,000000,25.15,25.29,25.15,25.24,42634,0
BUSEP.US,D,20250820,000000,25.25,25.3,25.2001,25.28,13616,0
BUSEP.US,D,20250821,000000,25.3,25.32,25.26,25.32,11304,0
BUSEP.US,D,20250822,000000,25.33,25.4108,25.33,25.39,49266,0
BUSEP.US,D,20250825,000000,25.41,25.45,25.3573,25.42,26815,0
BUSEP.US,D,20250826,000000,25.4199,25.42,25.35,25.39,19851,0
BUSEP.US,D,20250827,000000,25.42,25.42,25.35,25.41,16375,0
BUSEP.US,D,20250828,000000,25.44,25.44,25.28,25.29,41735,0
BUSEP.US,D,20250829,000000,25.28,25.36,25.15,25.16,86278,0
BUSEP.US,D,20250902,000000,25.25,25.2999,25.1906,25.2007,76100,0
BUSEP.US,D,20250903,000000,25.19,25.38,25.19,25.38,57281,0
BUSEP.US,D,20250904,000000,25.29,25.54,25.26,25.49,25077,0
BUSEP.US,D,20250905,000000,25.44,25.595,25.35,25.41,69668,0
BUSEP.US,D,20250908,000000,25.48,25.52,25.37,25.4,42692,0
BUSEP.US,D,20250909,000000,25.36,25.72,25.285,25.33,67966,0
BUSEP.US,D,20250910,000000,25.34,25.47,25.31,25.34,45756,0
BUSEP.US,D,20250911,000000,25.36,25.51,25.36,25.47,43187,0
BUSEP.US,D,20250912,000000,25.4,25.54,25.36,25.36,23884,0
BUSEP.US,D,20250915,000000,25.4783,25.5377,25.365,25.43,18977,0
BUSEP.US,D,20250916,000000,25.45,25.55,25.45,25.48,47261,0
BUSEP.US,D,20250917,000000,25.5499,25.55,25.4,25.41,25382,0
BUSEP.US,D,20250918,000000,25.5,25.5399,25.4,25.51,40133,0
BUSEP.US,D,20250919,000000,25.5,25.53,25.47,25.47,24777,0
BUSEP.US,D,20250922,000000,25.4152,25.5299,25.4152,25.5,7142,0
BUSEP.US,D,20250923,000000,25.5054,25.53,25.45,25.51,19967,0
BUSEP.US,D,20250924,000000,25.52,25.53,25.51,25.515,8039,0
BUSEP.US,D,20250925,000000,25.52,25.5472,25.5,25.5,15114,0
BUSEP.US,D,20250926,000000,25.53,25.53,25.5,25.5,10975,0
BUSEP.US,D,20250929,000000,25.53,25.54,25.51,25.53,14545,0
BUSEP.US,D,20250930,000000,25.54,25.5799,25.5,25.55,47912,0
BUSEP.US,D,20251001,000000,25.5079,25.5999,25.5,25.58,36376,0
BUSEP.US,D,20251002,000000,25.57,25.65,25.549,25.58,9665,0
BUSEP.US,D,20251003,000000,25.59,25.6199,25.59,25.61,7815,0
BUSEP.US,D,20251006,000000,25.6699,25.6699,25.6,25.61,11578,0
BUSEP.US,D,20251007,000000,25.64,25.6699,25.6,25.66,21258,0
BUSEP.US,D,20251008,000000,25.57,25.7399,25.56,25.73,61295,0
BUSEP.US,D,20251009,000000,25.7281,25.7281,25.6,25.65,10774,0
BUSEP.US,D,20251010,000000,25.6144,25.68,25.59,25.61,10335,0
BUSEP.US,D,20251013,000000,25.72,25.72,25.66,25.71,4934,0
BUSEP.US,D,20251014,000000,25.69,25.7299,25.65,25.689,18245,0
BUSEP.US,D,20251015,000000,25.7501,25.7501,25.65,25.73,33680,0
BUSEP.US,D,20251016,000000,25.76,25.79,25.55,25.62,19889,0
BUSEP.US,D,20251017,000000,25.7,25.76,25.55,25.68,18685,0
BUSEP.US,D,20251020,000000,25.7846,25.85,25.7007,25.79,16407,0
BUSEP.US,D,20251021,000000,25.83,25.84,25.66,25.79,15744,0
BUSEP.US,D,20251022,000000,25.7931,25.8,25.69,25.69,20430,0
BUSEP.US,D,20251023,000000,25.7286,25.7299,25.56,25.63,8754,0
BUSEP.US,D,20251024,000000,25.65,25.7,25.58,25.6,40866,0
BUSEP.US,D,20251027,000000,25.665,25.75,25.65,25.7,7028,0
BUSEP.US,D,20251028,000000,25.65,25.69,25.61,25.6801,4185,0
BUSEP.US,D,20251029,000000,25.75,25.7799,25.6496,25.68,33099,0
BUSEP.US,D,20251030,000000,25.69,25.698,25.63,25.63,14237,0
BUSEP.US,D,20251031,000000,25.65,25.6999,25.5,25.65,30388,0
BUSEP.US,D,20251103,000000,25.5658,25.65,25.55,25.65,12561,0
BUSEP.US,D,20251104,000000,25.65,25.706,25.58,25.61,22090,0
BUSEP.US,D,20251105,000000,25.625,25.77,25.6,25.64,35655,0
