<TICKER>,<PER>,<DATE>,<TIME>,<OPEN>,<HIGH>,<LOW>,<CLOSE>,<VOL>,<OPENINT>
CYCU.US,D,20220412,000000,296.7,296.7,296.7,296.7,216.533,0
CYCU.US,D,20220413,000000,297.6,297.6,297.6,297.6,666.666,0
CYCU.US,D,20220414,000000,297.9,297.9,297.9,297.9,66.6666,0
CYCU.US,D,20220420,000000,297.3,297.3,297.3,297.3,132.899,0
CYCU.US,D,20220425,000000,297.3,297.3,297.3,297.3,26.5999,0
CYCU.US,D,20220426,000000,297.6,297.6,297.6,297.6,1666.93,0
CYCU.US,D,20220509,000000,297.6,297.6,297.6,297.6,166.666,0
CYCU.US,D,20220510,000000,297.3,297.3,297.3,297.3,363.333,0
CYCU.US,D,20220511,000000,297.3,297.3,297,297,5059.99,0
CYCU.US,D,20220512,000000,297,297,296.7,296.7,701.566,0
CYCU.US,D,20220513,000000,296.7,296.7,296.7,296.7,176.033,0
CYCU.US,D,20220516,000000,296.7,296.7,296.4,296.4,1840.69,0
CYCU.US,D,20220517,000000,296.238,296.4,296.238,296.4,90.0666,0
CYCU.US,D,20220518,000000,296.4,296.85,296.1,296.4,3066.76,0
CYCU.US,D,20220523,000000,296.4,296.4,296.4,296.4,475.966,0
CYCU.US,D,20220526,000000,297.75,297.75,297.6,297.6,8515.63,0
CYCU.US,D,20220531,000000,298.2,298.2,298.2,298.2,51.2666,0
CYCU.US,D,20220621,000000,297.9,297.9,297.9,297.9,3.39999,0
CYCU.US,D,20220622,000000,297,297,297,297,22.9333,0
CYCU.US,D,20220623,000000,297,297,297,297,3333.99,0
CYCU.US,D,20220624,000000,297,297,297,297,2981.63,0
CYCU.US,D,20220630,000000,298.2,298.2,298.2,298.2,8.86666,0
CYCU.US,D,20220706,000000,297.3,298.2,296.4,298.05,1373.33,0
CYCU.US,D,20220713,000000,297.6,297.6,297.6,297.6,4.49999,0
CYCU.US,D,20220715,000000,297.9,297.9,297.9,297.9,3333.49,0
CYCU.US,D,20220718,000000,297.9,298.2,297.9,297.9,5747.49,0
CYCU.US,D,20220729,000000,299.4,299.4,299.4,299.4,69.5999,0
CYCU.US,D,20220802,000000,298.8,298.8,298.8,298.8,7.16666,0
CYCU.US,D,20220823,000000,299.7,300,299.7,300,37.6666,0
CYCU.US,D,20220824,000000,298.5,298.5,298.5,298.5,26603.9,0
CYCU.US,D,20220825,000000,299.7,299.7,299.7,299.7,3.96666,0
CYCU.US,D,20220831,000000,298.2,298.8,298.2,298.5,309.566,0
CYCU.US,D,20220901,000000,298.5,298.5,298.5,298.5,188.166,0
CYCU.US,D,20220902,000000,298.5,299.1,298.5,299.1,4483.79,0
CYCU.US,D,20220906,000000,298.8,299.1,298.797,298.8,818.499,0
CYCU.US,D,20220907,000000,298.8,298.8,298.8,298.8,106.533,0
CYCU.US,D,20220908,000000,299.1,299.1,298.8,298.8,165.666,0
CYCU.US,D,20220909,000000,298.8,298.8,298.8,298.8,252.866,0
CYCU.US,D,20220912,000000,298.8,299.1,298.5,298.5,370.199,0
CYCU.US,D,20220914,000000,298.5,299.1,297.9,299.1,877.866,0
CYCU.US,D,20220915,000000,299.1,299.4,299.1,299.4,1665.93,0
CYCU.US,D,20220920,000000,298.8,298.8,298.8,298.8,3.33333,0
CYCU.US,D,20220921,000000,299.4,299.4,298.2,299.1,4888.66,0
CYCU.US,D,20220923,000000,299.4,299.4,299.4,299.4,104.099,0
CYCU.US,D,20220926,000000,298.8,298.8,298.8,298.8,8.33333,0
CYCU.US,D,20220927,000000,298.8,298.8,298.8,298.8,18.6666,0
CYCU.US,D,20221004,000000,300.6,300.6,298.8,298.8,53.2333,0
CYCU.US,D,20221007,000000,299.1,299.1,299.1,299.1,21.4999,0
CYCU.US,D,20221021,000000,299.7,299.7,299.7,299.7,15.8333,0
CYCU.US,D,20221024,000000,299.7,300,299.7,300,984.333,0
CYCU.US,D,20221025,000000,300,300.6,300,300.6,1756.83,0
CYCU.US,D,20221026,000000,302.7,303,302.7,303,49.9999,0
CYCU.US,D,20221102,000000,301.35,301.35,300.6,300.6,418.233,0
CYCU.US,D,20221103,000000,302.1,302.1,302.1,302.1,20.8333,0
CYCU.US,D,20221104,000000,302.1,302.1,302.1,302.1,7.49999,0
CYCU.US,D,20221107,000000,300.6,300.6,300.6,300.6,9.53333,0
CYCU.US,D,20221108,000000,300.6,300.6,300.6,300.6,7.56666,0
CYCU.US,D,20221109,000000,300.9,300.9,300.9,300.9,11.3666,0
CYCU.US,D,20221110,000000,301.8,301.8,301.8,301.8,28.3333,0
CYCU.US,D,20221114,000000,300.9,300.9,300.9,300.9,8.19999,0
CYCU.US,D,20221115,000000,301.8,301.8,301.8,301.8,33.3333,0
CYCU.US,D,20221117,000000,302.019,302.1,302.019,302.1,111.666,0
CYCU.US,D,20221122,000000,301.8,302.4,301.8,302.4,88.0666,0
CYCU.US,D,20221123,000000,302.25,302.25,302.25,302.25,11.2999,0
CYCU.US,D,20221128,000000,302.4,302.4,302.4,302.4,7.16666,0
CYCU.US,D,20221206,000000,302.7,302.7,302.7,302.7,4.39999,0
CYCU.US,D,20221207,000000,302.7,302.7,302.7,302.7,4.53333,0
CYCU.US,D,20221209,000000,303,303,303,303,425.799,0
CYCU.US,D,20221213,000000,304.5,304.5,304.5,304.5,3.76666,0
CYCU.US,D,20221214,000000,304.5,304.5,304.5,304.5,342.499,0
CYCU.US,D,20221219,000000,304.5,304.5,303.3,303.3,42.8999,0
CYCU.US,D,20221220,000000,303.9,303.9,303.6,303.6,22.0666,0
CYCU.US,D,20221221,000000,303.3,303.9,303.3,303.9,27.4999,0
CYCU.US,D,20221222,000000,304.2,305.1,304.2,305.1,1885.13,0
CYCU.US,D,20221228,000000,324,339,294,316.035,389.566,0
CYCU.US,D,20221229,000000,306,380.1,305.7,318,687.066,0
CYCU.US,D,20221230,000000,317.4,356.7,317.4,346.5,173.433,0
CYCU.US,D,20230103,000000,334.8,363.3,308.4,314.7,200.133,0
CYCU.US,D,20230104,000000,344.7,363,313.5,342,198.033,0
CYCU.US,D,20230105,000000,318,328.2,309,312.3,1388.96,0
CYCU.US,D,20230106,000000,318.9,326.7,313.5,313.5,195.699,0
CYCU.US,D,20230109,000000,313.8,319.05,311.4,314.1,94.8333,0
CYCU.US,D,20230110,000000,317.7,317.7,312.3,314.4,113.099,0
CYCU.US,D,20230111,000000,311.1,314.7,311.1,314.7,10009.2,0
CYCU.US,D,20230112,000000,304.8,307.86,304.8,306.3,598.333,0
CYCU.US,D,20230113,000000,306.003,306.036,306,306,40.8666,0
CYCU.US,D,20230117,000000,309,309,307.5,309,116.766,0
CYCU.US,D,20230118,000000,307.8,308.4,307.5,307.5,125.933,0
CYCU.US,D,20230119,000000,307.5,308.7,307.5,307.5,106.866,0
CYCU.US,D,20230123,000000,307.5,311.7,307.5,309.6,12.5333,0
CYCU.US,D,20230124,000000,307.503,307.503,307.503,307.503,89.5666,0
CYCU.US,D,20230125,000000,310.5,310.5,310.5,310.5,34.4999,0
CYCU.US,D,20230126,000000,310.5,310.5,310.2,310.2,79.0333,0
CYCU.US,D,20230127,000000,307.5,307.503,307.5,307.503,6.69999,0
CYCU.US,D,20230130,000000,307.5,307.5,307.5,307.5,9.86666,0
CYCU.US,D,20230206,000000,307.5,307.5,307.5,307.5,3.33333,0
CYCU.US,D,20230207,000000,307.5,309.3,307.5,308.4,234.099,0
CYCU.US,D,20230213,000000,309.3,309.3,307.5,309.3,225.066,0
CYCU.US,D,20230216,000000,307.5,308.1,307.5,307.5,49.5666,0
CYCU.US,D,20230217,000000,309,309,307.5,307.5,21.2999,0
CYCU.US,D,20230222,000000,307.5,307.5,307.5,307.5,29.4333,0
CYCU.US,D,20230224,000000,307.5,307.5,307.5,307.5,42.3333,0
CYCU.US,D,20230228,000000,307.5,307.5,307.5,307.5,8.83333,0
CYCU.US,D,20230301,000000,309,309,307.5,308.4,180.733,0
CYCU.US,D,20230302,000000,307.5,307.5,306.3,306.3,135.066,0
CYCU.US,D,20230310,000000,307.5,307.5,307.5,307.5,3.33333,0
CYCU.US,D,20230313,000000,306.3,306.3,306.3,306.3,3.33333,0
CYCU.US,D,20230314,000000,306.3,306.3,306.3,306.3,8.33333,0
CYCU.US,D,20230315,000000,306.3,306.3,306,306,146.733,0
CYCU.US,D,20230322,000000,306,306,306,306,5.16666,0
CYCU.US,D,20230329,000000,306.9,307.2,306.9,307.2,333.333,0
CYCU.US,D,20230330,000000,306.9,306.9,306.3,306.3,333.333,0
CYCU.US,D,20230403,000000,306.9,306.9,306.3,306.3,140.366,0
CYCU.US,D,20230405,000000,307.5,307.5,307.5,307.5,3.33333,0
CYCU.US,D,20230406,000000,307.5,307.5,307.5,307.5,3.33333,0
CYCU.US,D,20230411,000000,306.3,306.3,306.3,306.3,16.8333,0
CYCU.US,D,20230412,000000,307.5,307.5,306.6,307.5,68.2666,0
CYCU.US,D,20230414,000000,307.5,307.5,307.5,307.5,26.6666,0
CYCU.US,D,20230417,000000,307.5,308.1,307.2,308.1,78.0333,0
CYCU.US,D,20230418,000000,307.2,307.2,307.2,307.2,17.9666,0
CYCU.US,D,20230420,000000,309,309,308.4,308.4,20.1333,0
CYCU.US,D,20230425,000000,307.5,307.5,307.5,307.5,206.666,0
CYCU.US,D,20230426,000000,308.4,308.4,308.4,308.4,3.33333,0
CYCU.US,D,20230501,000000,309,309,309,309,3.33333,0
CYCU.US,D,20230504,000000,307.5,307.5,307.5,307.5,3.33333,0
CYCU.US,D,20230505,000000,307.5,307.5,307.2,307.2,183.433,0
CYCU.US,D,20230515,000000,307.2,307.203,307.2,307.203,21.6666,0
CYCU.US,D,20230517,000000,307.2,307.8,307.2,307.8,13.3333,0
CYCU.US,D,20230524,000000,307.8,307.8,307.8,307.8,8.33333,0
CYCU.US,D,20230530,000000,307.2,307.2,307.2,307.2,11.6666,0
CYCU.US,D,20230605,000000,307.2,307.2,307.2,307.2,7.33333,0
CYCU.US,D,20230612,000000,309,309,309,309,8.33333,0
CYCU.US,D,20230613,000000,308.1,309,308.1,308.595,119.999,0
CYCU.US,D,20230615,000000,308.676,310.5,308.235,310.5,334.166,0
CYCU.US,D,20230616,000000,313.5,313.5,313.5,313.5,3.33333,0
CYCU.US,D,20230621,000000,310.2,310.8,310.197,310.8,157.799,0
CYCU.US,D,20230622,000000,311.7,312.297,311.1,312.297,73.3333,0
CYCU.US,D,20230626,000000,312.3,312.3,312.3,312.3,97.2333,0
CYCU.US,D,20230627,000000,312.3,313.92,312.3,312.3,346.666,0
CYCU.US,D,20230628,000000,315,315,314.919,315,41.9666,0
CYCU.US,D,20230629,000000,312.6,312.9,312.3,312.3,696.499,0
CYCU.US,D,20230703,000000,312,312,312,312,400.333,0
CYCU.US,D,20230705,000000,310.2,310.5,310.2,310.5,30.2333,0
CYCU.US,D,20230706,000000,312.9,312.945,310.5,312.3,240.833,0
CYCU.US,D,20230707,000000,312.9,312.9,310.5,312.9,157.499,0
CYCU.US,D,20230710,000000,312.6,312.9,310.5,312,802.833,0
CYCU.US,D,20230711,000000,311.4,312.3,310.5,312.3,170.266,0
CYCU.US,D,20230712,000000,310.5,312,310.2,312,169.166,0
CYCU.US,D,20230713,000000,310.8,312,310.5,312,4589.23,0
CYCU.US,D,20230714,000000,382.5,476.1,342.9,370.2,70307.2,0
CYCU.US,D,20230717,000000,339.9,347.4,317.7,325.2,3516.53,0
CYCU.US,D,20230718,000000,326.1,346.2,320.4,339,1641.29,0
CYCU.US,D,20230719,000000,332.7,344.4,329.835,330.3,804.966,0
CYCU.US,D,20230720,000000,325.5,378,325.5,349.8,8388.39,0
CYCU.US,D,20230721,000000,349.8,357.3,339,342,555.533,0
CYCU.US,D,20230724,000000,343.8,351,339.3,342.3,726.766,0
CYCU.US,D,20230725,000000,344.4,358.5,339.6,342.3,2711.73,0
CYCU.US,D,20230726,000000,347.7,347.7,330.3,333.3,391.099,0
CYCU.US,D,20230727,000000,333.3,333.9,328.2,330,323.133,0
CYCU.US,D,20230728,000000,328.2,337.5,328.2,336,636.466,0
CYCU.US,D,20230731,000000,334.005,342,330,333.6,937.899,0
CYCU.US,D,20230801,000000,331.8,331.8,326.4,327.6,1124.59,0
CYCU.US,D,20230802,000000,327.3,334.2,327,328.5,409.199,0
CYCU.US,D,20230803,000000,328.65,330,327.3,327.6,118.266,0
CYCU.US,D,20230804,000000,327.3,327.801,326.25,326.4,198.433,0
CYCU.US,D,20230807,000000,326.1,327.864,324,324,233.133,0
CYCU.US,D,20230808,000000,325.2,326.7,324.6,324.9,106.233,0
CYCU.US,D,20230809,000000,324.3,326.622,324.3,326.622,43.1666,0
CYCU.US,D,20230810,000000,324,328.5,324,327.15,704.799,0
CYCU.US,D,20230811,000000,328.2,328.2,325.8,328.2,96.0333,0
CYCU.US,D,20230814,000000,325.8,326.7,324,325.2,215.899,0
CYCU.US,D,20230815,000000,325.2,325.2,324,325.197,70.4333,0
CYCU.US,D,20230816,000000,325.197,326.439,324.6,324.6,206.499,0
CYCU.US,D,20230817,000000,324.6,324.6,324,324,54.1333,0
CYCU.US,D,20230818,000000,324,325.29,324,324.75,203.366,0
CYCU.US,D,20230821,000000,325.5,333,324,328.5,815.433,0
CYCU.US,D,20230822,000000,330.27,330.27,330.27,330.27,9.86666,0
CYCU.US,D,20230823,000000,327.9,327.9,327.9,327.9,221.266,0
CYCU.US,D,20230824,000000,331.5,331.5,327,331.5,53.9333,0
CYCU.US,D,20230825,000000,327.3,327.3,327.3,327.3,9.29999,0
CYCU.US,D,20230828,000000,327.3,327.3,327.3,327.3,5.49999,0
CYCU.US,D,20230829,000000,330,330,329.7,330,44.6666,0
CYCU.US,D,20230830,000000,327,330.603,327,330.603,22.6999,0
CYCU.US,D,20230831,000000,331.5,337.2,330.3,337.2,94.9666,0
CYCU.US,D,20230901,000000,333,343.5,327,330,1427.83,0
CYCU.US,D,20230905,000000,327.6,333,327.3,333,97.2333,0
CYCU.US,D,20230906,000000,329.4,331.5,328.8,331.5,134.266,0
CYCU.US,D,20230907,000000,330,337.5,330,337.5,567.399,0
CYCU.US,D,20230908,000000,334.8,334.8,330,330,136.699,0
CYCU.US,D,20230911,000000,331.5,331.5,330,330,20.5333,0
CYCU.US,D,20230913,000000,331.497,331.5,327,331.2,369.999,0
CYCU.US,D,20230914,000000,328.5,330.9,327.411,327.9,50.8666,0
CYCU.US,D,20230915,000000,327.606,327.9,327.6,327.9,22.7666,0
CYCU.US,D,20230918,000000,330.6,340.5,330.6,331.8,673.566,0
CYCU.US,D,20230919,000000,331.8,335.613,331.8,335.613,25.7999,0
CYCU.US,D,20230920,000000,331.803,336,331.803,336,19.1333,0
CYCU.US,D,20230925,000000,331.8,331.8,330.438,330.438,67.9333,0
CYCU.US,D,20230926,000000,333.6,334.5,333.6,334.5,65.5666,0
CYCU.US,D,20230927,000000,330.6,330.6,330,330,36.8666,0
CYCU.US,D,20230928,000000,331.5,331.5,328.8,328.8,58.9999,0
CYCU.US,D,20230929,000000,331.5,331.5,331.5,331.5,10.6999,0
CYCU.US,D,20231003,000000,328.5,328.5,327.3,328.5,70.6999,0
CYCU.US,D,20231004,000000,328.2,330,327.6,330,209.566,0
CYCU.US,D,20231006,000000,329.85,329.85,328.2,328.2,40.9999,0
CYCU.US,D,20231009,000000,327.3,328.074,325.8,327.3,47.1333,0
CYCU.US,D,20231011,000000,328.5,328.5,325.5,325.5,53.2333,0
CYCU.US,D,20231012,000000,327.3,333,327.3,333,189.366,0
CYCU.US,D,20231013,000000,328.44,330,328.44,330,23.7333,0
CYCU.US,D,20231020,000000,327.9,327.9,327.9,327.9,10.0333,0
CYCU.US,D,20231024,000000,331.2,331.2,331.2,331.2,3.36666,0
CYCU.US,D,20231030,000000,331.2,331.2,327.3,329.4,16.3666,0
CYCU.US,D,20231103,000000,324.6,329.4,324.6,329.4,17.3999,0
CYCU.US,D,20231106,000000,324,331.2,324,331.2,35.7333,0
CYCU.US,D,20231108,000000,327,327,327,327,3.46666,0
CYCU.US,D,20231110,000000,324,326.7,324,324,94.0333,0
CYCU.US,D,20231114,000000,324,324,324,324,40.1333,0
CYCU.US,D,20231115,000000,324,324.003,324,324,244.066,0
CYCU.US,D,20231117,000000,324,324.003,324,324,14.0999,0
CYCU.US,D,20231120,000000,324,324,324,324,8.96666,0
CYCU.US,D,20231130,000000,323.4,326.4,315,321,143.633,0
CYCU.US,D,20231201,000000,316.5,324.6,315.9,324.6,56.7999,0
CYCU.US,D,20231205,000000,319.5,324,319.5,324,8.56666,0
CYCU.US,D,20231207,000000,322.2,322.2,321.9,321.9,10.9999,0
CYCU.US,D,20231211,000000,324.9,324.9,324.9,324.9,4.53333,0
CYCU.US,D,20231215,000000,321.003,323.7,321.003,323.7,6.86666,0
CYCU.US,D,20231218,000000,321.9,321.9,321.6,321.6,7.83333,0
CYCU.US,D,20231220,000000,322.5,322.5,321.9,322.5,126.866,0
CYCU.US,D,20231221,000000,323.58,323.58,323.58,323.58,3.56666,0
CYCU.US,D,20231226,000000,324,327,324,327,363.199,0
CYCU.US,D,20231227,000000,327,328.068,327,328.068,26.3333,0
CYCU.US,D,20231228,000000,328.5,330,328.5,328.5,123.366,0
CYCU.US,D,20231229,000000,327.948,328.5,325.8,325.8,103.999,0
CYCU.US,D,20240102,000000,326.268,326.268,326.268,326.268,3.49999,0
CYCU.US,D,20240103,000000,324,325.2,324,325.2,76.8666,0
CYCU.US,D,20240104,000000,325.8,325.8,325.8,325.8,20.0333,0
CYCU.US,D,20240105,000000,326.4,326.7,326.1,326.7,19.7666,0
CYCU.US,D,20240109,000000,322.539,322.8,322.5,322.8,72.5333,0
CYCU.US,D,20240110,000000,323.1,323.1,322.5,322.5,65.8666,0
CYCU.US,D,20240111,000000,324,324,323.4,324,52.5666,0
CYCU.US,D,20240112,000000,326.7,326.7,326.7,326.7,8.49999,0
CYCU.US,D,20240117,000000,326.7,326.7,326.7,326.7,13.4333,0
CYCU.US,D,20240118,000000,326.7,326.7,326.7,326.7,17.6666,0
CYCU.US,D,20240119,000000,323.4,323.7,323.4,323.7,6.66666,0
CYCU.US,D,20240122,000000,326.4,326.4,319.95,324,212.166,0
CYCU.US,D,20240124,000000,324.9,324.9,324.9,324.9,6.66666,0
CYCU.US,D,20240125,000000,321,322.5,321,322.5,70.1666,0
CYCU.US,D,20240126,000000,324.3,324.3,324.3,324.3,4.43333,0
CYCU.US,D,20240129,000000,324.9,324.9,321.3,322.5,347.733,0
CYCU.US,D,20240130,000000,321.3,321.303,321.3,321.303,73.5666,0
CYCU.US,D,20240131,000000,321.6,322.8,321.3,322.8,98.1333,0
CYCU.US,D,20240202,000000,321.6,321.9,321.3,321.3,55.0333,0
CYCU.US,D,20240205,000000,321.9,322.5,320.4,320.4,291.033,0
CYCU.US,D,20240206,000000,319.8,319.8,319.5,319.5,46.7999,0
CYCU.US,D,20240208,000000,319.2,319.2,319.2,319.2,4.26666,0
CYCU.US,D,20240209,000000,318.9,318.9,318.894,318.9,21.7999,0
CYCU.US,D,20240215,000000,316.8,317.4,316.8,317.1,36.7666,0
CYCU.US,D,20240223,000000,318,318,317.4,318,33.2333,0
CYCU.US,D,20240304,000000,316.5,317.4,316.5,317.4,8.33333,0
CYCU.US,D,20240313,000000,316.65,318,316.65,318,70.0999,0
CYCU.US,D,20240325,000000,318,318,318,318,18.9999,0
CYCU.US,D,20240328,000000,319.2,319.2,319.2,319.2,8.03333,0
CYCU.US,D,20240401,000000,319.5,319.5,319.5,319.5,5.09999,0
CYCU.US,D,20240402,000000,319.5,319.5,319.5,319.5,6.39999,0
CYCU.US,D,20240403,000000,319.5,320.4,319.2,320.4,30.2999,0
CYCU.US,D,20240404,000000,321,321,321,321,4.13333,0
CYCU.US,D,20240405,000000,321,321,318.6,321,11.1666,0
CYCU.US,D,20240408,000000,320.7,321,320.7,321,22.2999,0
CYCU.US,D,20240410,000000,321.6,321.6,321.111,321.111,20.5666,0
CYCU.US,D,20240411,000000,321.6,321.6,319.5,319.5,16.8666,0
CYCU.US,D,20240416,000000,320.7,320.7,320.7,320.7,3.39999,0
CYCU.US,D,20240417,000000,321.9,321.9,321.9,321.9,11.7333,0
CYCU.US,D,20240419,000000,317.1,322.2,315.3,321.9,87.3999,0
CYCU.US,D,20240422,000000,321,321,321,321,35.7999,0
CYCU.US,D,20240423,000000,322.2,322.2,322.2,322.2,6.73333,0
CYCU.US,D,20240424,000000,324.9,324.9,324.9,324.9,3.39999,0
CYCU.US,D,20240425,000000,324.9,324.9,324.9,324.9,30.0999,0
CYCU.US,D,20240426,000000,324.9,324.9,324.9,324.9,5.26666,0
CYCU.US,D,20240429,000000,324.9,324.9,324.9,324.9,3.99999,0
CYCU.US,D,20240430,000000,324.9,324.9,324.9,324.9,3.33333,0
CYCU.US,D,20240501,000000,323.1,323.1,323.1,323.1,6.19999,0
CYCU.US,D,20240502,000000,326.7,326.7,326.7,326.7,4.09999,0
CYCU.US,D,20240503,000000,325.5,325.5,325.5,325.5,5.59999,0
CYCU.US,D,20240507,000000,325.5,325.5,325.5,325.5,5.33333,0
CYCU.US,D,20240508,000000,326.4,326.4,319.845,323.1,29.9999,0
CYCU.US,D,20240513,000000,322.638,322.8,322.638,322.8,11.5333,0
CYCU.US,D,20240515,000000,323.1,323.1,323.1,323.1,6.66666,0
CYCU.US,D,20240516,000000,323.1,326.4,323.1,326.397,86.6333,0
CYCU.US,D,20240530,000000,326.7,326.7,326.7,326.7,12.3333,0
CYCU.US,D,20240531,000000,330,479.4,330,360,6270.53,0
CYCU.US,D,20240603,000000,327.6,348.903,327,339.3,453.499,0
CYCU.US,D,20240604,000000,328.8,366,328.8,363,140.599,0
CYCU.US,D,20240605,000000,330.603,346.8,330.603,346.8,43.3999,0
CYCU.US,D,20240606,000000,333,349.5,333,339.6,132.966,0
CYCU.US,D,20240607,000000,345.003,345.303,339,339,636.499,0
CYCU.US,D,20240610,000000,330,347.25,330,345.9,124.199,0
CYCU.US,D,20240611,000000,339.3,339.3,339,339,37.2333,0
CYCU.US,D,20240612,000000,332.55,334.5,330.9,331.47,158.033,0
CYCU.US,D,20240613,000000,332.1,344.4,332.1,336,140.899,0
CYCU.US,D,20240621,000000,332.4,333,330,330,19.7333,0
CYCU.US,D,20240624,000000,335.997,338.169,327.3,327.3,476.633,0
CYCU.US,D,20240625,000000,330.6,331.5,327.3,330.303,268.799,0
CYCU.US,D,20240626,000000,327.3,331.2,327.3,330,36.0333,0
CYCU.US,D,20240627,000000,339,339,333,333,47.5333,0
CYCU.US,D,20240701,000000,327.3,327.3,327.3,327.3,41.2999,0
CYCU.US,D,20240703,000000,329.4,332.4,329.4,332.4,10.3999,0
CYCU.US,D,20240709,000000,324.3,329.4,324.3,329.4,7.69999,0
CYCU.US,D,20240710,000000,329.4,329.4,327,328.5,36.7999,0
CYCU.US,D,20240712,000000,334.5,334.5,332.7,334.5,50.5999,0
CYCU.US,D,20240715,000000,331.2,331.2,331.2,331.2,13.9666,0
CYCU.US,D,20240717,000000,330.303,336,330.303,331.2,51.1666,0
CYCU.US,D,20240718,000000,332.4,332.976,330,332.4,120.699,0
CYCU.US,D,20240719,000000,330,330.003,330,330.003,9.99999,0
CYCU.US,D,20240723,000000,330,330,322.5,328.5,198.166,0
CYCU.US,D,20240724,000000,325.5,325.5,321,321,132.733,0
CYCU.US,D,20240725,000000,322.2,327,322.2,324.003,103.299,0
CYCU.US,D,20240726,000000,323.7,323.7,321.045,321.045,86.9333,0
CYCU.US,D,20240805,000000,321.3,321.3,321.3,321.3,107.899,0
CYCU.US,D,20240808,000000,321.3,321.3,321.3,321.3,20.6666,0
CYCU.US,D,20240809,000000,321.003,321.003,321.003,321.003,16.6666,0
CYCU.US,D,20240815,000000,321,321,320.997,320.997,227.099,0
CYCU.US,D,20240816,000000,320.4,320.4,319.5,319.5,13.3999,0
CYCU.US,D,20240819,000000,320.46,320.46,320.46,320.46,14.4666,0
CYCU.US,D,20240820,000000,319.5,319.5,316.5,318,178.366,0
CYCU.US,D,20240823,000000,315.9,315.9,315.9,315.9,6.99999,0
CYCU.US,D,20240827,000000,315.9,315.9,313.497,315,280.633,0
CYCU.US,D,20240828,000000,311.4,311.4,309.6,309.6,18.9333,0
CYCU.US,D,20240829,000000,310.2,310.2,310.2,310.2,3.33333,0
CYCU.US,D,20240830,000000,308.1,318,308.1,311.4,76.7999,0
CYCU.US,D,20240913,000000,309.297,317.1,309.297,316.2,96.6666,0
CYCU.US,D,20240916,000000,309.3,317.7,309.297,312.3,152.566,0
CYCU.US,D,20240918,000000,310.197,317.4,310.197,312.9,89.3333,0
CYCU.US,D,20240923,000000,314.1,318,313.2,314.103,77.2666,0
CYCU.US,D,20240924,000000,316.5,319.95,316.2,319.95,295.333,0
CYCU.US,D,20240925,000000,319.794,319.797,319.5,319.5,18.6999,0
CYCU.US,D,20240927,000000,318,321,318,318,58.1999,0
CYCU.US,D,20241001,000000,319.2,319.5,319.2,319.5,70.2999,0
CYCU.US,D,20241003,000000,320.7,325.839,318.3,322.65,308.099,0
CYCU.US,D,20241008,000000,325.5,329.4,325.5,329.4,367.399,0
CYCU.US,D,20241011,000000,329.4,330,329.4,330,22.2333,0
CYCU.US,D,20241015,000000,330,348,330,348,46.1666,0
CYCU.US,D,20241016,000000,357,384,334.2,358.5,276.533,0
CYCU.US,D,20241017,000000,360,375,330.3,334.8,242.733,0
CYCU.US,D,20241018,000000,341.7,353.7,341.7,353.7,21.9333,0
CYCU.US,D,20241021,000000,333.3,363,330.06,351.6,56.1666,0
CYCU.US,D,20241023,000000,351.6,368.1,345,349.8,145.766,0
CYCU.US,D,20241025,000000,358.5,399,342,366,580.799,0
CYCU.US,D,20241028,000000,375,392.7,348.9,359.4,304.133,0
CYCU.US,D,20241029,000000,349.2,350.4,343.8,343.8,395.999,0
CYCU.US,D,20241030,000000,345,348,345,348,27.1333,0
CYCU.US,D,20241101,000000,333.3,348.3,333,333.6,273.299,0
CYCU.US,D,20241104,000000,336.3,341.7,331.8,341.7,25.3999,0
CYCU.US,D,20241107,000000,330.6,330.6,330.6,330.6,8.33333,0
CYCU.US,D,20241115,000000,339.75,339.75,339.75,339.75,6.66666,0
CYCU.US,D,20241119,000000,331.5,331.5,331.5,331.5,3.36666,0
CYCU.US,D,20241120,000000,333,348.6,331.5,342.45,188.599,0
CYCU.US,D,20241121,000000,331.8,342.9,330.6,331.5,180.433,0
CYCU.US,D,20241122,000000,331.5,348.9,330.6,331.5,327.666,0
CYCU.US,D,20241126,000000,334.05,334.05,330.6,330.6,15.5999,0
CYCU.US,D,20241127,000000,330.3,330.3,327.6,327.6,13.6333,0
CYCU.US,D,20241129,000000,327.6,327.6,327.6,327.6,4.73333,0
CYCU.US,D,20241202,000000,327.3,338.7,327.3,327.6,316.533,0
CYCU.US,D,20241203,000000,327.6,327.6,327.6,327.6,22.5666,0
CYCU.US,D,20241210,000000,324.3,324.3,324.3,324.3,3.33333,0
CYCU.US,D,20241211,000000,323.694,330.3,319.8,326.868,150.599,0
CYCU.US,D,20241213,000000,330,330,330,330,27.5666,0
CYCU.US,D,20241218,000000,329.7,329.7,319.275,329.7,34.6666,0
CYCU.US,D,20241219,000000,315.6,322.5,315.6,322.5,29.7333,0
CYCU.US,D,20241223,000000,322.5,322.5,322.5,322.5,11.8666,0
CYCU.US,D,20241226,000000,323.679,327.9,318.06,326.7,115.266,0
CYCU.US,D,20241230,000000,326.1,326.4,323.913,326.4,27.9666,0
CYCU.US,D,20241231,000000,326.4,327.9,320.1,320.1,393.666,0
CYCU.US,D,20250102,000000,318.003,326.1,318.003,326.1,6.66666,0
CYCU.US,D,20250103,000000,327.3,330,327.3,329.7,27.5333,0
CYCU.US,D,20250107,000000,330.3,366,330.3,351,35.8333,0
CYCU.US,D,20250108,000000,334.8,367.8,330.6,366,199.633,0
CYCU.US,D,20250110,000000,365.7,365.7,354,365.7,69.3666,0
CYCU.US,D,20250113,000000,353.7,386.4,353.7,361.2,83.1666,0
CYCU.US,D,20250114,000000,353.4,354.345,353.4,354.345,39.8999,0
CYCU.US,D,20250115,000000,346.5,359.7,346.5,359.7,79.5333,0
CYCU.US,D,20250116,000000,347.7,359.7,346.5,359.7,98.7999,0
CYCU.US,D,20250121,000000,325.2,343.2,318.903,330.6,167.066,0
CYCU.US,D,20250122,000000,321,336.6,292.5,292.5,2518.76,0
CYCU.US,D,20250123,000000,312.9,312.9,288,288,36.6666,0
CYCU.US,D,20250124,000000,300,300,270,300,26.6666,0
CYCU.US,D,20250127,000000,333.3,333.3,255,300,38.3333,0
CYCU.US,D,20250128,000000,300.3,343.5,300.3,330,303.499,0
CYCU.US,D,20250129,000000,420,420,330,420,49.9999,0
CYCU.US,D,20250130,000000,360.3,2045.1,360.3,847.8,243.599,0
CYCU.US,D,20250131,000000,630,1200,630,846,20.7999,0
CYCU.US,D,20250203,000000,900.3,1500,592.5,600,107.333,0
CYCU.US,D,20250204,000000,600,600,600,600,21.6666,0
CYCU.US,D,20250207,000000,1590,1590,600.3,600.3,26.6999,0
CYCU.US,D,20250212,000000,900,900,900,900,6.69999,0
CYCU.US,D,20250213,000000,600,600,540,540,13.3333,0
CYCU.US,D,20250214,000000,487.5,487.5,300,360,76.6666,0
CYCU.US,D,20250218,000000,329.7,329.7,94.5,100.5,30091.5,0
CYCU.US,D,20250219,000000,141.6,147,84.6,89.1,615192,0
CYCU.US,D,20250220,000000,71.4,74.7,45.75,48.3,638311,0
CYCU.US,D,20250221,000000,40.5,43.2,36.3,40.2,307321,0
CYCU.US,D,20250224,000000,37.5,39,28.5,28.959,327085,0
CYCU.US,D,20250225,000000,26.952,26.997,20.988,26.4,233467,0
CYCU.US,D,20250226,000000,23.34,25.5,22.566,23.652,86560.1,0
CYCU.US,D,20250227,000000,24.315,24.315,20.7,21.717,102685,0
CYCU.US,D,20250228,000000,21.828,25.92,21.06,23.718,197514,0
CYCU.US,D,20250303,000000,22.65,22.95,17.7,18.033,141177,0
CYCU.US,D,20250304,000000,21.033,26.028,18.06,19.542,3094011,0
CYCU.US,D,20250305,000000,26.076,29.2947,21.8703,23.019,2751277,0
CYCU.US,D,20250306,000000,22.8,24,19.956,20.484,227781,0
CYCU.US,D,20250307,000000,19.5,20.292,18,19.053,98770.2,0
CYCU.US,D,20250310,000000,18.6,18.9855,16.8,17.1,111756,0
CYCU.US,D,20250311,000000,18,18.675,16.785,17.13,61664.5,0
CYCU.US,D,20250312,000000,16.8,17.13,15.6,16.254,93510.1,0
CYCU.US,D,20250313,000000,15.786,16.041,15.303,15.567,44571,0
CYCU.US,D,20250314,000000,15.594,16.797,15.075,16.14,71406.2,0
CYCU.US,D,20250317,000000,15.324,16.8,15.324,16.263,42072.3,0
CYCU.US,D,20250318,000000,17.436,17.436,16.233,16.485,62961.9,0
CYCU.US,D,20250319,000000,17.694,19.2,17.1,18.438,111101,0
CYCU.US,D,20250320,000000,19.725,23.25,18.9,21.9,398550,0
CYCU.US,D,20250321,000000,20.607,22.371,19.944,20.436,107713,0
CYCU.US,D,20250324,000000,20.982,21.267,19.05,19.737,65534.8,0
CYCU.US,D,20250325,000000,19.8,20.4,18,18.348,78600.6,0
CYCU.US,D,20250326,000000,18.297,18.336,16.206,16.8,71381.5,0
CYCU.US,D,20250327,000000,16.5,17.64,16.38,16.77,35797.1,0
CYCU.US,D,20250328,000000,16.536,16.764,14.445,15.027,46309.2,0
CYCU.US,D,20250331,000000,14.7,15.102,13.773,15,50953.4,0
CYCU.US,D,20250401,000000,15.009,15.597,14.28,14.997,65731,0
CYCU.US,D,20250402,000000,16.2,18.144,15.03,15.072,324497,0
CYCU.US,D,20250403,000000,14.193,16.5,14.115,15.156,46379,0
CYCU.US,D,20250404,000000,14.4,15.657,13.95,14.7,41480,0
CYCU.US,D,20250407,000000,13.8,14.235,12.594,13.347,36315.7,0
CYCU.US,D,20250408,000000,18.6615,21.6,14.1,14.994,4586511,0
CYCU.US,D,20250409,000000,13.77,15.288,13.332,14.7,156190,0
CYCU.US,D,20250410,000000,14.103,15.81,14.103,15.543,47968.5,0
CYCU.US,D,20250411,000000,15,15.531,14.484,14.865,44931.9,0
CYCU.US,D,20250414,000000,14.49,15.825,14.49,15.243,53575.2,0
CYCU.US,D,20250415,000000,14.7,15.21,13.566,14.316,40981.2,0
CYCU.US,D,20250416,000000,13.497,13.497,12.477,12.483,59183.7,0
CYCU.US,D,20250417,000000,15.708,15.807,12.753,12.9,526761,0
CYCU.US,D,20250421,000000,13.53,13.8,12.5703,13.188,52470.7,0
CYCU.US,D,20250422,000000,13.5,14.283,12.84,13.839,53153.4,0
CYCU.US,D,20250423,000000,14.1,14.8737,14.1,14.499,37305.6,0
CYCU.US,D,20250424,000000,14.463,15,14.106,14.4,25508.9,0
CYCU.US,D,20250425,000000,14.487,14.61,13.482,14.19,23329.5,0
CYCU.US,D,20250428,000000,14.1,14.103,12.96,13.6527,43290.5,0
CYCU.US,D,20250429,000000,14.46,14.61,12.966,13.008,141635,0
CYCU.US,D,20250430,000000,13.5,13.8,13.05,13.245,49670,0
CYCU.US,D,20250501,000000,13.5,13.74,13.134,13.272,36580.8,0
CYCU.US,D,20250502,000000,13.17,14.067,13.17,13.713,27996.5,0
CYCU.US,D,20250505,000000,13.896,14.0916,13.593,13.8,22488.2,0
CYCU.US,D,20250506,000000,13.746,13.8,13.365,13.539,17424.2,0
CYCU.US,D,20250507,000000,13.5,13.5,12.594,12.768,32730.6,0
CYCU.US,D,20250508,000000,12.6,13.227,12.381,13.05,39816.7,0
CYCU.US,D,20250509,000000,13.359,14.244,13.3024,13.713,52314.9,0
CYCU.US,D,20250512,000000,14.4,14.775,13.68,14.469,44485.6,0
CYCU.US,D,20250513,000000,14.973,15.279,13.38,14.448,468784,0
CYCU.US,D,20250514,000000,14.103,14.3415,13.71,14.25,43790.2,0
CYCU.US,D,20250515,000000,13.5,14.097,13.2,13.239,176577,0
CYCU.US,D,20250516,000000,14.094,15,13.35,14.322,104279,0
CYCU.US,D,20250519,000000,13.803,14.4,13.5,14.283,26581.8,0
CYCU.US,D,20250520,000000,14.325,15.66,14.1,15.132,84172.6,0
CYCU.US,D,20250521,000000,15.3,15.462,14.253,14.487,38592.5,0
CYCU.US,D,20250522,000000,14.457,14.715,13.8,13.914,34685.3,0
CYCU.US,D,20250523,000000,13.8,14.1,12.603,12.888,63858.7,0
CYCU.US,D,20250527,000000,13.188,13.452,12.771,12.915,43554.5,0
CYCU.US,D,20250528,000000,12.999,14.091,12.93,13.497,40078.3,0
CYCU.US,D,20250529,000000,13.785,14.64,13.347,13.347,36762.6,0
CYCU.US,D,20250530,000000,12.6,13.347,12.384,12.75,48182.4,0
CYCU.US,D,20250602,000000,12.9,13.089,12.39,12.453,22764.7,0
CYCU.US,D,20250603,000000,12.513,12.6,7.8,11.61,48898.6,0
CYCU.US,D,20250604,000000,11.82,12.555,11.463,12.45,25632.2,0
CYCU.US,D,20250605,000000,12.6,15.3,12.234,14.4,183342,0
CYCU.US,D,20250606,000000,12.9,13.695,11.7,12.339,147134,0
CYCU.US,D,20250609,000000,12.408,12.675,11.76,12.174,41862.6,0
CYCU.US,D,20250610,000000,12.15,12.207,11.487,11.94,52302.7,0
CYCU.US,D,20250611,000000,11.946,12.888,11.622,12.798,89258.5,0
CYCU.US,D,20250612,000000,12.6,12.696,11.853,12.027,57349.9,0
CYCU.US,D,20250613,000000,11.7,11.7,11.073,11.25,36826.3,0
CYCU.US,D,20250616,000000,11.736,12.456,11.574,11.781,56268.6,0
CYCU.US,D,20250617,000000,11.94,12.129,11.7,11.868,27345.9,0
CYCU.US,D,20250618,000000,11.58,12,11.16,11.34,62909.5,0
CYCU.US,D,20250620,000000,11.4,11.46,10.668,10.668,34094.8,0
CYCU.US,D,20250623,000000,10.5,10.947,10.5,10.548,23723.1,0
CYCU.US,D,20250624,000000,10.533,12.264,10.533,11.94,67029.2,0
CYCU.US,D,20250625,000000,11.94,11.94,10.719,10.719,81932.3,0
CYCU.US,D,20250626,000000,11.139,11.139,10.65,10.65,44325.1,0
CYCU.US,D,20250627,000000,11.1,11.148,10.197,10.398,52162.4,0
CYCU.US,D,20250630,000000,10.407,11.157,10.398,10.476,36462.7,0
CYCU.US,D,20250701,000000,11.07,11.097,10.5,10.8,49656.7,0
CYCU.US,D,20250702,000000,10.8,11.238,10.518,10.689,281698,0
CYCU.US,D,20250703,000000,10.866,11.055,10.689,10.8,42946,0
CYCU.US,D,20250707,000000,10.818,11.1,10.689,10.95,37339.7,0
CYCU.US,D,20250708,000000,11.4,11.991,10.98,11.7,78825.5,0
CYCU.US,D,20250709,000000,11.991,12.534,11.439,11.46,103809,0
CYCU.US,D,20250710,000000,11.61,14.577,11.4709,12.147,672681,0
CYCU.US,D,20250711,000000,11.79,12.036,11.4,11.448,85968.4,0
CYCU.US,D,20250714,000000,11.67,11.895,10.95,11.25,60405.8,0
CYCU.US,D,20250715,000000,11.1,11.88,10.35,10.395,168477,0
CYCU.US,D,20250716,000000,11.04,11.094,10.41,10.746,81873.2,0
CYCU.US,D,20250717,000000,10.8,12.894,10.515,11.862,295223,0
CYCU.US,D,20250718,000000,11.553,11.97,11.4,11.466,65249.8,0
CYCU.US,D,20250721,000000,11.838,12,11.37,11.418,70174.9,0
CYCU.US,D,20250722,000000,11.55,11.97,11.484,11.97,33543.9,0
CYCU.US,D,20250723,000000,11.757,12.144,11.418,11.793,49103.9,0
CYCU.US,D,20250724,000000,11.787,12.567,11.76,11.76,48830.6,0
CYCU.US,D,20250725,000000,11.868,11.895,11.268,11.796,37251.2,0
CYCU.US,D,20250728,000000,11.919,12,11.418,11.535,44556.1,0
CYCU.US,D,20250729,000000,11.685,11.685,10.995,11.034,33431.7,0
CYCU.US,D,20250730,000000,10.95,11.286,10.8,11.1,29087.5,0
CYCU.US,D,20250731,000000,11.46,11.472,10.806,10.812,42416.8,0
CYCU.US,D,20250801,000000,10.887,10.983,10.5,10.503,29694.1,0
CYCU.US,D,20250804,000000,11.019,11.019,10.071,10.794,37933.2,0
CYCU.US,D,20250805,000000,10.863,11.025,10.209,10.503,48503.3,0
CYCU.US,D,20250806,000000,10.497,10.575,10.092,10.194,29487.2,0
CYCU.US,D,20250807,000000,10.8,11.658,10.515,10.8,190309,0
CYCU.US,D,20250808,000000,11.127,11.616,10.86,10.866,107617,0
CYCU.US,D,20250811,000000,10.53,11.064,10.209,10.53,69609.9,0
CYCU.US,D,20250812,000000,10.53,12.3,10.53,11.907,506925,0
CYCU.US,D,20250813,000000,11.694,11.7,10.83,11.661,87272.6,0
CYCU.US,D,20250814,000000,10.2,10.2,8.07624,8.547,277564,0
CYCU.US,D,20250815,000000,8.4,8.91,8.205,8.259,565292,0
CYCU.US,D,20250818,000000,8.94,9.48,8.604,9.183,440236,0
CYCU.US,D,20250819,000000,8.997,8.997,8.25,8.55,264492,0
CYCU.US,D,20250820,000000,8.64,8.64,8.133,8.316,530044,0
CYCU.US,D,20250821,000000,8.7,8.877,7.272,7.779,1589808,0
CYCU.US,D,20250822,000000,11.517,12.231,9.333,9.54,11515474,0
CYCU.US,D,20250825,000000,8.685,9.084,8.25,8.379,936584,0
CYCU.US,D,20250826,000000,8.319,8.652,8.265,8.445,407632,0
CYCU.US,D,20250827,000000,8.307,8.40006,8.121,8.25,218662,0
CYCU.US,D,20250828,000000,8.34,8.547,7.5,7.722,468988,0
CYCU.US,D,20250829,000000,6.3,6.657,5.55,6.003,700785,0
CYCU.US,D,20250902,000000,6.975,7.863,6.465,7.251,4512268,0
CYCU.US,D,20250903,000000,6.816,6.93,6.213,6.243,554265,0
CYCU.US,D,20250904,000000,5.814,6.237,5.7,5.79,230728,0
CYCU.US,D,20250905,000000,6,6,5.367,5.406,230592,0
CYCU.US,D,20250908,000000,5.382,5.586,5.04,5.481,241821,0
CYCU.US,D,20250909,000000,5.532,6.447,5.34,6.225,313621,0
CYCU.US,D,20250910,000000,6,6.369,5.85,5.946,218393,0
CYCU.US,D,20250911,000000,5.904,6.357,5.742,6.267,162711,0
CYCU.US,D,20250912,000000,6.345,6.591,5.961,5.973,159184,0
CYCU.US,D,20250915,000000,6,6.372,5.97,6.186,109731,0
CYCU.US,D,20250916,000000,6.15,6.15,5.85,6.063,137196,0
CYCU.US,D,20250917,000000,6.105,6.141,5.778,5.907,103148,0
CYCU.US,D,20250918,000000,6.42,7.5375,5.919,7.269,473830,0
CYCU.US,D,20250919,000000,8.025,8.025,6.21,6.42,529427,0
CYCU.US,D,20250922,000000,6.489,7.371,6.213,7.269,318084,0
CYCU.US,D,20250923,000000,6.9,8.436,6.9,7.95,630892,0
CYCU.US,D,20250924,000000,9.477,10.764,7.965,8.652,2124272,0
CYCU.US,D,20250925,000000,9.9,16.161,8.706,14.574,7296341,0
CYCU.US,D,20250926,000000,13.5,14.031,9.666,10.107,1336897,0
CYCU.US,D,20250929,000000,8.574,15.729,8.253,14.052,3106569,0
CYCU.US,D,20250930,000000,12.981,13.692,10.593,11.823,772697,0
CYCU.US,D,20251001,000000,12.9,13.17,11.13,11.685,580401,0
CYCU.US,D,20251002,000000,11.7,11.733,9.999,10.524,606853,0
CYCU.US,D,20251003,000000,10.497,10.5,9.15,9.489,459173,0
CYCU.US,D,20251006,000000,9.675,10.308,9.03,9.06,341649,0
CYCU.US,D,20251007,000000,9.132,9.135,7.95,8.079,431176,0
CYCU.US,D,20251008,000000,8.784,9.9,8.25,9.849,645180,0
CYCU.US,D,20251009,000000,10.2,10.2,8.484,8.865,403604,0
CYCU.US,D,20251010,000000,8.7,8.7,7.53,7.533,300448,0
CYCU.US,D,20251013,000000,7.5,7.584,6.906,7.392,259996,0
CYCU.US,D,20251014,000000,7.5,8.607,7.05,8.388,320269,0
CYCU.US,D,20251015,000000,8.64,8.64,7.53,7.833,230779,0
CYCU.US,D,20251016,000000,9.9,11.226,7.05,7.215,2998136,0
CYCU.US,D,20251017,000000,7.623,9.243,7.35,8.43,729470,0
CYCU.US,D,20251020,000000,7.854,7.98,7.5,7.536,635232,0
CYCU.US,D,20251021,000000,5.448,5.832,4.8,5.088,879760,0
CYCU.US,D,20251022,000000,5.736,5.814,4.923,5.259,409059,0
CYCU.US,D,20251023,000000,5.22,5.529,4.8,4.962,303071,0
CYCU.US,D,20251024,000000,4.806,5.1,4.71,4.8,364762,0
CYCU.US,D,20251027,000000,4.5,4.5305,3.8,3.97,541199,0
CYCU.US,D,20251028,000000,3.95,4.25,3.82,3.86,363235,0
CYCU.US,D,20251029,000000,3.8,5.0499,3.3,4.23,2762072,0
CYCU.US,D,20251030,000000,3.88,4.0303,3.42,3.51,312620,0
CYCU.US,D,20251031,000000,3.45,3.605,3.36,3.42,190644,0
CYCU.US,D,20251103,000000,3.33,3.3402,2.905,3.03,243015,0
CYCU.US,D,20251104,000000,2.96,3.01,2.79,2.79,147371,0
CYCU.US,D,20251105,000000,3.23,3.2499,2.47,2.52,4180674,0
