<TICKER>,<PER>,<DATE>,<TIME>,<OPEN>,<HIGH>,<LOW>,<CLOSE>,<VOL>,<OPENINT>
ECDA.US,D,20221209,000000,399.2,401.2,399.2,400.4,233.55,0
ECDA.US,D,20221212,000000,400.4,400.4,399.6,400,6257.650000000001,0
ECDA.US,D,20221214,000000,407.568,424.4,400,400.4,464.225,0
ECDA.US,D,20221215,000000,401.6,412,400,400.4,612.95,0
ECDA.US,D,20221216,000000,404,404,400,400,147.55,0
ECDA.US,D,20221219,000000,401.2,401.2,399.6,400,1713.7,0
ECDA.US,D,20221222,000000,404,412.8,400,400.4,1367.125,0
ECDA.US,D,20221223,000000,412,454.8,400.4,400.4,197.55,0
ECDA.US,D,20221227,000000,401.6,401.6,400,400.4,698.7750000000001,0
ECDA.US,D,20221228,000000,400.4,400.4,400.4,400.4,1339.825,0
ECDA.US,D,20221229,000000,403.2,403.6,400.8,401.2,55.025000000000006,0
ECDA.US,D,20221230,000000,401.2,402.4,400.4,400.8,1882.0500000000002,0
ECDA.US,D,20230104,000000,402,402,401.6,401.6,17.725,0
ECDA.US,D,20230105,000000,402.4,409.996,402,402,2569.4750000000004,0
ECDA.US,D,20230106,000000,402.4,402.8,401.2,402.4,180.32500000000002,0
ECDA.US,D,20230109,000000,402.8,403.2,402.2,402.8,3341.4750000000004,0
ECDA.US,D,20230111,000000,402.8,405.6,402.8,405.6,2530.25,0
ECDA.US,D,20230112,000000,402.4,404.2,402.4,404,20.5,0
ECDA.US,D,20230117,000000,404,404,404,404,8.025,0
ECDA.US,D,20230118,000000,403.6,406.8,403.6,404,21682.600000000002,0
ECDA.US,D,20230119,000000,404.8,405.6,404.8,405.2,18159.075,0
ECDA.US,D,20230120,000000,405.6,405.6,404.8,405.6,14372.925000000001,0
ECDA.US,D,20230123,000000,418,418,405.208,405.208,63.875,0
ECDA.US,D,20230124,000000,406.4,406.4,406.4,406.4,25.625,0
ECDA.US,D,20230125,000000,407.2,407.2,405.2,405.2,838.9000000000001,0
ECDA.US,D,20230126,000000,405.2,405.2,405.2,405.2,1035.525,0
ECDA.US,D,20230131,000000,408.4,420,405.6,406.4,245.55,0
ECDA.US,D,20230203,000000,406.4,410.8,406,410.8,250.20000000000002,0
ECDA.US,D,20230206,000000,406.4,422.032,406.4,406.4,686.35,0
ECDA.US,D,20230207,000000,413.6,420,406.8,406.8,1498.7,0
ECDA.US,D,20230208,000000,406.8,407.2,406.8,406.8,16.475,0
ECDA.US,D,20230209,000000,407.2,407.2,407.2,407.2,18.075,0
ECDA.US,D,20230210,000000,406.8,407.2,406.8,406.8,17.075,0
ECDA.US,D,20230213,000000,406.8,406.8,406.8,406.8,6.8500000000000005,0
ECDA.US,D,20230215,000000,406.4,407.2,406.4,406.8,665.6,0
ECDA.US,D,20230216,000000,406.4,409.2,406.4,406.804,1108.55,0
ECDA.US,D,20230217,000000,408,408,407.6,407.6,31.200000000000003,0
ECDA.US,D,20230221,000000,408,408,408,408,48.2,0
ECDA.US,D,20230222,000000,409.6,410.8,409.2,409.2,94.15,0
ECDA.US,D,20230223,000000,408,408.4,408,408.4,5798.700000000001,0
ECDA.US,D,20230224,000000,408,408,408,408,111.85000000000001,0
ECDA.US,D,20230227,000000,408,409.2,408,409.2,313.1,0
ECDA.US,D,20230228,000000,409.6,409.6,408,408.4,532.275,0
ECDA.US,D,20230301,000000,409.6,413.6,408.8,413.6,276.8,0
ECDA.US,D,20230302,000000,408.004,412.4,408,409.2,439.55,0
ECDA.US,D,20230303,000000,411.6,411.6,408,408,23.525000000000002,0
ECDA.US,D,20230306,000000,409.596,409.6,408,409.2,950.475,0
ECDA.US,D,20230307,000000,410.2,410.2,408,408,21.525000000000002,0
ECDA.US,D,20230308,000000,409.18,409.18,407.6,407.6,3996.675,0
ECDA.US,D,20230309,000000,407.6,408,407.6,408,16.325,0
ECDA.US,D,20230310,000000,407.6,408,407.6,407.6,286.90000000000003,0
ECDA.US,D,20230313,000000,407.6,408,407.4,408,11384.650000000001,0
ECDA.US,D,20230314,000000,407.972,408.2,407.972,408.2,397.725,0
ECDA.US,D,20230315,000000,408.4,408.4,408,408,95,0
ECDA.US,D,20230316,000000,408.8,408.8,408.4,408.4,43.400000000000006,0
ECDA.US,D,20230317,000000,413.2,413.2,408.4,410.4,73.47500000000001,0
ECDA.US,D,20230320,000000,408.4,413.6,408.4,413.6,124.75,0
ECDA.US,D,20230321,000000,411.596,411.596,408.4,410.8,119.95,0
ECDA.US,D,20230322,000000,410.8,411.2,410,410.4,231.75,0
ECDA.US,D,20230323,000000,412.4,412.4,412.4,412.4,3.6,0
ECDA.US,D,20230324,000000,410.6,410.796,410.4,410.4,51.75,0
ECDA.US,D,20230327,000000,408.8,412.4,408.8,412.4,21.150000000000002,0
ECDA.US,D,20230328,000000,410.4,410.4,408.8,408.8,81.80000000000001,0
ECDA.US,D,20230329,000000,408.8,409.4,408.8,409.2,27.775000000000002,0
ECDA.US,D,20230330,000000,409.6,410.4,409.6,410.4,4502.6,0
ECDA.US,D,20230331,000000,410.8,410.8,410.8,410.8,6.7250000000000005,0
ECDA.US,D,20230403,000000,411.2,411.2,411.2,411.2,5.65,0
ECDA.US,D,20230405,000000,410.4,410.4,410.4,410.4,4.25,0
ECDA.US,D,20230406,000000,410,410,410,410,4.6000000000000005,0
ECDA.US,D,20230410,000000,410.4,410.4,410.4,410.4,10.775,0
ECDA.US,D,20230411,000000,410,410,410,410,5.675000000000001,0
ECDA.US,D,20230417,000000,410.404,410.404,410.4,410.4,18.8,0
ECDA.US,D,20230418,000000,410.8,410.8,410.8,410.8,3.9250000000000003,0
ECDA.US,D,20230419,000000,411.2,411.6,410.8,410.8,159.8,0
ECDA.US,D,20230421,000000,411,411.6,410.6,410.8,978.45,0
ECDA.US,D,20230425,000000,410.8,410.8,410.8,410.8,3.2,0
ECDA.US,D,20230426,000000,410.8,412,410.8,410.8,2513.875,0
ECDA.US,D,20230427,000000,410.8,410.8,410.8,410.8,5.775,0
ECDA.US,D,20230502,000000,411.2,411.2,411.2,411.2,2.8000000000000003,0
ECDA.US,D,20230503,000000,410.8,411.196,410.8,411.196,25.3,0
ECDA.US,D,20230504,000000,411.2,412.4,410.8,410.8,5588.925,0
ECDA.US,D,20230505,000000,410.8,410.804,410.8,410.8,261.35,0
ECDA.US,D,20230508,000000,410.4,410.4,410.4,410.4,8.950000000000001,0
ECDA.US,D,20230511,000000,410.8,410.8,410.8,410.8,30.375,0
ECDA.US,D,20230515,000000,411.2,411.6,411.2,411.2,2831.8,0
ECDA.US,D,20230516,000000,411.92,412,411.2,411.2,152.875,0
ECDA.US,D,20230517,000000,411.996,414.8,411.596,412.12,3645.875,0
ECDA.US,D,20230518,000000,412,412.4,412,412.4,254.75,0
ECDA.US,D,20230519,000000,412.4,412.4,411.976,412,17696.625,0
ECDA.US,D,20230522,000000,412.4,412.4,412.4,412.4,11.975000000000001,0
ECDA.US,D,20230523,000000,412,412.8,411.6,412.8,3223.7250000000004,0
ECDA.US,D,20230524,000000,416.4,416.4,412.4,413.6,140.70000000000002,0
ECDA.US,D,20230525,000000,433.6,454.8,412.4,412.4,2827.05,0
ECDA.US,D,20230526,000000,412.4,414,412.4,414,25.175,0
ECDA.US,D,20230530,000000,433.2,433.2,410.4,413.2,327.425,0
ECDA.US,D,20230531,000000,413.604,419.6,413.6,415.2,232.925,0
ECDA.US,D,20230601,000000,414,419.2,413.6,414.8,25.85,0
ECDA.US,D,20230602,000000,419.4,419.4,413.6,413.6,65,0
ECDA.US,D,20230605,000000,413.604,414,413.604,414,5.300000000000001,0
ECDA.US,D,20230606,000000,413.6,414,412.8,412.8,261.975,0
ECDA.US,D,20230607,000000,414,414,412,412,6077,0
ECDA.US,D,20230608,000000,412,412,412,412,2.7,0
ECDA.US,D,20230612,000000,412,412,412,412,4.2250000000000005,0
ECDA.US,D,20230613,000000,413.2,414.4,412,412.4,210.5,0
ECDA.US,D,20230616,000000,412.4,412.4,412.4,412.4,5.125,0
ECDA.US,D,20230620,000000,412.8,420.4,412.4,412.4,382.3,0
ECDA.US,D,20230622,000000,415.6,415.6,412.8,412.8,21.475,0
ECDA.US,D,20230623,000000,412.8,412.8,412.8,412.8,24.25,0
ECDA.US,D,20230626,000000,412.8,412.8,412.8,412.8,14.925,0
ECDA.US,D,20230705,000000,412.8,412.8,412.8,412.8,2.5,0
ECDA.US,D,20230706,000000,412.8,412.8,412.8,412.8,16.575,0
ECDA.US,D,20230713,000000,419.6,419.6,414,414,63.775000000000006,0
ECDA.US,D,20230717,000000,415.596,415.6,415.588,415.6,88.15,0
ECDA.US,D,20230720,000000,416.4,416.4,414.8,414.8,35,0
ECDA.US,D,20230724,000000,415.6,415.6,415.6,415.6,2.975,0
ECDA.US,D,20230726,000000,417.6,417.6,417.6,417.6,2.6,0
ECDA.US,D,20230731,000000,415.6,415.6,415.6,415.6,3.1,0
ECDA.US,D,20230804,000000,416,416,416,416,2.5,0
ECDA.US,D,20230807,000000,416,416.004,416,416.004,31.175,0
ECDA.US,D,20230808,000000,420,420,416,416,6.525,0
ECDA.US,D,20230809,000000,418.16,418.16,416.8,416.8,13.55,0
ECDA.US,D,20230814,000000,417.2,417.2,417.2,417.2,2.5,0
ECDA.US,D,20230822,000000,418,418,418,418,2.5,0
ECDA.US,D,20230823,000000,418,418,418,418,2.5,0
ECDA.US,D,20230830,000000,419.6,420,419.516,419.6,189.10000000000002,0
ECDA.US,D,20230901,000000,420,420,420,420,75,0
ECDA.US,D,20230908,000000,421.492,421.492,421.492,421.492,9.125,0
ECDA.US,D,20230914,000000,421.6,422,421.6,422,307.55,0
ECDA.US,D,20230915,000000,432,432,423.2,423.2,64.125,0
ECDA.US,D,20230919,000000,423.2,436.4,421.6,436.4,57.625,0
ECDA.US,D,20230921,000000,421.6,421.6,421.6,421.6,4.3,0
ECDA.US,D,20230922,000000,425.892,425.892,425.892,425.892,2.6750000000000003,0
ECDA.US,D,20230926,000000,424,424,424,424,2.5500000000000003,0
ECDA.US,D,20230927,000000,427.2,427.2,422,422.4,3085,0
ECDA.US,D,20230928,000000,421.6,424.4,421.6,424.4,17.5,0
ECDA.US,D,20231002,000000,425.2,425.2,425.2,425.2,3.5,0
ECDA.US,D,20231003,000000,422.4,424.004,422.4,424.004,7.875,0
ECDA.US,D,20231004,000000,422.4,422.4,422.4,422.4,50.75,0
ECDA.US,D,20231006,000000,422.4,422.404,422.4,422.404,6.25,0
ECDA.US,D,20231009,000000,422.4,422.6,422.4,422.6,5.6000000000000005,0
ECDA.US,D,20231010,000000,425.2,425.2,425.2,425.2,33.775,0
ECDA.US,D,20231011,000000,422.8,425.2,422.4,425.2,45,0
ECDA.US,D,20231012,000000,422.4,426,422.4,426,55.900000000000006,0
ECDA.US,D,20231019,000000,428,428,428,428,25.75,0
ECDA.US,D,20231026,000000,429.2,430,428.8,429.2,129,0
ECDA.US,D,20231107,000000,424.2,424.2,424.2,424.2,64.85000000000001,0
ECDA.US,D,20231109,000000,426.4,426.4,426.4,426.4,29.85,0
ECDA.US,D,20231115,000000,426.8,426.8,426,426.4,127.85000000000001,0
ECDA.US,D,20231116,000000,428,428.8,427.6,428,283.125,0
ECDA.US,D,20231117,000000,428.8,428.8,428.8,428.8,1255.325,0
ECDA.US,D,20231120,000000,428,428.8,426.8,428.4,898.975,0
ECDA.US,D,20231121,000000,428,428.404,428,428,916.725,0
ECDA.US,D,20231122,000000,428.4,428.804,428,428.804,5156.875,0
ECDA.US,D,20231124,000000,429.148,429.148,428.8,428.8,377.55,0
ECDA.US,D,20231127,000000,428.8,428.84,428.8,428.8,172,0
ECDA.US,D,20231128,000000,429.6,432,429.6,430,16693.075,0
ECDA.US,D,20231129,000000,430.4,430.4,429.6,430,9529.9,0
ECDA.US,D,20231130,000000,429.6,430.8,429.6,430.8,2182.0750000000003,0
ECDA.US,D,20231201,000000,430.2,430.8,430.2,430.4,1021.85,0
ECDA.US,D,20231204,000000,426,426,353.4,353.4,340.475,0
ECDA.US,D,20231206,000000,340,480,306.8,392.4,1381.4,0
ECDA.US,D,20231207,000000,357.2,357.2,279.6,287.2,664.5250000000001,0
ECDA.US,D,20231208,000000,282,680,282,364,24835.300000000003,0
ECDA.US,D,20231211,000000,334.8,377.6,244,292.4,3581.8500000000004,0
ECDA.US,D,20231212,000000,292.8,319.596,90.004,117.2,19168.425,0
ECDA.US,D,20231213,000000,94,98.8,68.824,75.6,19752.5,0
ECDA.US,D,20231214,000000,80,86.4,69.6,73.2,14157.5,0
ECDA.US,D,20231215,000000,66.8,70,64,67.2,3370,0
ECDA.US,D,20231218,000000,67.2,88.8,60,71.2,9673.125,0
ECDA.US,D,20231219,000000,80.8,94,64.8,68.8,42268.950000000004,0
ECDA.US,D,20231220,000000,67.2,67.9,60.8,62.8,6188.55,0
ECDA.US,D,20231221,000000,62.8,81.6,62.8,66.8,23381.225000000002,0
ECDA.US,D,20231222,000000,66,71.6,60.4,68,6538.375,0
ECDA.US,D,20231226,000000,67.6,68.6,60.4,62,3656.675,0
ECDA.US,D,20231227,000000,60.4,60.4,46,50,5879.325000000001,0
ECDA.US,D,20231228,000000,51.6,52.4,48,51.2,2826.0750000000003,0
ECDA.US,D,20231229,000000,48,50.904,48,49.2,2041.9250000000002,0
ECDA.US,D,20240102,000000,50.4,50.4,38,41.228,6357.900000000001,0
ECDA.US,D,20240103,000000,41.2,53.6,38.008,47.2,22645.475000000002,0
ECDA.US,D,20240104,000000,42.8,46.86,40,41.6,4194.150000000001,0
ECDA.US,D,20240105,000000,41.6,47.6,41.6,44.4,6250.450000000001,0
ECDA.US,D,20240108,000000,42.8,44,40,43.2,2425.625,0
ECDA.US,D,20240109,000000,42.4,49.196,41.6,47.2,10701.550000000001,0
ECDA.US,D,20240110,000000,43.6,46.4,40.8,46.4,41740.975000000006,0
ECDA.US,D,20240111,000000,46,46.4,41.204,45.2,6567.175,0
ECDA.US,D,20240112,000000,45.6,51.2,45.584,49.6,6431.6,0
ECDA.US,D,20240116,000000,50.8,51.2,45.2,46.4,1882.375,0
ECDA.US,D,20240117,000000,45.2,46.356,42.4,45.2,852.95,0
ECDA.US,D,20240118,000000,44,44.8,40.4,40.4,3951.4,0
ECDA.US,D,20240119,000000,39.952,42,36,41.2,3262.9750000000004,0
ECDA.US,D,20240122,000000,41.2,42,38,38,572.725,0
ECDA.US,D,20240123,000000,40,40,38,38.012,615.9250000000001,0
ECDA.US,D,20240124,000000,38.4,39.2,36.004,36.804,1171.875,0
ECDA.US,D,20240125,000000,39.48,39.64,37.042,37.044,710.4000000000001,0
ECDA.US,D,20240126,000000,36.356,39,36,37.2,1119.4,0
ECDA.US,D,20240129,000000,36.028,38.6,35.56,36.4,975.35,0
ECDA.US,D,20240130,000000,38.4,43.6,37.2,38.8,3520.25,0
ECDA.US,D,20240131,000000,39.968,43.196,38.104,40,2301.475,0
ECDA.US,D,20240201,000000,40,42.8,38.8,42.8,1117.575,0
ECDA.US,D,20240202,000000,40.4,41.2,38.8,39.996,227.72500000000002,0
ECDA.US,D,20240205,000000,36.924,40,36.924,38.4,482.25,0
ECDA.US,D,20240206,000000,39,40,35.644,38,993.975,0
ECDA.US,D,20240207,000000,38.728,46.4,36.404,39.26,1317.6750000000002,0
ECDA.US,D,20240208,000000,38.084,44,38.084,39.2,597.775,0
ECDA.US,D,20240209,000000,39.844,41.6,38.4,39.2,629.075,0
ECDA.US,D,20240212,000000,40,40,36.8,39,467.475,0
ECDA.US,D,20240213,000000,38.996,38.996,30.804,31.996,2147.15,0
ECDA.US,D,20240214,000000,31.036,37.592,31.036,36,853.825,0
ECDA.US,D,20240215,000000,33.6,39.88,33.6,39.876,1448.65,0
ECDA.US,D,20240216,000000,37.2,39,37.2,38,124.275,0
ECDA.US,D,20240220,000000,39.576,39.576,35.204,37,448.65000000000003,0
ECDA.US,D,20240221,000000,37.2,37.2,36.04,36.04,240.9,0
ECDA.US,D,20240222,000000,37.836,38,35.2,36.004,667.5250000000001,0
ECDA.US,D,20240223,000000,35.6,37.22,35.2,36.788,207.75,0
ECDA.US,D,20240226,000000,36.8,36.8,35.2,35.2,165.025,0
ECDA.US,D,20240227,000000,37.2,37.2,35.2,35.604,516.5500000000001,0
ECDA.US,D,20240228,000000,37.2,37.5,34.4,34.6,421.45000000000005,0
ECDA.US,D,20240229,000000,37.6,37.6,33.6,33.6,574.4250000000001,0
ECDA.US,D,20240301,000000,35.2,36,34.8,36,76.3,0
ECDA.US,D,20240304,000000,37.3,37.98,36.55,37.6,174.70000000000002,0
ECDA.US,D,20240305,000000,37.736,37.736,34.396,35.5,619.5250000000001,0
ECDA.US,D,20240306,000000,34,34.024,32,34,1475.95,0
ECDA.US,D,20240307,000000,35.38,38,32.088,35.24,687.0250000000001,0
ECDA.US,D,20240308,000000,38.396,39.04,34.4,37.6,1785.7250000000001,0
ECDA.US,D,20240311,000000,36.872,44.4,36.6,42.4,2985.3250000000003,0
ECDA.US,D,20240312,000000,41.2,52.6,38.004,48,10345.150000000001,0
ECDA.US,D,20240313,000000,44.4,45.6,40.8,42.8,3275.7000000000003,0
ECDA.US,D,20240314,000000,42,42,32,34,2321.65,0
ECDA.US,D,20240315,000000,34,39.996,34,36.004,2505.7000000000003,0
ECDA.US,D,20240318,000000,36.4,42.756,36.4,41.6,1072.775,0
ECDA.US,D,20240319,000000,43.6,43.6,38.776,40,621.375,0
ECDA.US,D,20240320,000000,38.4,41.996,38.02,39.6,1119.65,0
ECDA.US,D,20240321,000000,41.2,41.2,37.98,40,616.5250000000001,0
ECDA.US,D,20240322,000000,40.616,42,39.232,40.8,513.6,0
ECDA.US,D,20240325,000000,40.4,40.4,36.404,39.608,614.75,0
ECDA.US,D,20240326,000000,38.688,40.4,37.44,39.6,403.1,0
ECDA.US,D,20240327,000000,40.4,40.4,38,38.4,113.35000000000001,0
ECDA.US,D,20240328,000000,37.6,39.64,37.2,37.6,262.1,0
ECDA.US,D,20240401,000000,37.6,38.4,34.8,35.608,1193.525,0
ECDA.US,D,20240402,000000,35.8,36.4,35.2,36.4,308.20000000000005,0
ECDA.US,D,20240403,000000,37.12,38.8,35.2,35.504,425.65000000000003,0
ECDA.US,D,20240404,000000,34.8,40,34.8,38,631.725,0
ECDA.US,D,20240405,000000,38,39.632,38,38.276,236.65,0
ECDA.US,D,20240408,000000,36,44.4,36,41.2,3120.175,0
ECDA.US,D,20240409,000000,45.6,47.48,41.2,42,1888.625,0
ECDA.US,D,20240410,000000,46,50,43,44.2,1724.525,0
ECDA.US,D,20240411,000000,42.8,57.596,42,55.6,22609.050000000003,0
ECDA.US,D,20240412,000000,62,62,56,56,8088.450000000001,0
ECDA.US,D,20240415,000000,58,60.4,48,48.4,4453.8,0
ECDA.US,D,20240416,000000,48.4,49.764,45.2,45.6,1180.425,0
ECDA.US,D,20240417,000000,44.4,49.312,44,46,765.75,0
ECDA.US,D,20240418,000000,46.36,47.6,44.004,44.4,1070.775,0
ECDA.US,D,20240419,000000,47.2,47.2,42.8,46.8,992.4000000000001,0
ECDA.US,D,20240422,000000,47.2,47.2,43.2,44,700.9250000000001,0
ECDA.US,D,20240423,000000,44.4,52.8,44.4,49.2,1301.95,0
ECDA.US,D,20240424,000000,48.4,52,45.2,47.6,935.1,0
ECDA.US,D,20240425,000000,50.8,51.596,44.4,46,955.6,0
ECDA.US,D,20240426,000000,45.2,47.2,43.2,44.8,1186,0
ECDA.US,D,20240429,000000,47.6,47.6,44,46.8,1221.825,0
ECDA.US,D,20240430,000000,48.8,49.436,45.6,47.2,142.8,0
ECDA.US,D,20240501,000000,47.8,49.2,46.08,48,525.1,0
ECDA.US,D,20240502,000000,51.6,52,46.4,47.8,1646.9750000000001,0
ECDA.US,D,20240503,000000,55.6,58,46.948,52.8,2248.4,0
ECDA.US,D,20240506,000000,52,52.8,48,48,2558.625,0
ECDA.US,D,20240507,000000,50,50.4,46,48,1468.8500000000001,0
ECDA.US,D,20240508,000000,47.2,47.2,46.4,46.4,400.15000000000003,0
ECDA.US,D,20240509,000000,48.2,48.2,44.8,46.4,2735.275,0
ECDA.US,D,20240510,000000,46,46.4,45.8,46,556.375,0
ECDA.US,D,20240513,000000,45.6,46.928,42.8,46.4,1401.45,0
ECDA.US,D,20240514,000000,44.4,46,44.4,45.6,485.975,0
ECDA.US,D,20240515,000000,44.872,46.68,43.8,45.6,391.20000000000005,0
ECDA.US,D,20240516,000000,46,48.4,46,46.4,527.45,0
ECDA.US,D,20240517,000000,49.4,51.484,46,46,1162.7250000000001,0
ECDA.US,D,20240520,000000,45,47.6,44.4,46,505.15000000000003,0
ECDA.US,D,20240521,000000,46,47.196,45.8,46.4,443.35,0
ECDA.US,D,20240522,000000,44.4,46.4,44.4,46,422.175,0
ECDA.US,D,20240523,000000,46.8,47.2,45.6,46,531.275,0
ECDA.US,D,20240524,000000,45.8,46.4,45.8,46,475.35,0
ECDA.US,D,20240528,000000,45.6,46.4,45.6,46.4,1045.2,0
ECDA.US,D,20240529,000000,46,46.252,45.2,46,673.75,0
ECDA.US,D,20240530,000000,46,46.4,45.2,46,484.125,0
ECDA.US,D,20240531,000000,46,46,45.2,45.2,464.07500000000005,0
ECDA.US,D,20240603,000000,45.196,45.196,42.4,44.4,451.85,0
ECDA.US,D,20240604,000000,44.4,45.6,44,45.6,845.6,0
ECDA.US,D,20240605,000000,44,45.2,43.604,44.2,331.475,0
ECDA.US,D,20240606,000000,43.792,44.8,43.6,43.6,522.575,0
ECDA.US,D,20240607,000000,43.996,43.996,42,42.8,793.625,0
ECDA.US,D,20240610,000000,42.08,43,38.004,38.8,2633.7000000000003,0
ECDA.US,D,20240611,000000,38.8,38.8,36.804,37,2451.5750000000003,0
ECDA.US,D,20240612,000000,38.796,41.068,38.6532,40,449.57500000000005,0
ECDA.US,D,20240613,000000,41.2,41.2,38.952,40.4,633.2,0
ECDA.US,D,20240614,000000,38.8,41.2,38.8,38.804,96.17500000000001,0
ECDA.US,D,20240617,000000,38.8248,41.6,38.808,40.2,692.75,0
ECDA.US,D,20240618,000000,40.8,41.196,38.8,38.804,200.025,0
ECDA.US,D,20240620,000000,40,42,40,42,148.35,0
ECDA.US,D,20240621,000000,39.6,40.4,39.2,39.2,936.1500000000001,0
ECDA.US,D,20240624,000000,39.2,40.2,39.2,39.6,189.125,0
ECDA.US,D,20240625,000000,43.952,43.952,39.288,41.2,522.525,0
ECDA.US,D,20240626,000000,39.484,41.2,38,39.503,898.975,0
ECDA.US,D,20240627,000000,39.6,39.6,38.4,38.428,283.90000000000003,0
ECDA.US,D,20240628,000000,48.8,58,43.6,48.4,449086.025,0
ECDA.US,D,20240701,000000,48,49.2,42.804,44,27273.125,0
ECDA.US,D,20240702,000000,44,44.8,40,44,8019.125,0
ECDA.US,D,20240703,000000,43.6,46,42.4,46,3135.1000000000004,0
ECDA.US,D,20240705,000000,46.8,50,45.2,48.8,5714.200000000001,0
ECDA.US,D,20240708,000000,50,50.384,46,47.6,2967.625,0
ECDA.US,D,20240709,000000,48.4,48.8,46.004,47.2,2335.975,0
ECDA.US,D,20240710,000000,48,48.4,44,44,4037.425,0
ECDA.US,D,20240711,000000,46,46.8,44.8,46,1032.825,0
ECDA.US,D,20240712,000000,44.8,47.196,44.8,46,620.075,0
ECDA.US,D,20240715,000000,46.8,54,45.6,52.4,10798.775000000001,0
ECDA.US,D,20240716,000000,51.6,52.8,50,50.4,4980.525000000001,0
ECDA.US,D,20240717,000000,50.4,53.2,50.4,51.6,1872.9250000000002,0
ECDA.US,D,20240718,000000,52,52,48,48.4,498.1,0
ECDA.US,D,20240719,000000,51.2,52,48.8,50,1648.8000000000002,0
ECDA.US,D,20240722,000000,50,53.2,49.32,51.2,753.1500000000001,0
ECDA.US,D,20240723,000000,49.2,52.396,48,51.4,496.40000000000003,0
ECDA.US,D,20240724,000000,53.6,53.6,48,49.6,907.8000000000001,0
ECDA.US,D,20240725,000000,52.4,52.4,48.4,50,694.5,0
ECDA.US,D,20240726,000000,48.8,50.364,48.4,49.2,303.35,0
ECDA.US,D,20240729,000000,48.8,49.248,47.6,47.6,376.3,0
ECDA.US,D,20240730,000000,49.576,50,46,48.4,636.225,0
ECDA.US,D,20240731,000000,48,48.004,46.4,46.8,269.925,0
ECDA.US,D,20240801,000000,46.4,46.796,44.212,44.8,434.05,0
ECDA.US,D,20240802,000000,44.4,44.66,38,40.8,3206.75,0
ECDA.US,D,20240805,000000,36,40.4,35.2,35.24,3470.4,0
ECDA.US,D,20240806,000000,35.6,42.8,35.6,36.732,1163.625,0
ECDA.US,D,20240807,000000,43.996,44,30.356,30.356,2453.0750000000003,0
ECDA.US,D,20240808,000000,35.6,37.6,30,36.104,1785.4,0
ECDA.US,D,20240809,000000,36.8,38.8,34.844,35.996,295.2,0
ECDA.US,D,20240812,000000,33.768,38.492,33.768,35.2,1843.1000000000001,0
ECDA.US,D,20240813,000000,36.256,40,36.256,39.2,74.525,0
ECDA.US,D,20240814,000000,39.6,41.2,35.908,41.2,463.475,0
ECDA.US,D,20240815,000000,43.6,43.6,38.4,40,677.4000000000001,0
ECDA.US,D,20240816,000000,42,46,39.6,42.4,1479.1000000000001,0
ECDA.US,D,20240819,000000,40,46,39.604,43.984,32388.275,0
ECDA.US,D,20240820,000000,48.4,52,41.2,50.8,15414.075,0
ECDA.US,D,20240821,000000,46.812,48.4,45.2,48,2094.3,0
ECDA.US,D,20240822,000000,48.004,52.8,46,52,3186,0
ECDA.US,D,20240823,000000,50.4,50.6,46,48.8,1525.4250000000002,0
ECDA.US,D,20240826,000000,46.8,50,46.4,47.2,2284.5750000000003,0
ECDA.US,D,20240827,000000,44.4,49.2,44.016,48,1502.95,0
ECDA.US,D,20240828,000000,46,48.392,46,46.4,854.75,0
ECDA.US,D,20240829,000000,47.4,48.4,46,46,1133.9,0
ECDA.US,D,20240830,000000,46.016,49.2,46,48.8,157.8,0
ECDA.US,D,20240903,000000,47.6,47.6,43.6,44.8,440.05,0
ECDA.US,D,20240904,000000,42,47.6,41.968,46,854.0250000000001,0
ECDA.US,D,20240905,000000,45.928,47.2,44,45.6,267.05,0
ECDA.US,D,20240906,000000,45.6,47.6,44,47.2,310.35,0
ECDA.US,D,20240909,000000,45.2,47.2,41.884,46.4,567.475,0
ECDA.US,D,20240910,000000,42.4,48,42.4,43.6,1033.3,0
ECDA.US,D,20240911,000000,35.72,45.2,35.72,42,2986.8,0
ECDA.US,D,20240912,000000,42.4,46.4,40.8,44.4,1666.9750000000001,0
ECDA.US,D,20240913,000000,46.8,50,46.4,48,6094.275000000001,0
ECDA.US,D,20240916,000000,48.8,50,48,49.956,2084.05,0
ECDA.US,D,20240917,000000,50,50,48,48,627.125,0
ECDA.US,D,20240918,000000,48.132,50,48,48,898.8000000000001,0
ECDA.US,D,20240919,000000,48.4,50,48,48,1114.175,0
ECDA.US,D,20240920,000000,48,48,45.6,47.2,1282.325,0
ECDA.US,D,20240923,000000,47.2,47.2,44.396,45.2,983.6500000000001,0
ECDA.US,D,20240924,000000,48.8,48.8,46.4,46.4,335.8,0
ECDA.US,D,20240925,000000,47.2,48.796,45.2,47.6,511.425,0
ECDA.US,D,20240926,000000,47.6,48,46.8,48,185.875,0
ECDA.US,D,20240927,000000,48.2,49.2,47.2,48.4,309.8,0
ECDA.US,D,20240930,000000,47.6,47.6,46.8,47.6,210.5,0
ECDA.US,D,20241001,000000,48.4,48.4,43.2,43.6,1860.3000000000002,0
ECDA.US,D,20241002,000000,45.2,46.4,44,45.2,101.075,0
ECDA.US,D,20241003,000000,43.712,44.8,43.6,43.6,49.35,0
ECDA.US,D,20241004,000000,44,45.156,43.6,43.6,155.175,0
ECDA.US,D,20241007,000000,44,45.6,43.604,44,315.55,0
ECDA.US,D,20241008,000000,44,45.2,43,43.2,162.72500000000002,0
ECDA.US,D,20241009,000000,41.6,44.4,41.6,42.8,476.45000000000005,0
ECDA.US,D,20241010,000000,41.6,43.348,41.6,43.2,167.425,0
ECDA.US,D,20241011,000000,43.2,44.676,42,42.8,248.05,0
ECDA.US,D,20241014,000000,44,44.4,42.4,43.6,568.125,0
ECDA.US,D,20241015,000000,42.4,43.2,41.6,42.4,401.425,0
ECDA.US,D,20241016,000000,42.4,45.456,41.2,44.8,932.575,0
ECDA.US,D,20241017,000000,43.2,44.8,42,42.8,533.525,0
ECDA.US,D,20241018,000000,41.2,44.396,41.2,42,363,0
ECDA.US,D,20241021,000000,41.2,43.26,41.2,41.2,526.4250000000001,0
ECDA.US,D,20241022,000000,41.2,43,41.2,42.4,867.125,0
ECDA.US,D,20241023,000000,41.9,42.6,40.4,40.8,563.825,0
ECDA.US,D,20241024,000000,40.4,42,40.4,40.6,349.55,0
ECDA.US,D,20241025,000000,40,42.396,40,40.4,1117.3500000000001,0
ECDA.US,D,20241028,000000,40.8,43.2,40,40.8,777.075,0
ECDA.US,D,20241029,000000,42.8,43,40,42,760.4000000000001,0
ECDA.US,D,20241030,000000,40.4,45.6,40,44,2517.625,0
ECDA.US,D,20241031,000000,43.2,46.2,42,45.2,1630.125,0
ECDA.US,D,20241101,000000,44.8,45.376,43.6,43.6,679.625,0
ECDA.US,D,20241104,000000,42.4,44.6,42,44.4,829.7750000000001,0
ECDA.US,D,20241105,000000,43.2,44.4,40,41.6,781.1500000000001,0
ECDA.US,D,20241106,000000,41.2,44.4,40.4,40.8,797.7750000000001,0
ECDA.US,D,20241107,000000,40,42.8,40,41.2,361.32500000000005,0
ECDA.US,D,20241108,000000,40.4,44.224,40,42,888.725,0
ECDA.US,D,20241111,000000,41.2,44.4,40,40,708.825,0
ECDA.US,D,20241112,000000,40,43.908,40,40,1117.9,0
ECDA.US,D,20241113,000000,44.796,44.796,36.4,39.62,1401.325,0
ECDA.US,D,20241114,000000,39.6,40.4,38,40.4,265.85,0
ECDA.US,D,20241115,000000,39.12,40.2,37.2,37.2,612.4,0
ECDA.US,D,20241118,000000,38.6,40.4,36.24,36.24,924.625,0
ECDA.US,D,20241119,000000,36,41.2,36,38.88,803,0
ECDA.US,D,20241120,000000,37.6,37.6,32.8,35.2,5438.825000000001,0
ECDA.US,D,20241121,000000,37.22,40.4,36.04,39.196,2952.025,0
ECDA.US,D,20241122,000000,38.8,39.596,36.84,38.804,540.25,0
ECDA.US,D,20241125,000000,41.6,43.2,37.6,38.004,1339.9750000000001,0
ECDA.US,D,20241126,000000,38.004,40.8,38.004,39.2,498.425,0
ECDA.US,D,20241127,000000,41.2,41.2,38.524,38.8,1697.3000000000002,0
ECDA.US,D,20241129,000000,36.8,39.6,36.8,39.2,188.95000000000002,0
ECDA.US,D,20241202,000000,34,39.996,34,39.2,1142.675,0
ECDA.US,D,20241203,000000,37.6,40,37.6,39.2,1240.4,0
ECDA.US,D,20241204,000000,42.8,42.8,38,38.404,753.325,0
ECDA.US,D,20241205,000000,39.2,39.588,38,38,121.67500000000001,0
ECDA.US,D,20241206,000000,38.404,40,38.4,38.8,1107.125,0
ECDA.US,D,20241209,000000,39.6,39.6,38.8,39.6,489.77500000000003,0
ECDA.US,D,20241210,000000,39.368,40,39,40,813.625,0
ECDA.US,D,20241211,000000,42.8,42.8,39.204,39.24,611.8000000000001,0
ECDA.US,D,20241212,000000,38,39.6,37.392,38.004,872.725,0
ECDA.US,D,20241213,000000,38.004,42,36.004,40.4,2357.75,0
ECDA.US,D,20241216,000000,38.784,42.8,38,40.8,3345.4500000000003,0
ECDA.US,D,20241217,000000,39.6,42,35.204,40.888,1976.5,0
ECDA.US,D,20241218,000000,42,42,37.9996,38.004,1055.6000000000001,0
ECDA.US,D,20241219,000000,36.8,42,36.4,38.816,445.77500000000003,0
ECDA.US,D,20241220,000000,38.4,39.2,37.2,37.2,969.1,0
ECDA.US,D,20241223,000000,40.4,41.2,38,38.796,396.90000000000003,0
ECDA.US,D,20241224,000000,41.12,41.2,38,39.996,548.1,0
ECDA.US,D,20241226,000000,39.6,41.2,38.4,38.4,1213.275,0
ECDA.US,D,20241227,000000,40,40.8,38,39.2,170.175,0
ECDA.US,D,20241230,000000,39.6,40.796,38,39.6,784.0250000000001,0
ECDA.US,D,20241231,000000,38.6,40.796,37.6,38.4,718.9000000000001,0
ECDA.US,D,20250102,000000,39.28,40,37.6,37.6,1001.1750000000001,0
ECDA.US,D,20250103,000000,38,40,38,39.2,1146.325,0
ECDA.US,D,20250106,000000,39.2,40,38.4,40,352.475,0
ECDA.US,D,20250107,000000,40,40,38,39.536,190.175,0
ECDA.US,D,20250108,000000,39.6,40,39.2,39.2,364.125,0
ECDA.US,D,20250110,000000,38.4,39.6,37.612,39,573.725,0
ECDA.US,D,20250113,000000,40,40,38.6,39.6,281.2,0
ECDA.US,D,20250114,000000,39.6,39.996,36.4,37.1,683.5500000000001,0
ECDA.US,D,20250115,000000,36.04,36.8,34,36.796,1246.5,0
ECDA.US,D,20250116,000000,35.204,39.596,35.204,36.8,767.0250000000001,0
ECDA.US,D,20250117,000000,35.6,38.8,35.6,37.6,1394.8500000000001,0
ECDA.US,D,20250121,000000,38.4,39.1,36,36.8,2230.6,0
ECDA.US,D,20250122,000000,36.44,37.996,32.032,34.92,4488.05,0
ECDA.US,D,20250123,000000,34.924,38.116,34.404,34.808,2079.1,0
ECDA.US,D,20250124,000000,36.42,39.544,35.2,36,2031.1000000000001,0
ECDA.US,D,20250127,000000,35.6,38,34.404,35.996,553.1,0
ECDA.US,D,20250128,000000,34.42,38,31.108,33.864,2735.9750000000004,0
ECDA.US,D,20250129,000000,34.04,35,30.8,31.596,2006.125,0
ECDA.US,D,20250130,000000,30.84,33.996,30.84,33.2,656,0
ECDA.US,D,20250131,000000,32.598,33.56,30.44,31.68,783.125,0
ECDA.US,D,20250203,000000,30.8,33.596,30.4,32,458.925,0
ECDA.US,D,20250204,000000,32.9,35.996,32.204,35.1,993.1500000000001,0
ECDA.US,D,20250205,000000,34.12,36,32.24,34.24,934.9250000000001,0
ECDA.US,D,20250206,000000,32.244,36.4,32.244,36.4,530.475,0
ECDA.US,D,20250207,000000,34.028,36.4,34.028,36.4,333.925,0
ECDA.US,D,20250210,000000,35.588,36.96,33.68,33.68,680.125,0
ECDA.US,D,20250211,000000,37.804,37.804,37.804,37.804,28.175,0
ECDA.US,D,20250212,000000,34,36,33.2,34.756,1194.275,0
ECDA.US,D,20250213,000000,31.64,35.6,31.2,35.596,274.05,0
ECDA.US,D,20250214,000000,34.206,35.56,32.8,35.56,516.075,0
ECDA.US,D,20250218,000000,34,35.2,32.8,34.12,169.10000000000002,0
ECDA.US,D,20250219,000000,34,34,32.692,34,262.02500000000003,0
ECDA.US,D,20250220,000000,34.8,36,32.8,35.964,718.225,0
ECDA.US,D,20250221,000000,35.964,38.396,32.876,33.72,1113.9,0
ECDA.US,D,20250224,000000,33.76,36.8,30.88,33.468,414.975,0
ECDA.US,D,20250225,000000,31.4,33.996,31.4,33.576,292.375,0
ECDA.US,D,20250226,000000,32.16,34,32,33.2,94.825,0
ECDA.US,D,20250227,000000,32,34.4,31.4,32.8,820.4000000000001,0
ECDA.US,D,20250228,000000,33.98,35.92,31.404,34,1285.1000000000001,0
ECDA.US,D,20250303,000000,33.2,34,31.624,34,296.925,0
ECDA.US,D,20250304,000000,33.96,33.96,29.28,33.596,1230.8000000000002,0
ECDA.US,D,20250305,000000,33.6,33.6,25.6,29.92,1195.3,0
ECDA.US,D,20250306,000000,29.92,29.92,26,26.04,199.15,0
ECDA.US,D,20250307,000000,24.996,30.0804,22.892,27.576,2058.225,0
ECDA.US,D,20250310,000000,26.748,29.6,24.604,28.4,639.5250000000001,0
ECDA.US,D,20250311,000000,29.548,29.548,27.66,29.18,68.95,0
ECDA.US,D,20250312,000000,30,30,27.32,29.948,163.95000000000002,0
ECDA.US,D,20250313,000000,29.8,29.8,26.656,29.036,209.775,0
ECDA.US,D,20250314,000000,28.4,31.996,27.8,31.196,380.70000000000005,0
ECDA.US,D,20250317,000000,31.6,31.6,31.6,31.6,122.4,0
ECDA.US,D,20250318,000000,29.2,31.6,26.34,27.2,301.77500000000003,0
ECDA.US,D,20250319,000000,26.76,32,24.704,27.36,784.75,0
ECDA.US,D,20250320,000000,31.728,31.996,27.32,28.4,336.07500000000005,0
ECDA.US,D,20250321,000000,29.8,31.996,24.8,30.988,881.5,0
ECDA.US,D,20250324,000000,29.8,29.8,27.8,28.424,215.95000000000002,0
ECDA.US,D,20250325,000000,28.9394,29.6,27.8,27.8,468.85,0
ECDA.US,D,20250326,000000,26.408,26.4199,24.8,25.6,1189.075,0
ECDA.US,D,20250327,000000,25.96,29.192,25.88,27.2,366.175,0
ECDA.US,D,20250328,000000,26.64,27.3793,24.76,26.396,1303.65,0
ECDA.US,D,20250331,000000,24.012,26.628,22.28,23.492,640.7750000000001,0
ECDA.US,D,20250401,000000,22.8,27.996,22.44,22.8,613.075,0
ECDA.US,D,20250402,000000,25.4,27.84,22.8,24.332,2748.4,0
ECDA.US,D,20250403,000000,27.888,27.888,21.736,22.468,2061.375,0
ECDA.US,D,20250404,000000,23.96,28,18,26.576,6086.375,0
ECDA.US,D,20250407,000000,28.76,29.2,20.216,23.12,1243.7,0
ECDA.US,D,20250408,000000,19.604,30.492,19.604,23.204,5926.150000000001,0
ECDA.US,D,20250409,000000,22.6,26.4,20.656,24.8,1032.275,0
ECDA.US,D,20250410,000000,24.4,26,22.086,22.086,669.5,0
ECDA.US,D,20250411,000000,22.088,23.2,22.004,23.2,138.55,0
ECDA.US,D,20250414,000000,22.176,25.2,20.4,21.86,1828.325,0
ECDA.US,D,20250415,000000,21.64,22.6005,20,21.6,187.10000000000002,0
ECDA.US,D,20250416,000000,22.3415,22.76,19.204,19.976,154.60000000000002,0
ECDA.US,D,20250417,000000,19.2,20,19.2,19.6,105.875,0
ECDA.US,D,20250421,000000,19.398,34.732,14.072,16.48,179977.225,0
ECDA.US,D,20250422,000000,15.492,15.996,11.9,15,6909.950000000001,0
ECDA.US,D,20250423,000000,13.8,15,13.604,14.04,3541.125,0
ECDA.US,D,20250424,000000,14.54,15.06,12.278,12.64,4093.025,0
ECDA.US,D,20250425,000000,14.764,14.8,12.8,14.36,2915.55,0
ECDA.US,D,20250428,000000,13.5,14.796,12.448,13.168,3598.675,0
ECDA.US,D,20250429,000000,13.156,13.156,11.852,12.68,3389.25,0
ECDA.US,D,20250430,000000,12.256,12.932,12,12.088,719.9250000000001,0
ECDA.US,D,20250501,000000,12.88,12.88,11.644,12.28,1994.8500000000001,0
ECDA.US,D,20250502,000000,11.68,12.54,11.68,11.92,991.7,0
ECDA.US,D,20250505,000000,12.104,13.3477,11.636,12.28,2704.6000000000004,0
ECDA.US,D,20250506,000000,12.4,13.172,12.284,12.64,1116.175,0
ECDA.US,D,20250507,000000,12.2,17.98,12.2,16.404,20866.45,0
ECDA.US,D,20250508,000000,15.42,17.204,14.82,15.7339,9403.1,0
ECDA.US,D,20250509,000000,15.6,16.62,13.6324,13.844,2588.9750000000004,0
ECDA.US,D,20250512,000000,13.6,15.2,13,13.4,1314.325,0
ECDA.US,D,20250513,000000,14.4,19.06,13.2,14.2,67361.85,0
ECDA.US,D,20250514,000000,14.6,21.328,13.348,14.8,49164.575000000004,0
ECDA.US,D,20250515,000000,14.964,16.796,14.124,14.44,6425.650000000001,0
ECDA.US,D,20250516,000000,14.792,14.792,13.44,13.52,5770.35,0
ECDA.US,D,20250519,000000,13.62,13.9,12.312,12.5,4811.2,0
ECDA.US,D,20250520,000000,12.6,13.2,11.9,12.004,3801.7000000000003,0
ECDA.US,D,20250521,000000,12,12,10.412,10.88,6494.075000000001,0
ECDA.US,D,20250522,000000,10.88,10.88,9.712,10.044,2985.4750000000004,0
ECDA.US,D,20250523,000000,10.28,10.78,9.468,10.12,1034.2,0
ECDA.US,D,20250527,000000,10.472,10.872,10,10.48,466.75,0
ECDA.US,D,20250528,000000,11.4,18.992,9.612,10.596,1217666.125,0
ECDA.US,D,20250529,000000,9.816,11.144,9.816,10.588,31433.725000000002,0
ECDA.US,D,20250530,000000,14.276,17.72,11.76,13.616,2554038.25,0
ECDA.US,D,20250602,000000,11.14,13.996,11.14,13.6,80976.725,0
ECDA.US,D,20250603,000000,11.84,13.58,11.788,12.24,27121.25,0
ECDA.US,D,20250604,000000,12.464,13.628,12.04,12.52,15991.725,0
ECDA.US,D,20250605,000000,12.4,14.56,12.4,14.084,47077.175,0
ECDA.US,D,20250606,000000,13.02,13.92,12.748,12.916,306853.05,0
ECDA.US,D,20250609,000000,12.66,13.948,11.776,12.912,21710.375,0
ECDA.US,D,20250610,000000,12.696,13.132,12.092,12.876,13468.85,0
ECDA.US,D,20250611,000000,12.732,13.828,12.48,13.056,23149.2,0
ECDA.US,D,20250612,000000,12.7,13.2,12.4,12.964,7866.875,0
ECDA.US,D,20250613,000000,12.692,12.836,12.212,12.504,6749.75,0
ECDA.US,D,20250616,000000,12.016,12.884,12,12.4,3983.65,0
ECDA.US,D,20250617,000000,12.468,13.144,12.04,12.152,5563.5,0
ECDA.US,D,20250618,000000,12.204,12.4,11.604,12.316,2761.3500000000004,0
ECDA.US,D,20250620,000000,12.8,12.8,12,12.388,2645.775,0
ECDA.US,D,20250623,000000,28.668,29.2,12,13.852,5627815.725000001,0
ECDA.US,D,20250624,000000,13.2,13.308,10.856,11.32,147928.30000000002,0
ECDA.US,D,20250625,000000,11.084,11.96,10.6,11.16,76997.825,0
ECDA.US,D,20250626,000000,10.92,11.108,9.836,10.1,56346.350000000006,0
ECDA.US,D,20250627,000000,10.4,11.4,10.2,11.16,123053.1,0
ECDA.US,D,20250630,000000,10.628,10.796,9.588,10.204,39837.600000000006,0
ECDA.US,D,20250701,000000,10.656,11.92,10.4,10.408,503702.125,0
ECDA.US,D,20250702,000000,10,11.576,10,11.16,126026.40000000001,0
ECDA.US,D,20250703,000000,10.684,11.36,10.4,11.14,64503.3,0
ECDA.US,D,20250707,000000,11.4,12.8,10.576,10.576,151632.375,0
ECDA.US,D,20250708,000000,10.9,11.4,10.508,11.324,87729.45000000001,0
ECDA.US,D,20250709,000000,11.792,12,10.824,11.136,137919.025,0
ECDA.US,D,20250710,000000,11.716,12.232,10.908,11.248,122219.925,0
ECDA.US,D,20250711,000000,11.796,11.824,10.8,10.86,102711.8,0
ECDA.US,D,20250714,000000,11.048,11.52,10.24,10.664,88474,0
ECDA.US,D,20250715,000000,10.792,11.124,10.2,10.74,78776.25,0
ECDA.US,D,20250716,000000,10.68,12.296,9.64,9.72,208948.90000000002,0
ECDA.US,D,20250717,000000,10.044,13.296,10.044,11.24,634920.5750000001,0
ECDA.US,D,20250718,000000,13.14,13.172,10.524,11.02,1362119.55,0
ECDA.US,D,20250721,000000,10.352,11.62,10.352,10.82,187962.7,0
ECDA.US,D,20250722,000000,10.292,10.968,10.04,10.692,110953.925,0
ECDA.US,D,20250723,000000,10,10.072,9.376,9.804,135176.125,0
ECDA.US,D,20250724,000000,9.604,9.756,8.82,8.824,73481.65000000001,0
ECDA.US,D,20250725,000000,8.88,8.956,6.9,7.416,112715.05,0
ECDA.US,D,20250728,000000,7.568,7.988,7.5,7.832,53595.75,0
ECDA.US,D,20250729,000000,7.804,8.36,7.6,8.12,56276.425,0
ECDA.US,D,20250730,000000,7.872,8,6.82,6.9,54421.475000000006,0
ECDA.US,D,20250731,000000,6.8,6.888,6,6.052,40804.450000000004,0
ECDA.US,D,20250801,000000,6.004,6.16,5.22004,5.604,43374.675,0
ECDA.US,D,20250804,000000,5.64,6.548,5.64,6.304,47235.125,0
ECDA.US,D,20250805,000000,6.424,6.496,5.872,6.02,37500.15,0
ECDA.US,D,20250806,000000,6.016,6.084,5.632,5.736,29950.65,0
ECDA.US,D,20250807,000000,5.72,6.396,5.6,5.664,37758.525,0
ECDA.US,D,20250808,000000,5.6,6.06,5.404,5.922,17486.925,0
ECDA.US,D,20250811,000000,6.08,6.468,6.012,6.3,18456.475000000002,0
ECDA.US,D,20250812,000000,6.296,6.82,6.296,6.712,27770.300000000003,0
ECDA.US,D,20250813,000000,6.512,6.512,6,6.024,29303.45,0
ECDA.US,D,20250814,000000,5.88,6.564,5.688,5.768,147748.7,0
ECDA.US,D,20250815,000000,6.124,6.6,5.8,5.928,196040.075,0
ECDA.US,D,20250818,000000,5.872,5.92004,5.476,5.564,40118.875,0
ECDA.US,D,20250819,000000,5.24,5.556,5.2,5.368,33868.175,0
ECDA.US,D,20250820,000000,5.38,5.8,5.2,5.784,73074.90000000001,0
ECDA.US,D,20250821,000000,5.74,6.04,5.2,5.48,88849.35,0
ECDA.US,D,20250822,000000,5.572,5.72,5.24,5.42,29426.975000000002,0
ECDA.US,D,20250825,000000,5.352,5.724,5.352,5.416,23706.375,0
ECDA.US,D,20250826,000000,5.48,5.59996,5.284,5.34,31274.325,0
ECDA.US,D,20250827,000000,5.22,6.28,5.22,5.572,322140.325,0
ECDA.US,D,20250828,000000,5.56,5.916,5.42,5.536,58419.125,0
ECDA.US,D,20250829,000000,5.484,5.76,5.372,5.592,47611.100000000006,0
ECDA.US,D,20250902,000000,5.26,5.496,5.26,5.28,23357,0
ECDA.US,D,20250903,000000,5.388,5.436,4.568,4.8,56751.775,0
ECDA.US,D,20250904,000000,4.884,5,3.732,4.104,95039.3,0
ECDA.US,D,20250905,000000,4.072,5.384,4,4.664,318636,0
ECDA.US,D,20250908,000000,4.572,4.88,4.2,4.44,86301.45000000001,0
ECDA.US,D,20250909,000000,4.608,4.952,4.412,4.784,74883.325,0
ECDA.US,D,20250910,000000,4.52,4.8,4.464,4.544,29424.25,0
ECDA.US,D,20250911,000000,4.564,4.76,4.5,4.68,25744.850000000002,0
ECDA.US,D,20250912,000000,4.684,5.856,4.68,5.48,311229.2,0
ECDA.US,D,20250915,000000,3.788,4.12,3.724,4.036,151610.575,0
ECDA.US,D,20250916,000000,3.996,4.176,3.864,3.88,57373.125,0
ECDA.US,D,20250917,000000,3.88,4.14,3.84,3.916,36213.775,0
ECDA.US,D,20250918,000000,3.61,4.76,3.45,4.32,266798,0
ECDA.US,D,20250919,000000,4.07,4.1829,3.96,4,116917,0
ECDA.US,D,20250922,000000,3.99,4,3.42,3.5,639176,0
ECDA.US,D,20250923,000000,3.54,3.999,3.54,3.8,150391,0
ECDA.US,D,20250924,000000,3.79,4,3.6109,3.93,102716,0
ECDA.US,D,20250925,000000,3.93,4.15,3.62,3.72,168613,0
ECDA.US,D,20250926,000000,3.7,4.04,3.7,3.94,81889,0
ECDA.US,D,20250929,000000,4,4.135,3.94,4.05,130142,0
ECDA.US,D,20250930,000000,4.02,4.0853,3.82,3.85,92726,0
ECDA.US,D,20251001,000000,3.79,3.9508,3.6,3.7,106955,0
ECDA.US,D,20251002,000000,3.67,3.8616,3.67,3.77,28110,0
ECDA.US,D,20251003,000000,3.77,4.0899,3.69,3.77,60429,0
ECDA.US,D,20251006,000000,3.78,3.825,3.55,3.7,126520,0
ECDA.US,D,20251007,000000,3.8,3.841,3.59,3.63,233977,0
ECDA.US,D,20251008,000000,3.7,5,3.6,3.78,3278896,0
ECDA.US,D,20251009,000000,3.7,3.727,3.54,3.56,241160,0
ECDA.US,D,20251010,000000,3.65,3.68,2.6,2.72,322279,0
ECDA.US,D,20251013,000000,2.8,3.1452,2.8,2.86,130357,0
ECDA.US,D,20251014,000000,2.86,3.11,2.86,3.06,657661,0
ECDA.US,D,20251015,000000,2.94,3.03,2.86,2.87,142109,0
ECDA.US,D,20251016,000000,2.77,2.77,2.5,2.62,121480,0
ECDA.US,D,20251017,000000,2.5,2.6199,2.26,2.47,123934,0
ECDA.US,D,20251020,000000,2.46,2.67,2.45,2.59,49914,0
ECDA.US,D,20251021,000000,2.59,2.59,2.41,2.47,27661,0
ECDA.US,D,20251022,000000,2.47,2.6,2.33,2.37,53871,0
ECDA.US,D,20251023,000000,2.39,2.48,2.39,2.48,12161,0
ECDA.US,D,20251024,000000,2.52,2.6812,2.52,2.58,35224,0
ECDA.US,D,20251027,000000,2.58,2.7283,2.58,2.66,26864,0
ECDA.US,D,20251028,000000,2.61,2.6585,2.46,2.47,32564,0
ECDA.US,D,20251029,000000,2.47,2.6099,2.145,2.25,199696,0
ECDA.US,D,20251030,000000,2.24,2.24,2.1,2.14,79500,0
ECDA.US,D,20251031,000000,2.1,2.128,2.0594,2.06,21605,0
ECDA.US,D,20251103,000000,2.07,2.18,2.02,2.03,28325,0
ECDA.US,D,20251104,000000,2.01,2.01,1.43,1.49,242918,0
ECDA.US,D,20251105,000000,1.49,1.5096,1.4,1.44,58307,0
