<TICKER>,<PER>,<DATE>,<TIME>,<OPEN>,<HIGH>,<LOW>,<CLOSE>,<VOL>,<OPENINT>
ELPW.US,D,20241125,000000,2.2,2.34,1.8,1.85,2228464,0
ELPW.US,D,20241126,000000,1.73,1.73,1.47,1.61,629817,0
ELPW.US,D,20241127,000000,1.52,1.6,1.34,1.4,342218,0
ELPW.US,D,20241129,000000,1.39,1.435,1.3081,1.31,170693,0
ELPW.US,D,20241202,000000,1.3,1.46,1.24,1.41,197851,0
ELPW.US,D,20241203,000000,1.41,1.41,1.24,1.28,147645,0
ELPW.US,D,20241204,000000,1.25,1.2781,1.14,1.2,106164,0
ELPW.US,D,20241205,000000,1.19,1.23,1.05,1.075,267457,0
ELPW.US,D,20241206,000000,1.12,1.12,1.01,1.08,274086,0
ELPW.US,D,20241209,000000,1.12,1.28,1.01,1.25,343537,0
ELPW.US,D,20241210,000000,1.2105,1.3062,1.02,1.08,223195,0
ELPW.US,D,20241211,000000,1.1,1.1402,1.03,1.09,81886,0
ELPW.US,D,20241212,000000,1.15,1.19,1.04,1.07,130835,0
ELPW.US,D,20241213,000000,1.06,1.1599,1.04,1.1195,82440,0
ELPW.US,D,20241216,000000,1.06,1.13,1.05,1.05,58014,0
ELPW.US,D,20241217,000000,1.09,1.12,1.0202,1.06,84238,0
ELPW.US,D,20241218,000000,1.07,1.2,1.0416,1.11,208154,0
ELPW.US,D,20241219,000000,1.17,1.55,1.11,1.37,1215507,0
ELPW.US,D,20241220,000000,1.5,1.5,0.9,1.14,939926,0
ELPW.US,D,20241223,000000,1.09,1.14,0.9976,1.07,161280,0
ELPW.US,D,20241224,000000,1.085,1.1064,1.0103,1.05,74886,0
ELPW.US,D,20241226,000000,1.11,1.27,1.1,1.2,245998,0
ELPW.US,D,20241227,000000,1.21,1.2492,1.02,1.15,315207,0
ELPW.US,D,20241230,000000,1.16,1.21,1.0613,1.21,135708,0
ELPW.US,D,20241231,000000,1.18,1.37,1.172,1.32,173734,0
ELPW.US,D,20250102,000000,1.28,1.4158,1.209,1.3102,84590,0
ELPW.US,D,20250103,000000,1.34,1.39,1.23,1.291,63623,0
ELPW.US,D,20250106,000000,1.36,1.435,1.32,1.4,71483,0
ELPW.US,D,20250107,000000,1.42,1.45,1.3,1.34,25450,0
ELPW.US,D,20250108,000000,1.37,1.37,1.15,1.2007,79497,0
ELPW.US,D,20250110,000000,1.27,1.27,1.07,1.1,72625,0
ELPW.US,D,20250113,000000,1.2,1.2,1.06,1.09,122419,0
ELPW.US,D,20250114,000000,1.06,1.16,1.01,1.09,332355,0
ELPW.US,D,20250115,000000,1.04,1.1,1.02,1.03,41222,0
ELPW.US,D,20250116,000000,0.9874,1.05,0.9099,1.05,405063,0
ELPW.US,D,20250117,000000,1.1117,1.13,1.01,1.09,68927,0
ELPW.US,D,20250121,000000,1.1,1.13,1.01,1.11,74054,0
ELPW.US,D,20250122,000000,1.14,1.19,1.09,1.1,56580,0
ELPW.US,D,20250123,000000,1.18,1.22,1.03,1.17,28852,0
ELPW.US,D,20250124,000000,1.17,1.18,1.1,1.1784,122116,0
ELPW.US,D,20250127,000000,1.15,1.17,1.07,1.16,43588,0
ELPW.US,D,20250128,000000,1.13,1.1437,1.06,1.09,22506,0
ELPW.US,D,20250129,000000,1.07,1.1,1.03,1.05,65914,0
ELPW.US,D,20250130,000000,1.02,1.1864,0.99,1.098,91309,0
ELPW.US,D,20250131,000000,1.15,1.17,1.05,1.17,30745,0
ELPW.US,D,20250203,000000,1.15,1.18,1.06,1.14,25130,0
ELPW.US,D,20250204,000000,1.0756,1.15,0.9901,1.0359,212193,0
ELPW.US,D,20250205,000000,1,1.0225,0.925,0.965,409096,0
ELPW.US,D,20250206,000000,0.9522,1.01,0.9522,1.01,27276,0
ELPW.US,D,20250207,000000,0.96,1.08,0.9501,1.04,29241,0
ELPW.US,D,20250210,000000,1.08,1.08,0.95,0.99,25882,0
ELPW.US,D,20250211,000000,0.95,1.17,0.95,0.9801,439109,0
ELPW.US,D,20250212,000000,1,1.04,0.904,0.9716,192708,0
ELPW.US,D,20250213,000000,0.9643,0.9643,0.904,0.938,32015,0
ELPW.US,D,20250214,000000,1.03,1.05,0.938,0.97,57772,0
ELPW.US,D,20250218,000000,1.03,1.05,0.9377,1.01,70018,0
ELPW.US,D,20250219,000000,1.05,1.05,0.9914,1.01,12951,0
ELPW.US,D,20250220,000000,1,1.01,0.93,0.9521,55039,0
ELPW.US,D,20250221,000000,1,1,0.903,0.903,24644,0
ELPW.US,D,20250224,000000,0.97,1.09,0.9127,0.9575,57112,0
ELPW.US,D,20250225,000000,1.0207,1.03,0.937101,0.9565,4726,0
ELPW.US,D,20250226,000000,0.9474,1,0.8805,0.8805,80004,0
ELPW.US,D,20250227,000000,0.97,0.9774,0.79,0.8332,101642,0
ELPW.US,D,20250228,000000,0.8332,0.92,0.81,0.89,46440,0
ELPW.US,D,20250303,000000,0.8491,0.89,0.801,0.801,34909,0
ELPW.US,D,20250304,000000,0.8685,0.8685,0.6771,0.679501,353513,0
ELPW.US,D,20250305,000000,0.63,0.74,0.5602,0.68755,280692,0
ELPW.US,D,20250306,000000,0.6566,0.7078,0.6106,0.662,25558,0
ELPW.US,D,20250307,000000,0.62,0.7699,0.6101,0.741,62076,0
ELPW.US,D,20250310,000000,0.785,0.785,0.651,0.6851,34531,0
ELPW.US,D,20250311,000000,0.6371,0.659,0.5891,0.6578,188842,0
ELPW.US,D,20250312,000000,0.6245,0.75,0.5979,0.6765,24347,0
ELPW.US,D,20250313,000000,0.6631,0.7499,0.6019,0.7,53283,0
ELPW.US,D,20250314,000000,0.6303,0.73,0.6255,0.7268,51162,0
ELPW.US,D,20250317,000000,0.728542,0.7397,0.66,0.7048,11177,0
ELPW.US,D,20250318,000000,0.64,0.7407,0.64,0.6494,34830,0
ELPW.US,D,20250319,000000,0.6494,0.6933,0.6494,0.6649,4485,0
ELPW.US,D,20250320,000000,0.65,0.79,0.62,0.7617,61642,0
ELPW.US,D,20250321,000000,0.75,0.8,0.7,0.71,18953,0
ELPW.US,D,20250324,000000,0.7284,0.81,0.6701,0.7,65256,0
ELPW.US,D,20250325,000000,0.767,0.8,0.6001,0.69,189288,0
ELPW.US,D,20250326,000000,0.6511,0.73,0.6002,0.6002,79655,0
ELPW.US,D,20250327,000000,0.675,0.675,0.59,0.59,45635,0
ELPW.US,D,20250328,000000,0.645,0.694147,0.5844,0.58566,78344,0
ELPW.US,D,20250331,000000,0.6202,0.7746,0.58,0.7408,137613,0
ELPW.US,D,20250401,000000,0.7001,0.86,0.7,0.8,189878,0
ELPW.US,D,20250402,000000,0.82,0.865,0.7304,0.79388,75433,0
ELPW.US,D,20250403,000000,0.831,0.87,0.7325,0.83,54103,0
ELPW.US,D,20250404,000000,0.82,1.0027,0.73,0.8935,332447,0
ELPW.US,D,20250407,000000,0.935,1.08,0.7625,1.0597,462769,0
ELPW.US,D,20250408,000000,1.02,1.06,0.875,1.0022,260107,0
ELPW.US,D,20250409,000000,0.9721,1.04,0.95,1.0395,32799,0
ELPW.US,D,20250410,000000,0.97,1.27,0.8989,1.15,455626,0
ELPW.US,D,20250411,000000,1.15,1.27,1.01,1.02,157269,0
ELPW.US,D,20250414,000000,0.98,1.78,0.98,1.53,5296647,0
ELPW.US,D,20250415,000000,1.52,2.45,1.45,2.19,4285161,0
ELPW.US,D,20250416,000000,2.12,3.25,2.02,3.25,1486790,0
ELPW.US,D,20250417,000000,3.5591,4.5543,3,3.89,1385201,0
ELPW.US,D,20250421,000000,3.76,4.22,3.38,3.74,311510,0
ELPW.US,D,20250422,000000,3.68,3.95,3.68,3.885,108315,0
ELPW.US,D,20250423,000000,3.84,3.96,2.56,2.69,246804,0
ELPW.US,D,20250424,000000,2.75,3.4,2.75,2.96,155568,0
ELPW.US,D,20250425,000000,3,3.2,2.96,3.18,56773,0
ELPW.US,D,20250428,000000,3.17,3.2,2.79,2.79,105963,0
ELPW.US,D,20250429,000000,2.7,2.99,2.65,2.93,33910,0
ELPW.US,D,20250430,000000,2.8,3.1715,2.8,3.08,57164,0
ELPW.US,D,20250501,000000,2.89,3.14,2.89,3.07,36881,0
ELPW.US,D,20250502,000000,3.12,3.7173,3.07,3.22,159804,0
ELPW.US,D,20250505,000000,3.21,3.48,3,3.31,108130,0
ELPW.US,D,20250506,000000,3.29,4,3.29,3.45,116517,0
ELPW.US,D,20250507,000000,3.46,3.79,3.35,3.65,17422,0
ELPW.US,D,20250508,000000,3.83,4.9396,3.83,4.89,169471,0
ELPW.US,D,20250509,000000,4.5,4.7,4.06,4.68,219034,0
ELPW.US,D,20250512,000000,4.79,4.9,4.22,4.44,77824,0
ELPW.US,D,20250513,000000,4.5,6.43,4.5,5.5,185050,0
ELPW.US,D,20250514,000000,5.38,5.7989,4.85,5.195,111541,0
ELPW.US,D,20250515,000000,5.2,5.82,4.58,5.6,174493,0
ELPW.US,D,20250516,000000,5.69,6.9999,5.27,6.9,191762,0
ELPW.US,D,20250519,000000,6.77,7,6.36,6.95,100295,0
ELPW.US,D,20250520,000000,6.9,8.075,6.51,6.57,410499,0
ELPW.US,D,20250521,000000,6.55,6.73,3.6,4.5,584271,0
ELPW.US,D,20250522,000000,4.65,5.415,4.5,4.96,644348,0
ELPW.US,D,20250523,000000,4.91,5.0064,4.55,4.86,318984,0
ELPW.US,D,20250527,000000,4.6,5.39,4.3,5.06,698229,0
ELPW.US,D,20250528,000000,5.15,6.19,3.4,3.5,4081610,0
ELPW.US,D,20250529,000000,1.38,1.54,1.3,1.43,9645242,0
ELPW.US,D,20250530,000000,1.23,1.25,1.02,1.1,1614002,0
ELPW.US,D,20250602,000000,1.08,1.29,1.07,1.16,1305375,0
ELPW.US,D,20250603,000000,1.16,1.17,1.03,1.1,684235,0
ELPW.US,D,20250604,000000,1.16,1.16,1.04,1.1,496290,0
ELPW.US,D,20250605,000000,1.05,1.1301,1.02,1.03,494092,0
ELPW.US,D,20250606,000000,1.02,1.07,0.93,0.955,416676,0
ELPW.US,D,20250609,000000,0.96,1.08,0.927,1.04,402828,0
ELPW.US,D,20250610,000000,1.03,1.14,1.03,1.03,212802,0
ELPW.US,D,20250611,000000,1,1.22,1,1.15,815765,0
ELPW.US,D,20250612,000000,1.15,1.2399,1.1002,1.11,221486,0
ELPW.US,D,20250613,000000,1.07,1.1,1.05,1.05,141327,0
ELPW.US,D,20250616,000000,1.03,1.14,1.01,1.04,249584,0
ELPW.US,D,20250617,000000,1.03,1.09,1.01,1.04,178972,0
ELPW.US,D,20250618,000000,1.04,1.1,1.02,1.07,105994,0
ELPW.US,D,20250620,000000,1.06,1.11,1.0496,1.08,155624,0
ELPW.US,D,20250623,000000,1.06,1.154,1.06,1.1,270143,0
ELPW.US,D,20250624,000000,1.1,1.1799,1.1,1.14,91392,0
ELPW.US,D,20250625,000000,1.15,1.18,1.12,1.12,114016,0
ELPW.US,D,20250626,000000,1.09,1.1,1.02,1.03,147273,0
ELPW.US,D,20250627,000000,1.05,1.0609,0.9101,0.9509,441307,0
ELPW.US,D,20250630,000000,0.93,0.93,0.86,0.8792,143174,0
ELPW.US,D,20250701,000000,0.8528,0.8933,0.8,0.8623,159150,0
ELPW.US,D,20250702,000000,0.861,1.55,0.861,1.11,10084841,0
ELPW.US,D,20250703,000000,1.14,1.2489,1.002,1.18,875437,0
ELPW.US,D,20250707,000000,1.2,2.27,1.1764,1.92,12480047,0
ELPW.US,D,20250708,000000,1.995,2.42,1.6,1.98,2333442,0
ELPW.US,D,20250709,000000,2.02,2.23,1.72,2.16,1865159,0
ELPW.US,D,20250710,000000,2.09,2.45,2.05,2.22,1095491,0
ELPW.US,D,20250711,000000,2.23,2.44,1.96,2.23,4475993,0
ELPW.US,D,20250714,000000,2.19,2.52,2.0501,2.12,2552597,0
ELPW.US,D,20250715,000000,2.1,2.2799,2.09,2.12,1371394,0
ELPW.US,D,20250716,000000,2.1,2.175,1.94,2.04,700661,0
ELPW.US,D,20250717,000000,1.99,2.1,1.87,1.98,1363126,0
ELPW.US,D,20250718,000000,1.98,2.15,1.88,1.9,1236482,0
ELPW.US,D,20250721,000000,1.95,2.0854,1.93,2.07,135646,0
ELPW.US,D,20250722,000000,2.03,2.12,1.99,2.05,258081,0
ELPW.US,D,20250723,000000,1.98,2.65,1.98,2.29,1495801,0
ELPW.US,D,20250724,000000,2.36,2.755,2.3,2.54,2338721,0
ELPW.US,D,20250725,000000,2.45,2.69,2.2745,2.55,427394,0
ELPW.US,D,20250728,000000,2.58,3.28,2.57,3.25,491207,0
ELPW.US,D,20250729,000000,3.4,3.7981,3.11,3.55,714579,0
ELPW.US,D,20250730,000000,3.58,4.18,3.28,3.99,2007994,0
ELPW.US,D,20250731,000000,3.99,4.1,3.66,3.79,1663458,0
ELPW.US,D,20250801,000000,3.81,3.81,3.2,3.55,2218905,0
ELPW.US,D,20250804,000000,3.55,3.86,3.55,3.7,212905,0
ELPW.US,D,20250805,000000,3.5,3.75,3.345,3.66,1634562,0
ELPW.US,D,20250806,000000,3.66,3.885,3.53,3.79,273649,0
ELPW.US,D,20250807,000000,3.82,4.45,3.705,3.96,1270587,0
ELPW.US,D,20250808,000000,3.9,4,3.77,3.82,439889,0
ELPW.US,D,20250811,000000,3.88,4.17,3.79,3.99,407508,0
ELPW.US,D,20250812,000000,4.15,4.15,3.7,3.84,393522,0
ELPW.US,D,20250813,000000,3.78,3.9215,3.61,3.84,148315,0
ELPW.US,D,20250814,000000,3.8,4.34,3.705,4.1,1626040,0
ELPW.US,D,20250815,000000,4.01,4.19,3.2,3.64,2641129,0
ELPW.US,D,20250818,000000,3.64,3.9499,3.42,3.44,163180,0
ELPW.US,D,20250819,000000,3.41,3.62,2.69,3.25,1623520,0
ELPW.US,D,20250820,000000,2.6,2.615,0.26,0.4046,49572715,0
ELPW.US,D,20250821,000000,0.32,0.3922,0.289,0.3149,9656138,0
ELPW.US,D,20250822,000000,0.3101,0.34,0.2957,0.3184,3779162,0
ELPW.US,D,20250825,000000,0.3298,0.35,0.3201,0.34,2493314,0
ELPW.US,D,20250826,000000,0.349,0.349,0.2929,0.3013,1783029,0
ELPW.US,D,20250827,000000,0.328,0.3365,0.302,0.3138,1541606,0
ELPW.US,D,20250828,000000,0.32,0.322319,0.311,0.3197,622954,0
ELPW.US,D,20250829,000000,0.31,0.3198,0.3,0.3147,956020,0
ELPW.US,D,20250902,000000,0.317,0.317,0.2975,0.3088,808814,0
ELPW.US,D,20250903,000000,0.3,0.3083,0.293,0.3004,670455,0
ELPW.US,D,20250904,000000,0.2928,0.2969,0.2512,0.2937,700082,0
ELPW.US,D,20250905,000000,0.2853,0.3087,0.28,0.3011,377002,0
ELPW.US,D,20250908,000000,0.265,0.32,0.265,0.2903,2774609,0
ELPW.US,D,20250909,000000,0.2815,0.3358,0.2815,0.3295,1662445,0
ELPW.US,D,20250910,000000,0.33,0.4,0.3203,0.348,4198971,0
ELPW.US,D,20250911,000000,0.33,0.345,0.3,0.3208,2405350,0
ELPW.US,D,20250912,000000,0.326,0.328,0.3139,0.3192,527424,0
ELPW.US,D,20250915,000000,0.3102,0.3233,0.3004,0.31,861968,0
ELPW.US,D,20250916,000000,0.306,0.315813,0.3,0.3072,521144,0
ELPW.US,D,20250917,000000,0.3,0.3069,0.295,0.3055,422237,0
ELPW.US,D,20250918,000000,0.3,0.32,0.3,0.315,666361,0
ELPW.US,D,20250919,000000,0.312,0.335,0.312,0.335,642076,0
ELPW.US,D,20250922,000000,0.33,0.3349,0.32,0.33,485139,0
ELPW.US,D,20250923,000000,0.32,0.34,0.32,0.3285,757823,0
ELPW.US,D,20250924,000000,0.328,0.399,0.328,0.344,4392907,0
ELPW.US,D,20250925,000000,0.3359,0.3389,0.312,0.3269,1340317,0
ELPW.US,D,20250926,000000,0.3265,0.3571,0.3245,0.3381,853535,0
ELPW.US,D,20250929,000000,0.3373,0.3399,0.3003,0.3321,1295095,0
ELPW.US,D,20250930,000000,0.3221,0.3284,0.3012,0.3036,619216,0
ELPW.US,D,20251001,000000,0.3125,0.3283,0.31,0.3283,410874,0
ELPW.US,D,20251002,000000,0.3185,0.3383,0.3158,0.3282,1488086,0
ELPW.US,D,20251003,000000,0.4098,0.5844,0.36,0.49,108208067,0
ELPW.US,D,20251006,000000,0.4235,0.688,0.401,0.543,20907694,0
ELPW.US,D,20251007,000000,0.6001,0.74,0.56,0.5969,10316621,0
ELPW.US,D,20251008,000000,0.59,0.6447,0.5013,0.52,3838352,0
ELPW.US,D,20251009,000000,0.51,0.5479,0.3975,0.4265,3677350,0
ELPW.US,D,20251010,000000,0.39,0.430749,0.3411,0.3571,2398304,0
ELPW.US,D,20251013,000000,0.3543,0.395,0.3543,0.3803,2008666,0
ELPW.US,D,20251014,000000,0.3672,0.3985,0.3609,0.3895,959290,0
ELPW.US,D,20251015,000000,0.3781,0.4077,0.362,0.3747,781013,0
ELPW.US,D,20251016,000000,0.3672,0.383174,0.32,0.3294,1594002,0
ELPW.US,D,20251017,000000,0.311,0.38,0.311,0.3653,1778033,0
ELPW.US,D,20251020,000000,0.3782,0.4,0.3355,0.3479,728617,0
ELPW.US,D,20251021,000000,0.342,0.3569,0.3333,0.3401,1165381,0
ELPW.US,D,20251022,000000,0.332,0.3385,0.3118,0.3277,1514776,0
ELPW.US,D,20251023,000000,0.3263,0.3498,0.325,0.341119,379077,0
ELPW.US,D,20251024,000000,0.3461,0.3473,0.3244,0.339,490192,0
ELPW.US,D,20251027,000000,0.35,0.35,0.3275,0.3315,682645,0
ELPW.US,D,20251028,000000,0.3319,0.3405,0.3233,0.33,554728,0
ELPW.US,D,20251029,000000,0.3362,0.3362,0.3209,0.3256,507683,0
ELPW.US,D,20251030,000000,0.32,0.3303,0.313,0.3175,434516,0
ELPW.US,D,20251031,000000,0.315,0.329899,0.3098,0.3238,681917,0
ELPW.US,D,20251103,000000,0.3123,0.3171,0.2945,0.2997,506071,0
ELPW.US,D,20251104,000000,0.2907,0.29785,0.283288,0.2867,648718,0
ELPW.US,D,20251105,000000,0.29,0.2975,0.283,0.2937,735912,0
