<TICKER>,<PER>,<DATE>,<TIME>,<OPEN>,<HIGH>,<LOW>,<CLOSE>,<VOL>,<OPENINT>
FGMC.US,D,20250211,000000,9.85,9.85,9.63,9.65,492823,0
FGMC.US,D,20250212,000000,9.67,9.67,9.62,9.6374,64497,0
FGMC.US,D,20250213,000000,9.641,9.641,9.64,9.6401,2223,0
FGMC.US,D,20250214,000000,9.64,9.6451,9.6149,9.6149,21694,0
FGMC.US,D,20250218,000000,9.61,9.6251,9.56,9.59,23185,0
FGMC.US,D,20250219,000000,9.6,9.6101,9.57,9.575,53637,0
FGMC.US,D,20250220,000000,9.59,9.6,9.58,9.58,26731,0
FGMC.US,D,20250221,000000,9.6,9.6,9.59,9.59,11590,0
FGMC.US,D,20250224,000000,9.6,9.6,9.59,9.59,32906,0
FGMC.US,D,20250225,000000,9.61,9.63,9.59,9.5901,10449,0
FGMC.US,D,20250226,000000,9.59,9.59,9.59,9.59,50172,0
FGMC.US,D,20250227,000000,9.59,9.59,9.59,9.59,2957,0
FGMC.US,D,20250228,000000,9.58,9.58,9.57,9.58,3858,0
FGMC.US,D,20250303,000000,9.58,9.59,9.57,9.58,42567,0
FGMC.US,D,20250304,000000,9.57,9.57,9.55,9.56,16313,0
FGMC.US,D,20250305,000000,9.57,9.57,9.53,9.53,31617,0
FGMC.US,D,20250306,000000,9.54,9.55,9.5349,9.54,633413,0
FGMC.US,D,20250307,000000,9.53,9.57,9.53,9.57,911,0
FGMC.US,D,20250311,000000,9.57,9.58,9.55,9.57,366660,0
FGMC.US,D,20250312,000000,9.57,9.57,9.555,9.565,33033,0
FGMC.US,D,20250313,000000,9.56,9.57,9.555,9.57,6579,0
FGMC.US,D,20250318,000000,9.57,9.57,9.57,9.57,4281,0
FGMC.US,D,20250320,000000,9.565,9.57,9.555,9.56,6449,0
FGMC.US,D,20250325,000000,9.57,9.58,9.565,9.57,6132,0
FGMC.US,D,20250326,000000,9.575,9.575,9.57,9.57,1144,0
FGMC.US,D,20250327,000000,9.58,9.59,9.58,9.59,4033,0
FGMC.US,D,20250328,000000,9.59,9.59,9.59,9.59,50075,0
FGMC.US,D,20250401,000000,9.6,9.6,9.58,9.58,31935,0
FGMC.US,D,20250402,000000,9.6,9.61,9.59,9.59,31947,0
FGMC.US,D,20250403,000000,9.58,9.59,9.58,9.58,8958,0
FGMC.US,D,20250404,000000,9.59,9.6,9.58,9.58,10439,0
FGMC.US,D,20250407,000000,9.6,9.6,9.58,9.58,51559,0
FGMC.US,D,20250408,000000,9.59,9.59,9.59,9.59,427,0
FGMC.US,D,20250409,000000,9.58,9.6,9.58,9.6,586,0
FGMC.US,D,20250410,000000,9.59,9.5951,9.58,9.585,80241,0
FGMC.US,D,20250411,000000,9.58,9.6,9.573,9.6,173930,0
FGMC.US,D,20250414,000000,9.5901,9.5901,9.58,9.58,657,0
FGMC.US,D,20250415,000000,9.63,9.63,9.58,9.5901,5814,0
FGMC.US,D,20250416,000000,9.61,9.61,9.58,9.6,6769,0
FGMC.US,D,20250417,000000,9.6,9.6,9.6,9.6,170,0
FGMC.US,D,20250421,000000,9.6,9.6001,9.5899,9.5899,14464,0
FGMC.US,D,20250422,000000,9.59,9.61,9.5882,9.6006,18995,0
FGMC.US,D,20250423,000000,9.6,9.605,9.6,9.6,53056,0
FGMC.US,D,20250424,000000,9.62,9.62,9.61,9.62,273550,0
FGMC.US,D,20250425,000000,9.62,9.62,9.61,9.61,4403,0
FGMC.US,D,20250428,000000,9.61,9.64,9.61,9.62,13846,0
FGMC.US,D,20250429,000000,9.6244,9.65,9.6244,9.64,13321,0
FGMC.US,D,20250430,000000,9.62,9.688,9.62,9.68,73960,0
FGMC.US,D,20250501,000000,9.67,9.67,9.67,9.67,290,0
FGMC.US,D,20250502,000000,9.68,9.68,9.63,9.67,17140,0
FGMC.US,D,20250505,000000,9.67,9.68,9.67,9.68,73903,0
FGMC.US,D,20250506,000000,9.68,9.7,9.68,9.7,1742,0
FGMC.US,D,20250507,000000,9.6659,9.7,9.6659,9.7,453,0
FGMC.US,D,20250508,000000,9.7,9.7,9.6791,9.6791,1310,0
FGMC.US,D,20250509,000000,9.67,9.7,9.67,9.7,5798,0
FGMC.US,D,20250512,000000,9.69,9.69,9.67,9.67,7051,0
FGMC.US,D,20250513,000000,9.7,9.7,9.67,9.67,893,0
FGMC.US,D,20250514,000000,9.7,9.73,9.67,9.7,69121,0
FGMC.US,D,20250515,000000,9.74,9.76,9.72,9.75,139171,0
FGMC.US,D,20250516,000000,9.74,9.765,9.74,9.75,152633,0
FGMC.US,D,20250520,000000,9.8,9.8,9.75,9.75,1522,0
FGMC.US,D,20250521,000000,9.75,9.78,9.75,9.78,808,0
FGMC.US,D,20250527,000000,9.75,9.78,9.745,9.7769,939,0
FGMC.US,D,20250528,000000,9.75,9.78,9.75,9.7573,110243,0
FGMC.US,D,20250529,000000,9.75,9.75,9.745,9.75,25381,0
FGMC.US,D,20250530,000000,9.75,9.75,9.75,9.75,317,0
FGMC.US,D,20250602,000000,9.78,9.78,9.77,9.77,156434,0
FGMC.US,D,20250604,000000,9.78,9.78,9.78,9.78,1085,0
FGMC.US,D,20250605,000000,9.78,9.8,9.78,9.8,5674,0
FGMC.US,D,20250606,000000,9.78,9.79,9.78,9.79,3613,0
FGMC.US,D,20250609,000000,9.82,9.82,9.82,9.82,1302,0
FGMC.US,D,20250610,000000,9.8143,9.838,9.78,9.838,21368,0
FGMC.US,D,20250611,000000,9.85,9.85,9.8,9.82,181370,0
FGMC.US,D,20250612,000000,9.85,9.85,9.835,9.8428,2068,0
FGMC.US,D,20250613,000000,9.81,9.8321,9.8,9.82,16995,0
FGMC.US,D,20250616,000000,9.82,9.86,9.82,9.85,32716,0
FGMC.US,D,20250617,000000,9.85,9.86,9.85,9.85,6879,0
FGMC.US,D,20250618,000000,9.855,9.87,9.85,9.865,5731,0
FGMC.US,D,20250620,000000,9.86,9.88,9.85,9.88,18495,0
FGMC.US,D,20250623,000000,9.88,9.88,9.8766,9.88,3866,0
FGMC.US,D,20250624,000000,9.88,9.89,9.87,9.88,53258,0
FGMC.US,D,20250625,000000,9.88,9.89,9.8625,9.8712,13111,0
FGMC.US,D,20250626,000000,9.8808,9.89,9.87,9.88,8434,0
FGMC.US,D,20250627,000000,9.89,9.89,9.87,9.88,1776,0
FGMC.US,D,20250630,000000,9.89,9.89,9.87,9.88,57621,0
FGMC.US,D,20250701,000000,9.9,9.9,9.87,9.89,2919,0
FGMC.US,D,20250702,000000,9.9,9.9,9.84,9.87,69170,0
FGMC.US,D,20250703,000000,9.73,9.9,9.73,9.86,10708,0
FGMC.US,D,20250707,000000,9.89,9.89,9.85,9.86,97493,0
FGMC.US,D,20250708,000000,9.85,9.87,9.85,9.87,13190,0
FGMC.US,D,20250709,000000,9.875,9.895,9.85,9.89,1309,0
FGMC.US,D,20250710,000000,9.87,9.88,9.86,9.86,6339,0
FGMC.US,D,20250711,000000,9.89,9.89,9.84,9.855,12380,0
FGMC.US,D,20250714,000000,9.87,9.87,9.83,9.8539,3600,0
FGMC.US,D,20250715,000000,9.8667,9.87,9.82,9.87,22585,0
FGMC.US,D,20250716,000000,9.8639,9.87,9.8406,9.86,23662,0
FGMC.US,D,20250717,000000,9.9,9.9,9.85,9.9,3647,0
FGMC.US,D,20250718,000000,9.9,9.9,9.9,9.9,1318,0
FGMC.US,D,20250721,000000,9.9,9.9,9.9,9.9,34420,0
FGMC.US,D,20250723,000000,9.88,9.9,9.865,9.8665,2430,0
FGMC.US,D,20250725,000000,9.91,9.91,9.86,9.9,4095,0
FGMC.US,D,20250728,000000,9.86,9.91,9.86,9.91,38532,0
FGMC.US,D,20250729,000000,9.8926,9.92,9.887,9.9,57744,0
FGMC.US,D,20250730,000000,9.87,9.92,9.87,9.9,9250,0
FGMC.US,D,20250731,000000,9.9,9.925,9.9,9.91,269049,0
FGMC.US,D,20250801,000000,9.89,9.92,9.89,9.92,27455,0
FGMC.US,D,20250804,000000,9.93,9.93,9.9,9.9201,8884,0
FGMC.US,D,20250805,000000,9.97,9.98,9.92,9.97,754955,0
FGMC.US,D,20250806,000000,9.98,9.99,9.96,9.98,133056,0
FGMC.US,D,20250807,000000,10,10.02,9.97,9.97,87314,0
FGMC.US,D,20250808,000000,9.99,9.9963,9.9729,9.98,291973,0
FGMC.US,D,20250811,000000,10,10,9.98,9.985,282069,0
FGMC.US,D,20250812,000000,10,10.0296,9.97,9.99,109640,0
FGMC.US,D,20250813,000000,9.99,10,9.98,10,121076,0
FGMC.US,D,20250814,000000,10,10.02,9.99,10,81791,0
FGMC.US,D,20250815,000000,10,10,9.99,10,57937,0
FGMC.US,D,20250818,000000,10,10,9.99,9.995,40371,0
FGMC.US,D,20250819,000000,9.99,10,9.98,9.985,35557,0
FGMC.US,D,20250820,000000,9.99,10,9.98,9.995,63861,0
FGMC.US,D,20250821,000000,10,10,9.98,9.99,51889,0
FGMC.US,D,20250822,000000,9.99,9.99,9.975,9.99,221838,0
FGMC.US,D,20250825,000000,9.99,9.99,9.98,9.99,12731,0
FGMC.US,D,20250826,000000,10,10,9.98,9.985,79449,0
FGMC.US,D,20250827,000000,9.99,10,9.99,10,26981,0
FGMC.US,D,20250828,000000,10,10,9.98,9.9972,14640,0
FGMC.US,D,20250829,000000,10,10,9.99,9.9903,15528,0
FGMC.US,D,20250902,000000,10,10,9.99,9.9999,24834,0
FGMC.US,D,20250903,000000,10,10,9.98,9.99,28619,0
FGMC.US,D,20250904,000000,9.99,9.99,9.98,9.985,18732,0
FGMC.US,D,20250905,000000,9.9803,9.99,9.9803,9.99,12101,0
FGMC.US,D,20250908,000000,10,10,9.98,9.985,10621,0
FGMC.US,D,20250909,000000,9.99,9.9972,9.97,9.97,39761,0
FGMC.US,D,20250910,000000,9.98,9.99,9.96,9.96,29315,0
FGMC.US,D,20250911,000000,10,10,9.96,9.96,14725,0
FGMC.US,D,20250912,000000,10,10,9.96,9.97,12369,0
FGMC.US,D,20250915,000000,10,10,9.95,9.95,32406,0
FGMC.US,D,20250916,000000,10,10,9.95,9.955,13231,0
FGMC.US,D,20250917,000000,9.97,9.97,9.9522,9.97,18970,0
FGMC.US,D,20250918,000000,9.97,9.97,9.95,9.9645,10632,0
FGMC.US,D,20250919,000000,10,10,9.96,9.96,19226,0
FGMC.US,D,20250922,000000,9.96,9.975,9.96,9.97,28510,0
FGMC.US,D,20250923,000000,9.99,9.99,9.97,9.9793,13870,0
FGMC.US,D,20250924,000000,9.98,9.99,9.97,9.9835,11224,0
FGMC.US,D,20250925,000000,9.98,9.99,9.98,9.9844,12176,0
FGMC.US,D,20250926,000000,9.98,10,9.97,9.9984,27509,0
FGMC.US,D,20250929,000000,10,10,9.99,9.99,18742,0
FGMC.US,D,20250930,000000,9.98,10,9.98,9.9914,24673,0
FGMC.US,D,20251001,000000,10.03,10.03,9.99,10,62172,0
FGMC.US,D,20251002,000000,10.1,10.1,10.01,10.04,52397,0
FGMC.US,D,20251003,000000,10.03,10.0896,10.0157,10.02,67993,0
FGMC.US,D,20251006,000000,10.05,10.05,10.02,10.025,38120,0
FGMC.US,D,20251007,000000,10.02,10.04,10,10.005,30062,0
FGMC.US,D,20251008,000000,10.01,10.01,10,10.01,17263,0
FGMC.US,D,20251009,000000,10,10.02,10,10.015,31316,0
FGMC.US,D,20251010,000000,10,10.05,10,10.02,26131,0
FGMC.US,D,20251013,000000,10.01,10.02,10.0035,10.0119,16772,0
FGMC.US,D,20251014,000000,10.02,10.07,10.0035,10.07,216878,0
FGMC.US,D,20251015,000000,10.09,10.09,10.03,10.03,91841,0
FGMC.US,D,20251016,000000,10.06,10.06,10.02,10.0296,36502,0
FGMC.US,D,20251017,000000,10.04,10.06,10.02,10.04,16458,0
FGMC.US,D,20251020,000000,10.05,10.07,10.02,10.03,25422,0
FGMC.US,D,20251021,000000,10.04,10.04,10.01,10.03,21026,0
FGMC.US,D,20251022,000000,10.01,10.0299,10.01,10.015,15897,0
FGMC.US,D,20251023,000000,10.01,10.0196,10,10.015,48993,0
FGMC.US,D,20251024,000000,10.02,10.02,10.0002,10.02,13422,0
FGMC.US,D,20251027,000000,10.01,10.015,9.99,10.0065,57222,0
FGMC.US,D,20251028,000000,10.01,10.01,9.99,10,7165,0
FGMC.US,D,20251029,000000,10,10.02,10,10.02,178162,0
FGMC.US,D,20251030,000000,10.01,10.02,10,10.02,106616,0
FGMC.US,D,20251031,000000,10.03,10.04,10.02,10.04,65804,0
FGMC.US,D,20251103,000000,10.03,10.05,10.02,10.02,12202,0
FGMC.US,D,20251104,000000,10.02,10.02,10.0048,10.015,20976,0
FGMC.US,D,20251105,000000,10.01,10.02,10.01,10.015,11210,0
