<TICKER>,<PER>,<DATE>,<TIME>,<OPEN>,<HIGH>,<LOW>,<CLOSE>,<VOL>,<OPENINT>
GBFH.US,D,20250430,000000,37.63,41.9,37.63,40,20086,0
GBFH.US,D,20250501,000000,41,41.6,39,41.6,48239,0
GBFH.US,D,20250502,000000,40,43.81,40,43.2,75369,0
GBFH.US,D,20250505,000000,42.91,45,42,43.38,101207,0
GBFH.US,D,20250506,000000,43.51,43.51,40.97,41.89,120282,0
GBFH.US,D,20250507,000000,42.09,42.485,40.61,41.22,90612,0
GBFH.US,D,20250508,000000,41.81,42.2726,41.2,41.51,65337,0
GBFH.US,D,20250509,000000,41.84,41.84,39,39.25,79438,0
GBFH.US,D,20250512,000000,40.7,40.7,38.54,39.46,68155,0
GBFH.US,D,20250513,000000,39.05,40.835,38.2,40.25,110703,0
GBFH.US,D,20250514,000000,40.89,41.79,40.474,41.75,64797,0
GBFH.US,D,20250515,000000,41.87,42.25,40.95,41.75,54608,0
GBFH.US,D,20250516,000000,41.99,41.99,40.75,41.93,32678,0
GBFH.US,D,20250519,000000,41.99,42,41.36,41.71,63264,0
GBFH.US,D,20250520,000000,41.35,42.25,41,42.25,45963,0
GBFH.US,D,20250521,000000,41.99,42,41,41.48,31890,0
GBFH.US,D,20250522,000000,41.16,42,41.16,41.25,41838,0
GBFH.US,D,20250523,000000,40.63,42.5,40.63,42.05,50541,0
GBFH.US,D,20250527,000000,42.68,43.26,41.4,41.9,105383,0
GBFH.US,D,20250528,000000,41.87,42.13,41.0904,41.85,42153,0
GBFH.US,D,20250529,000000,40.01,42.25,39.005,39.66,58509,0
GBFH.US,D,20250530,000000,40.23,40.23,37.5,38.81,61067,0
GBFH.US,D,20250602,000000,39.39,39.39,38.48,38.64,38394,0
GBFH.US,D,20250603,000000,39,39.08,38.61,38.61,24240,0
GBFH.US,D,20250604,000000,38.55,39,38.25,38.74,33993,0
GBFH.US,D,20250605,000000,38.51,39.1,38.202,39.04,36423,0
GBFH.US,D,20250606,000000,38.97,39.57,38.61,38.87,39336,0
GBFH.US,D,20250609,000000,39,40,38.695,39.68,122899,0
GBFH.US,D,20250610,000000,39.7,40,38.99,38.99,61448,0
GBFH.US,D,20250611,000000,38.8,38.8,37.095,37.39,86618,0
GBFH.US,D,20250612,000000,37,37.27,36.09,36.68,79556,0
GBFH.US,D,20250613,000000,35.675,36.69,35.37,35.39,65103,0
GBFH.US,D,20250616,000000,35.5,36.39,35.25,35.43,89878,0
GBFH.US,D,20250617,000000,34.97,36.375,34.415,34.93,133571,0
GBFH.US,D,20250618,000000,34.9,36.89,33.84,35.64,187056,0
GBFH.US,D,20250620,000000,35.6,36.805,34.42,35.96,875258,0
GBFH.US,D,20250623,000000,35.34,36.355,33.4475,35.82,160598,0
GBFH.US,D,20250624,000000,35.83,36.25,34.07,35.7,154026,0
GBFH.US,D,20250625,000000,35.7,35.92,34.26,34.31,62010,0
GBFH.US,D,20250626,000000,34.6,35.86,34.49,35.86,90257,0
GBFH.US,D,20250627,000000,35.87,35.99,34.38,34.96,1318187,0
GBFH.US,D,20250630,000000,35,35.86,34.755,35.41,95602,0
GBFH.US,D,20250701,000000,35.35,35.7,34.205,35.32,72997,0
GBFH.US,D,20250702,000000,35.3,35.655,35.06,35.49,57540,0
GBFH.US,D,20250703,000000,36,36.1064,35.34,35.9,43437,0
GBFH.US,D,20250707,000000,36.04,37.39,35.12,37.25,92295,0
GBFH.US,D,20250708,000000,37.5,39.85,36.545,39.715,105660,0
GBFH.US,D,20250709,000000,39.99,40.39,38.3,38.3,47841,0
GBFH.US,D,20250710,000000,38.4,38.865,37.745,38.31,32831,0
GBFH.US,D,20250711,000000,38.49,38.49,36.59,37.42,27965,0
GBFH.US,D,20250714,000000,37.67,38.045,36.3693,37.97,26057,0
GBFH.US,D,20250715,000000,38.26,38.71,37.32,38.7,55573,0
GBFH.US,D,20250716,000000,38.46,39.28,37.41,39.01,71220,0
GBFH.US,D,20250717,000000,38.63,42.385,38.63,42.13,121313,0
GBFH.US,D,20250718,000000,42.69,43,41.525,42.72,90482,0
GBFH.US,D,20250721,000000,42.72,43.97,41.0775,42.97,57098,0
GBFH.US,D,20250722,000000,42.63,43.68,40.7,43.07,77472,0
GBFH.US,D,20250723,000000,43.47,43.47,42,43.22,40089,0
GBFH.US,D,20250724,000000,43.6,43.6,42.605,43.24,42369,0
GBFH.US,D,20250725,000000,43.55,43.55,41.585,41.86,38410,0
GBFH.US,D,20250728,000000,41.66,44,41.19,43.86,78133,0
GBFH.US,D,20250729,000000,42.3,42.33,38.535,38.535,100681,0
GBFH.US,D,20250730,000000,39.02,40.365,36.01,36.32,88139,0
GBFH.US,D,20250731,000000,37.08,38.66,36.84,37.535,42513,0
GBFH.US,D,20250801,000000,37.51,37.51,36.55,37.14,43586,0
GBFH.US,D,20250804,000000,37.69,38.75,37.5,37.75,40946,0
GBFH.US,D,20250805,000000,37.83,37.9,36.91,37.78,37977,0
GBFH.US,D,20250806,000000,37.77,37.95,37.24,37.24,21246,0
GBFH.US,D,20250807,000000,37.72,37.72,36.5,37.41,35514,0
GBFH.US,D,20250808,000000,37.82,38.79,37.82,38.1,33311,0
GBFH.US,D,20250811,000000,38.09,38.95,37.95,38.56,31760,0
GBFH.US,D,20250812,000000,38.99,40.26,38.3601,39.81,45179,0
GBFH.US,D,20250813,000000,40.53,40.53,38.97,39.17,31910,0
GBFH.US,D,20250814,000000,38.99,39.9,38.935,39.09,24201,0
GBFH.US,D,20250815,000000,39.24,39.3376,38.385,38.55,26678,0
GBFH.US,D,20250818,000000,38.725,38.935,37.745,37.91,44230,0
GBFH.US,D,20250819,000000,38.705,39.05,37.88,38.11,24528,0
GBFH.US,D,20250820,000000,38.45,39.17,38.1467,39.13,21682,0
GBFH.US,D,20250821,000000,39.44,39.44,38.18,38.54,16854,0
GBFH.US,D,20250822,000000,38.97,40.76,38.95,39.95,63317,0
GBFH.US,D,20250825,000000,40.4,40.4721,39.25,39.97,27687,0
GBFH.US,D,20250826,000000,40.24,41.595,40.03,41.41,35848,0
GBFH.US,D,20250827,000000,40.92,42,40.6,41.08,39879,0
GBFH.US,D,20250828,000000,40.455,41.29,40.4051,40.99,37593,0
GBFH.US,D,20250829,000000,40.94,41.178,39.45,39.725,17988,0
GBFH.US,D,20250902,000000,39.12,40.74,38.7,40.2,28124,0
GBFH.US,D,20250903,000000,40,40.455,39.68,40.09,37960,0
GBFH.US,D,20250904,000000,39.08,39.25,36.4,38.415,113911,0
GBFH.US,D,20250905,000000,38.84,40.75,38.6709,39.34,71306,0
GBFH.US,D,20250908,000000,39.69,40.45,39.215,40.31,40508,0
GBFH.US,D,20250909,000000,40.5,40.5,39.14,39.31,21559,0
GBFH.US,D,20250910,000000,38.99,39.73,38.65,38.86,28959,0
GBFH.US,D,20250911,000000,38.9,40.761,38.9,40.345,43974,0
GBFH.US,D,20250912,000000,39.86,40.155,39,39.25,17716,0
GBFH.US,D,20250915,000000,39.01,40.1,38.9,39.76,34889,0
GBFH.US,D,20250916,000000,40.16,40.16,39,39.72,27898,0
GBFH.US,D,20250917,000000,39.82,40.81,39.62,40,22867,0
GBFH.US,D,20250918,000000,40.73,41.57,40.41,41.08,65203,0
GBFH.US,D,20250919,000000,41.06,41.84,40.345,41.02,91502,0
GBFH.US,D,20250922,000000,41.3,41.3,39.96,40.57,33850,0
GBFH.US,D,20250923,000000,40.9,41.315,39.38,40.73,25616,0
GBFH.US,D,20250924,000000,40.74,41.2,39.625,40,27578,0
GBFH.US,D,20250925,000000,39.96,40.61,39.26,40.275,23121,0
GBFH.US,D,20250926,000000,39.87,41.075,39.87,40.68,34133,0
GBFH.US,D,20250929,000000,41.38,41.38,39.25,39.37,62685,0
GBFH.US,D,20250930,000000,39.58,39.58,38.65,39.27,41265,0
GBFH.US,D,20251001,000000,38.9,40.025,38.7237,39.8,36452,0
GBFH.US,D,20251002,000000,39.6,39.93,38.88,39.39,32722,0
GBFH.US,D,20251003,000000,39.665,41.215,39.665,40.71,39705,0
GBFH.US,D,20251006,000000,41.32,41.55,40.21,40.97,35295,0
GBFH.US,D,20251007,000000,40.86,41.975,40.56,41.87,37148,0
GBFH.US,D,20251008,000000,40.75,42.23,40.75,42.01,25615,0
GBFH.US,D,20251009,000000,41.66,41.7,40.96,41.29,27261,0
GBFH.US,D,20251010,000000,41.02,42.06,39.61,39.62,31131,0
GBFH.US,D,20251013,000000,39.7,40.89,39.5,40.64,28727,0
GBFH.US,D,20251014,000000,39.97,41.9,39.78,41.66,35740,0
GBFH.US,D,20251015,000000,41.69,42.11,40.715,41.22,21203,0
GBFH.US,D,20251016,000000,39.915,40.6212,39,39.21,26214,0
GBFH.US,D,20251017,000000,39.01,40.87,39.01,39.62,47533,0
GBFH.US,D,20251020,000000,39.98,39.98,38.5101,38.81,32578,0
GBFH.US,D,20251021,000000,38.54,39.4,38.16,38.82,25885,0
GBFH.US,D,20251022,000000,38.8,39.28,38.4,38.97,26081,0
GBFH.US,D,20251023,000000,38.73,39.645,38.7,39.12,25140,0
GBFH.US,D,20251024,000000,39.25,39.885,38.8501,39.25,46611,0
GBFH.US,D,20251027,000000,39.15,39.5,38.08,38.23,37106,0
GBFH.US,D,20251028,000000,38.26,38.93,37.6,38.53,60445,0
GBFH.US,D,20251029,000000,38.83,39.77,37.0001,38.18,64914,0
GBFH.US,D,20251030,000000,38.29,38.89,36.75,37.18,77497,0
GBFH.US,D,20251031,000000,37.01,37.89,36.01,36.27,67138,0
GBFH.US,D,20251103,000000,36.23,36.51,34.92,35.75,83468,0
GBFH.US,D,20251104,000000,35.67,36.25,34.7021,35,75671,0
GBFH.US,D,20251105,000000,35.41,36.14,34.65,35.25,45056,0
