<TICKER>,<PER>,<DATE>,<TIME>,<OPEN>,<HIGH>,<LOW>,<CLOSE>,<VOL>,<OPENINT>
IVF.US,D,20201116,000000,2282.4,2282.4,2188.8,2203.2,120.934,0
IVF.US,D,20201117,000000,2196,2462.4,2188.8,2422.8,240.218,0
IVF.US,D,20201118,000000,2484,2484,2397.6,2442.96,119.333,0
IVF.US,D,20201119,000000,2390.4,2440.8,2253.6,2340,89.4999,0
IVF.US,D,20201120,000000,2412,2412,2318.4,2340,9.57361,0
IVF.US,D,20201123,000000,2332.8,2332.8,2217.6,2259.36,36.7402,0
IVF.US,D,20201124,000000,2232,2268,2224.8,2224.8,15.2999,0
IVF.US,D,20201125,000000,2232,2307.6,2124,2282.4,84.9999,0
IVF.US,D,20201127,000000,2304,2332.8,2275.06,2322,18.6111,0
IVF.US,D,20201130,000000,2160,2376,2145.6,2332.8,86.9124,0
IVF.US,D,20201201,000000,2304,2304,2174.4,2260.8,33.7972,0
IVF.US,D,20201202,000000,2268,2311.2,2220.05,2289.6,34.0416,0
IVF.US,D,20201203,000000,2268,2268,2168.64,2235.6,31.4041,0
IVF.US,D,20201204,000000,2224.8,2268,2203.2,2260.8,19.243,0
IVF.US,D,20201207,000000,2340,2340,2250,2264.4,31.2166,0
IVF.US,D,20201208,000000,2268,2275.2,2210.4,2229.7,26.5222,0
IVF.US,D,20201209,000000,2181.6,2260.8,2181.6,2248.06,6.11388,0
IVF.US,D,20201210,000000,2267.86,2267.86,2199.24,2249.64,21.8583,0
IVF.US,D,20201211,000000,2209.25,2232,2160,2188.8,20.8722,0
IVF.US,D,20201214,000000,2224.8,2340,2160,2304,133.608,0
IVF.US,D,20201215,000000,2340,2404.58,2246.4,2275.2,131.669,0
IVF.US,D,20201216,000000,2311.2,2332.8,2232,2260.8,48.1083,0
IVF.US,D,20201217,000000,2304,2484,2264.4,2462.4,160.498,0
IVF.US,D,20201218,000000,2484,2556,2224.8,2224.8,207.752,0
IVF.US,D,20201221,000000,2217.6,2330.21,2188.8,2224.8,79.0166,0
IVF.US,D,20201222,000000,2218.1,2228.4,2188.8,2224.8,31.4541,0
IVF.US,D,20201223,000000,2203.2,2260.8,2196,2217.6,33.8277,0
IVF.US,D,20201224,000000,2202.26,2268,2202.26,2210.4,34.5611,0
IVF.US,D,20201228,000000,2181.6,2232,2160,2160,63.5249,0
IVF.US,D,20201229,000000,2246.4,2253.6,2167.2,2196,84.6777,0
IVF.US,D,20201230,000000,2181.6,2222.64,2160,2188.8,39.7527,0
IVF.US,D,20201231,000000,2232,2232,2167.2,2167.2,80.8736,0
IVF.US,D,20210104,000000,2246.4,2246.4,2169.29,2210.4,70.5888,0
IVF.US,D,20210105,000000,2232,2253.6,2174.4,2210.47,83.6722,0
IVF.US,D,20210106,000000,2181.6,2253.6,2174.4,2203.2,67.3513,0
IVF.US,D,20210107,000000,2232,2246.4,2088,2152.8,175.033,0
IVF.US,D,20210108,000000,2188.8,2210.4,2131.2,2196,57.7361,0
IVF.US,D,20210111,000000,2188.8,2188.8,2149.2,2167.2,40.4152,0
IVF.US,D,20210112,000000,2160,2181.6,2124,2160,80.2958,0
IVF.US,D,20210113,000000,2160.14,2181.6,2131.2,2145.6,30.1569,0
IVF.US,D,20210114,000000,2167.2,2210.4,2131.27,2203.2,48.0333,0
IVF.US,D,20210115,000000,2160,2253.6,2145.6,2188.8,153.738,0
IVF.US,D,20210119,000000,2239.2,2318.4,2196.07,2260.8,166.122,0
IVF.US,D,20210120,000000,2246.4,2318.4,2160,2239.2,141.502,0
IVF.US,D,20210121,000000,2282.4,2282.4,2218.75,2250,56.7124,0
IVF.US,D,20210122,000000,2232,2246.4,2174.4,2235.6,35.3222,0
IVF.US,D,20210125,000000,2174.4,2273.4,2174.4,2210.4,120.851,0
IVF.US,D,20210126,000000,2210.4,2246.4,2174.4,2239.2,99.7444,0
IVF.US,D,20210127,000000,2210.4,2210.4,2160,2188.8,118.048,0
IVF.US,D,20210128,000000,2203.2,2268,2131.2,2217.6,228.515,0
IVF.US,D,20210129,000000,2167.2,2217.6,2131.2,2131.2,93.143,0
IVF.US,D,20210201,000000,2188.8,2203.2,2131.27,2196,89.9444,0
IVF.US,D,20210202,000000,2196,2289.6,2196,2253.6,144.191,0
IVF.US,D,20210203,000000,2260.8,2269.87,2239.2,2239.2,31.0541,0
IVF.US,D,20210204,000000,2260.8,2347.2,2253.6,2340,113.97,0
IVF.US,D,20210205,000000,2332.8,2390.4,2268,2390.4,84.4013,0
IVF.US,D,20210208,000000,2311.2,2613.6,2311.2,2512.8,266.009,0
IVF.US,D,20210209,000000,2548.8,2570.4,2491.2,2491.2,133.886,0
IVF.US,D,20210210,000000,2556,2592,2448,2505.6,93.568,0
IVF.US,D,20210211,000000,2599.2,2916,2498.4,2757.6,379.481,0
IVF.US,D,20210212,000000,2887.2,3240,2707.2,2808,706.631,0
IVF.US,D,20210216,000000,2858.4,3056.4,2642.4,2829.6,183.333,0
IVF.US,D,20210217,000000,2952,3232.8,2952,3153.6,565.851,0
IVF.US,D,20210218,000000,2894.4,3093.84,2711.81,2844,175.905,0
IVF.US,D,20210219,000000,2851.2,2916,2700,2707.2,108.034,0
IVF.US,D,20210222,000000,2700,2706.05,2484,2484,157.516,0
IVF.US,D,20210223,000000,2368.8,2448,2145.6,2325.6,177.743,0
IVF.US,D,20210224,000000,2347.2,2419.2,2329.78,2340,38.218,0
IVF.US,D,20210225,000000,2392.63,2412,2282.4,2337.26,44.118,0
IVF.US,D,20210226,000000,2318.4,2325.6,2268,2289.6,37.5708,0
IVF.US,D,20210301,000000,2318.4,2433.6,2296.8,2397.6,78.9111,0
IVF.US,D,20210302,000000,2628,2664,2196,2376,268.12,0
IVF.US,D,20210303,000000,2390.4,2599.13,2340,2512.8,209.094,0
IVF.US,D,20210304,000000,2476.8,2505.53,2160,2296.8,262.626,0
IVF.US,D,20210305,000000,2282.4,2620.8,2196,2433.6,178.359,0
IVF.US,D,20210308,000000,2354.4,2512.8,2224.8,2239.2,6021.53,0
IVF.US,D,20210309,000000,3823.2,8856,3758.4,6768,134457,0
IVF.US,D,20210310,000000,5292,5299.2,4082.61,4636.8,10907.8,0
IVF.US,D,20210311,000000,4147.2,4370.19,3816,4017.6,2923.32,0
IVF.US,D,20210312,000000,3837.6,3913.2,3614.4,3765.6,1357.66,0
IVF.US,D,20210315,000000,4399.2,4550.4,3816,3888,2368.81,0
IVF.US,D,20210316,000000,3830.4,4003.2,3657.6,3700.8,741.747,0
IVF.US,D,20210317,000000,3650.4,3816,3535.2,3650.4,464.586,0
IVF.US,D,20210318,000000,3650.4,3772.8,3535.2,3542.4,360.28,0
IVF.US,D,20210319,000000,3585.6,3628.8,3369.6,3391.2,479.169,0
IVF.US,D,20210322,000000,3441.6,3441.6,3261.6,3268.8,368.298,0
IVF.US,D,20210323,000000,3290.4,3319.2,3147.42,3218.4,414.981,0
IVF.US,D,20210324,000000,3168,3208.32,3016.8,3160.8,489.208,0
IVF.US,D,20210325,000000,3045.6,3427.2,2952,3420,751.719,0
IVF.US,D,20210326,000000,3412.8,3434.4,3132,3189.6,226.076,0
IVF.US,D,20210329,000000,3189.6,3204,3031.2,3052.8,257.88,0
IVF.US,D,20210330,000000,3052.8,4053.6,2952,3556.8,1738.88,0
IVF.US,D,20210331,000000,3434.4,3434.4,3110.4,3117.6,521.126,0
IVF.US,D,20210401,000000,3175.2,3312,3146.4,3218.4,178.138,0
IVF.US,D,20210405,000000,3211.5,3211.5,3024,3088.8,298.988,0
IVF.US,D,20210406,000000,3081.6,3117.66,3024,3024,208.79,0
IVF.US,D,20210407,000000,3067.2,3117.18,2959.2,2973.6,256.904,0
IVF.US,D,20210408,000000,2966.4,3002.4,2901.6,2966.4,126.679,0
IVF.US,D,20210409,000000,2923.2,2987.21,2880,2937.6,184.29,0
IVF.US,D,20210412,000000,2959.2,2991.6,2829.6,2865.6,164.47,0
IVF.US,D,20210413,000000,2858.4,2980.8,2815.2,2887.2,209.815,0
IVF.US,D,20210414,000000,2815.2,2937.6,2793.6,2808,170.343,0
IVF.US,D,20210415,000000,2808,2901.6,2736,2772,161.254,0
IVF.US,D,20210416,000000,2757.6,2822.4,2700,2714.4,172.791,0
IVF.US,D,20210419,000000,2750.4,2829.6,2556,2822.4,193.186,0
IVF.US,D,20210420,000000,2786.4,2916,2779.2,2793.6,97.0888,0
IVF.US,D,20210421,000000,2721.6,2952,2685.6,2908.8,84.768,0
IVF.US,D,20210422,000000,2887.2,3175.2,2836.8,3110.4,205.29,0
IVF.US,D,20210423,000000,3110.4,3196.8,3024,3110.4,176.84,0
IVF.US,D,20210426,000000,3168,3297.6,3045.6,3240,206.865,0
IVF.US,D,20210427,000000,3312,3348,3153.6,3211.2,133.286,0
IVF.US,D,20210428,000000,3211.2,3211.2,3009.6,3024,104.015,0
IVF.US,D,20210429,000000,3060,3117.6,3031.2,3038.4,32.9916,0
IVF.US,D,20210430,000000,3038.4,3105.42,2887.2,2959.2,436.144,0
IVF.US,D,20210503,000000,2959.2,2972.02,2865.6,2880,59.818,0
IVF.US,D,20210504,000000,2851.2,2877.84,2764.8,2800.8,68.8055,0
IVF.US,D,20210505,000000,2836.8,2890.94,2793.6,2844,39.4624,0
IVF.US,D,20210506,000000,2800.8,2807.28,2707.27,2757.6,50.3902,0
IVF.US,D,20210507,000000,2728.8,2808,2714.4,2736,42.2152,0
IVF.US,D,20210510,000000,2736,2771.93,2688.91,2700,59.4361,0
IVF.US,D,20210511,000000,2664,2692.8,2592,2671.2,80.593,0
IVF.US,D,20210512,000000,2808,2937.6,2771.57,2836.8,171.568,0
IVF.US,D,20210513,000000,2887.2,2887.2,2757.67,2779.2,41.9666,0
IVF.US,D,20210514,000000,2829.6,2916,2808,2829.6,28.7666,0
IVF.US,D,20210517,000000,2858.4,3016.8,2858.4,2937.6,160.537,0
IVF.US,D,20210518,000000,2966.4,3096,2894.4,2988,105.329,0
IVF.US,D,20210519,000000,2923.2,3117.6,2871.79,2995.2,45.5361,0
IVF.US,D,20210520,000000,2980.8,3052.8,2908.87,3024,58.9861,0
IVF.US,D,20210521,000000,3024,3132,3024,3096,73.5333,0
IVF.US,D,20210524,000000,3081.6,3132,2966.4,3081.6,52.7513,0
IVF.US,D,20210525,000000,3081.6,3168,3058.41,3103.2,28.8763,0
IVF.US,D,20210526,000000,3081.6,3182.4,3038.4,3110.4,66.9374,0
IVF.US,D,20210527,000000,3110.4,3146.4,3067.2,3096,43.1194,0
IVF.US,D,20210528,000000,3060,3175.2,3002.4,3153.6,77.8902,0
IVF.US,D,20210601,000000,3153.6,3225.6,3024,3060,72.8888,0
IVF.US,D,20210602,000000,3009.6,3180.66,3009.6,3009.6,50.3999,0
IVF.US,D,20210603,000000,2995.2,3168,2916,3146.4,70.2138,0
IVF.US,D,20210604,000000,3139.2,3168,3009.6,3103.2,50.7486,0
IVF.US,D,20210607,000000,3096,3240,3081.6,3196.8,75.6805,0
IVF.US,D,20210608,000000,3182.4,3240,3124.8,3160.8,45.3194,0
IVF.US,D,20210609,000000,3110.4,3232.8,3110.4,3189.6,55.968,0
IVF.US,D,20210610,000000,3196.8,3420,3195.36,3420,120.83,0
IVF.US,D,20210611,000000,3427.2,3780,3384,3729.6,299.829,0
IVF.US,D,20210614,000000,3744,3907.86,3657.6,3693.6,339.879,0
IVF.US,D,20210615,000000,3643.2,3686.4,3247.2,3268.8,132.073,0
IVF.US,D,20210616,000000,3218.4,3261.6,3045.6,3168,112.554,0
IVF.US,D,20210617,000000,3124.8,3290.4,3124.8,3160.8,64.4402,0
IVF.US,D,20210618,000000,3124.8,3218.4,2988,2988,53.5749,0
IVF.US,D,20210621,000000,2952,3152.88,2952,3117.6,43.7055,0
IVF.US,D,20210622,000000,3153.6,3153.6,3024,3132,43.6986,0
IVF.US,D,20210623,000000,3153.6,3254.4,3147.84,3254.4,30.2152,0
IVF.US,D,20210624,000000,3276,3499.2,3261.6,3420,45.4486,0
IVF.US,D,20210625,000000,3441.6,3600,3398.4,3600,77.4624,0
IVF.US,D,20210628,000000,3600,3600,3463.2,3585.6,58.2444,0
IVF.US,D,20210629,000000,3578.4,3600,3247.2,3283.2,139.297,0
IVF.US,D,20210630,000000,3283.2,3564,3276,3348,227.741,0
IVF.US,D,20210701,000000,3398.4,3448.8,3276.06,3319.2,45.4583,0
IVF.US,D,20210702,000000,3319.2,3319.2,3240,3283.2,42.6791,0
IVF.US,D,20210706,000000,3276,3297.6,3175.2,3204,24.8472,0
IVF.US,D,20210707,000000,3204,3204,3060,3110.4,52.5916,0
IVF.US,D,20210708,000000,3067.2,3304.8,2969.42,3182.4,70.2361,0
IVF.US,D,20210709,000000,3259.65,3297.6,3146.4,3268.8,35.7333,0
IVF.US,D,20210712,000000,3204,3218.4,3175.26,3211.2,13.6458,0
IVF.US,D,20210713,000000,3283.2,3283.2,3110.4,3160.8,18.4749,0
IVF.US,D,20210714,000000,3182.4,3219.06,3021.12,3060,12.868,0
IVF.US,D,20210715,000000,3060,3132,2916,2937.6,31.3277,0
IVF.US,D,20210716,000000,2937.6,2966.4,2815.2,2815.2,46.3388,0
IVF.US,D,20210719,000000,2815.2,2995.2,2772,2995.2,42.8694,0
IVF.US,D,20210720,000000,3016.8,3276,2930.4,3067.2,46.9972,0
IVF.US,D,20210721,000000,3081.6,3268.29,3081.6,3175.2,63.3236,0
IVF.US,D,20210722,000000,3139.2,3186,3081.6,3132,19.8347,0
IVF.US,D,20210723,000000,3146.4,3160.74,3031.2,3132,54.9624,0
IVF.US,D,20210726,000000,3117.6,3175.2,2948.26,2988,15.4833,0
IVF.US,D,20210727,000000,2980.8,2980.8,2869.2,2937.6,42.0902,0
IVF.US,D,20210728,000000,2872.3,3168,2872.3,3132,21.9055,0
IVF.US,D,20210729,000000,3168,3168,3069,3139.2,29.6513,0
IVF.US,D,20210730,000000,3139.2,3168,2910.96,3067.2,11.2638,0
IVF.US,D,20210802,000000,3016.8,3175.2,3009.6,3168,41.4097,0
IVF.US,D,20210803,000000,3160.8,3175.2,3052.8,3175.2,30.7388,0
IVF.US,D,20210804,000000,3168,3168,3076.86,3110.4,29.9791,0
IVF.US,D,20210805,000000,3124.8,3132,3060,3110.4,28.2666,0
IVF.US,D,20210806,000000,3110.4,3110.4,3063.6,3074.4,6.92638,0
IVF.US,D,20210809,000000,3052.8,3052.8,2966.4,3031.2,18.1888,0
IVF.US,D,20210810,000000,2988,3052.8,2901.6,2916,31.8999,0
IVF.US,D,20210811,000000,2980.8,3036.39,2894.4,3024,26.5791,0
IVF.US,D,20210812,000000,3003.54,3024,2959.2,3024,18.9499,0
IVF.US,D,20210813,000000,3031.2,3052.8,2995.2,3052.8,8.28472,0
IVF.US,D,20210816,000000,3052.8,3060,2948.4,3060,24.6124,0
IVF.US,D,20210817,000000,3052.8,3052.8,2772,2858.4,137.09,0
IVF.US,D,20210818,000000,2876.4,2901.6,2775.89,2800.8,29.2986,0
IVF.US,D,20210819,000000,2707.2,2793.6,2671.2,2685.6,77.6236,0
IVF.US,D,20210820,000000,2664,2836.8,2664,2808,46.0763,0
IVF.US,D,20210823,000000,2840.4,2865.6,2775.89,2865.6,25.4013,0
IVF.US,D,20210824,000000,2861.06,2865.6,2815.2,2865.6,23.3611,0
IVF.US,D,20210825,000000,2844,2865.6,2833.34,2844,25.2041,0
IVF.US,D,20210826,000000,2810.88,2836.8,2685.6,2772,40.0472,0
IVF.US,D,20210827,000000,2728.8,2800.58,2620.8,2772,93.5583,0
IVF.US,D,20210830,000000,2750.4,2772,2707.2,2743.2,13.7847,0
IVF.US,D,20210831,000000,2728.8,2840.4,2714.4,2772,25.6763,0
IVF.US,D,20210901,000000,2822.4,2824.06,2736,2822.4,17.5138,0
IVF.US,D,20210902,000000,2808,2836.8,2764.87,2808,15.1124,0
IVF.US,D,20210903,000000,2871.72,2871.72,2700,2779.2,7.34722,0
IVF.US,D,20210907,000000,2822.4,2822.4,2664,2728.8,26.143,0
IVF.US,D,20210908,000000,2757.6,2757.6,2635.2,2635.2,60.9527,0
IVF.US,D,20210909,000000,2628,2649.6,2441.09,2620.8,177.054,0
IVF.US,D,20210910,000000,2642.4,2649.6,2563.2,2613.6,55.7069,0
IVF.US,D,20210913,000000,2628,2642.4,2556,2577.6,64.7458,0
IVF.US,D,20210914,000000,2577.6,2614.25,2455.2,2527.2,40.7777,0
IVF.US,D,20210915,000000,2595.82,2595.82,2520,2534.4,25.1069,0
IVF.US,D,20210916,000000,2534.4,2642.4,2476.8,2541.6,68.1027,0
IVF.US,D,20210917,000000,2534.4,2599.2,2469.17,2541.6,58.7083,0
IVF.US,D,20210920,000000,2534.4,2566.8,2368.8,2397.6,60.4208,0
IVF.US,D,20210921,000000,2413.08,2484,2348.71,2404.8,36.693,0
IVF.US,D,20210922,000000,2448,2466,2361.6,2397.6,128.918,0
IVF.US,D,20210923,000000,2368.8,2440.8,2340,2361.6,81.5749,0
IVF.US,D,20210924,000000,2340,2383.34,2304,2364.48,32.8624,0
IVF.US,D,20210927,000000,2361.6,2433.6,2343.6,2412,31.7263,0
IVF.US,D,20210928,000000,2368.8,2412,2304,2347.2,34.2013,0
IVF.US,D,20210929,000000,2361.6,2361.6,2152.8,2282.4,126.14,0
IVF.US,D,20210930,000000,2282.4,2347.2,2213.35,2347.2,33.7499,0
IVF.US,D,20211001,000000,2232,2436.12,2181.6,2433.6,103.88,0
IVF.US,D,20211004,000000,2383.2,2469.6,2325.6,2469.6,23.7833,0
IVF.US,D,20211005,000000,2469.6,2556,2377.94,2556,69.8527,0
IVF.US,D,20211006,000000,2469.6,2512.8,2383.2,2473.2,9.07777,0
IVF.US,D,20211007,000000,2520,2642.4,2433.6,2620.8,61.8611,0
IVF.US,D,20211008,000000,2858.4,3060,2721.6,2880,491.847,0
IVF.US,D,20211011,000000,2872.8,2874.24,2620.8,2664,81.2555,0
IVF.US,D,20211012,000000,2628,2656.8,2488.03,2584.8,60.1055,0
IVF.US,D,20211013,000000,2903.33,2903.33,2505.6,2541.6,59.9513,0
IVF.US,D,20211014,000000,2541.6,2851.2,2448,2829.6,138.731,0
IVF.US,D,20211015,000000,2836.8,2880,2736,2858.4,99.8069,0
IVF.US,D,20211018,000000,2872.8,3081.6,2743.27,3016.8,139.004,0
IVF.US,D,20211019,000000,3024,3024,2800.8,2836.8,116.584,0
IVF.US,D,20211020,000000,2880,2916,2808.07,2908.8,56.8041,0
IVF.US,D,20211021,000000,2901.6,2901.6,2750.47,2829.6,63.4263,0
IVF.US,D,20211022,000000,2800.8,2800.8,2620.8,2700,78.4583,0
IVF.US,D,20211025,000000,2700,2700,2433.6,2476.8,118.794,0
IVF.US,D,20211026,000000,2520,2534.4,2405.23,2498.4,92.6069,0
IVF.US,D,20211027,000000,2534.4,2534.4,2426.4,2448,56.718,0
IVF.US,D,20211028,000000,2448,2455.2,2397.6,2433.6,57.3166,0
IVF.US,D,20211029,000000,2426.4,2505.53,2376,2484,40.3236,0
IVF.US,D,20211101,000000,2448,2505.6,2412,2505.6,38.8374,0
IVF.US,D,20211102,000000,2476.8,2570.4,2462.4,2570.4,52.8958,0
IVF.US,D,20211103,000000,2577.6,2599.2,2390.4,2426.4,64.9416,0
IVF.US,D,20211104,000000,2448,2476.73,2412,2433.6,29.1819,0
IVF.US,D,20211105,000000,2455.2,2455.2,2383.2,2390.4,28.5319,0
IVF.US,D,20211108,000000,2390.4,2397.6,2354.4,2383.2,49.3013,0
IVF.US,D,20211109,000000,2390.4,2390.4,2311.27,2376,50.5722,0
IVF.US,D,20211110,000000,2340,2390.4,2304,2340,91.7374,0
IVF.US,D,20211111,000000,2332.8,2376,2289.6,2376,23.8736,0
IVF.US,D,20211112,000000,2354.4,2376,2295.65,2376,28.3277,0
IVF.US,D,20211115,000000,2354.4,2446.56,2296.8,2376,41.9041,0
IVF.US,D,20211116,000000,2376,2384.93,2268,2332.8,41.243,0
IVF.US,D,20211117,000000,2325.6,2361.53,2268,2318.4,25.693,0
IVF.US,D,20211118,000000,2325.6,2387.09,2178,2203.2,106.272,0
IVF.US,D,20211119,000000,2203.2,2260.8,2124,2124,171.138,0
IVF.US,D,20211122,000000,2174.4,2203.2,1922.4,2196,200.747,0
IVF.US,D,20211123,000000,2145.6,2194.7,2066.4,2109.6,20.7874,0
IVF.US,D,20211124,000000,2029.03,2174.4,2029.03,2152.8,19.3833,0
IVF.US,D,20211126,000000,2152.8,2196,1994.4,2116.8,38.5124,0
IVF.US,D,20211129,000000,2160,2203.13,2109.6,2160,29.3499,0
IVF.US,D,20211130,000000,2181.6,2232,2120.4,2217.6,29.7263,0
IVF.US,D,20211201,000000,2304,2397.6,2203.2,2210.4,83.243,0
IVF.US,D,20211202,000000,2160,2289.53,2037.6,2253.53,54.9958,0
IVF.US,D,20211203,000000,2275.2,2275.2,2073.6,2124,28.6124,0
IVF.US,D,20211206,000000,2088,2325.53,2055.02,2181.6,92.9222,0
IVF.US,D,20211207,000000,2225.66,2339.93,2109.1,2304,48.1166,0
IVF.US,D,20211208,000000,2282.4,2383.2,2124,2340,47.1013,0
IVF.US,D,20211209,000000,2311.2,2411.93,2311.2,2383.2,25.8999,0
IVF.US,D,20211210,000000,2404.8,2459.81,2232,2426.4,68.0916,0
IVF.US,D,20211213,000000,2419.2,2505.6,2268,2448,32.5361,0
IVF.US,D,20211214,000000,2440.73,2642.4,2423.74,2592,66.4472,0
IVF.US,D,20211215,000000,2628,2851.2,2383.2,2692.8,79.7222,0
IVF.US,D,20211216,000000,2800.8,2800.8,2566.8,2671.2,52.1333,0
IVF.US,D,20211217,000000,2671.2,2793.53,2484,2772,92.5055,0
IVF.US,D,20211220,000000,2714.4,2870.86,2599.2,2808,71.6263,0
IVF.US,D,20211221,000000,2764.8,2922.19,2671.2,2808,119.005,0
IVF.US,D,20211222,000000,2772,2800.8,2613.6,2635.2,168.181,0
IVF.US,D,20211223,000000,2700,2700,2541.6,2624.4,39.0999,0
IVF.US,D,20211227,000000,2721.6,2721.6,2577.67,2592,34.5652,0
IVF.US,D,20211228,000000,2772,2772,2404.8,2412,108.299,0
IVF.US,D,20211229,000000,2462.4,2462.4,2289.6,2304,74.168,0
IVF.US,D,20211230,000000,2334.67,2464.2,2210.4,2397.6,40.3777,0
IVF.US,D,20211231,000000,2361.6,2450.52,2311.2,2397.6,28.0986,0
IVF.US,D,20220103,000000,2440.8,2454.84,2354.4,2368.8,24.2513,0
IVF.US,D,20220104,000000,2412,2469.6,2397.6,2448,30.3972,0
IVF.US,D,20220105,000000,2448,2663.93,2440.8,2563.2,97.8458,0
IVF.US,D,20220106,000000,2620.8,2620.8,2433.6,2498.4,65.1916,0
IVF.US,D,20220107,000000,2606.4,2664,2304,2512.8,71.6444,0
IVF.US,D,20220110,000000,2649.6,2649.6,2455.27,2563.2,136.333,0
IVF.US,D,20220111,000000,2606.4,2628,2512.8,2606.4,35.3999,0
IVF.US,D,20220112,000000,2678.4,2750.4,2628,2750.4,60.9652,0
IVF.US,D,20220113,000000,2700,2761.2,2570.47,2728.8,37.1763,0
IVF.US,D,20220114,000000,2664,2692.8,2527.2,2599.2,63.5944,0
IVF.US,D,20220118,000000,2692.8,2728.8,2599.27,2656.8,40.4097,0
IVF.US,D,20220119,000000,2728.8,2728.8,2433.6,2462.4,59.9986,0
IVF.US,D,20220120,000000,2455.2,2505.6,2340,2361.6,67.6652,0
IVF.US,D,20220121,000000,2325.6,2325.67,2131.27,2160,89.8986,0
IVF.US,D,20220124,000000,2152.8,2340,2001.6,2203.2,97.5833,0
IVF.US,D,20220125,000000,2160,2235.6,2124,2224.8,36.1986,0
IVF.US,D,20220126,000000,2167.2,2476.58,2167.2,2275.2,33.4166,0
IVF.US,D,20220127,000000,2325.6,2325.6,1872,2016,164.529,0
IVF.US,D,20220128,000000,2008.8,2030.4,1828.8,2023.2,136.711,0
IVF.US,D,20220131,000000,1987.2,2448,1987.2,2289.6,188.691,0
IVF.US,D,20220201,000000,2282.4,2447.93,2268,2404.8,98.2499,0
IVF.US,D,20220202,000000,2426.4,2512.73,2383.2,2440.8,78.7347,0
IVF.US,D,20220203,000000,2350.8,2592,2224.8,2563.2,71.8138,0
IVF.US,D,20220204,000000,2530.8,2556,2311.2,2404.8,68.8208,0
IVF.US,D,20220207,000000,2404.8,2483.93,2311.2,2340,42.8902,0
IVF.US,D,20220208,000000,2376,2421.14,2295.65,2340,17.2583,0
IVF.US,D,20220209,000000,2361.6,2455.13,2325.6,2390.4,68.4638,0
IVF.US,D,20220210,000000,2419.2,2419.92,2286,2289.6,49.0611,0
IVF.US,D,20220211,000000,2253.6,2361.53,2158.78,2160,159.101,0
IVF.US,D,20220214,000000,2224.8,2224.8,2080.87,2145.6,45.3805,0
IVF.US,D,20220215,000000,2152.8,2246.4,2145.6,2167.2,22.9569,0
IVF.US,D,20220216,000000,2178,2260.73,2156.4,2196,7.75138,0
IVF.US,D,20220217,000000,2232,2253.6,2160,2224.8,13.543,0
IVF.US,D,20220218,000000,2203.2,2210.33,2160,2188.8,10.3597,0
IVF.US,D,20220222,000000,2253.6,2253.6,2138.4,2181.6,18.2791,0
IVF.US,D,20220223,000000,2138.4,2289.02,2131.2,2268,13.393,0
IVF.US,D,20220224,000000,2152.8,2214,2134.66,2196,19.7833,0
IVF.US,D,20220225,000000,2239.2,2239.2,2174.4,2174.4,8.64027,0
IVF.US,D,20220228,000000,2203.2,2211.55,2152.8,2167.2,21.0402,0
IVF.US,D,20220301,000000,2167.2,2196,2059.2,2131.2,35.8194,0
IVF.US,D,20220302,000000,2131.2,2131.2,2052,2123.78,28.7402,0
IVF.US,D,20220303,000000,2181.6,2181.6,1994.4,1994.4,20.8263,0
IVF.US,D,20220304,000000,2095.2,2124,1880.5,1994.4,32.2583,0
IVF.US,D,20220307,000000,1994.4,1994.4,1807.2,1843.2,30.4499,0
IVF.US,D,20220308,000000,1821.6,1864.73,1634.4,1735.2,226.588,0
IVF.US,D,20220309,000000,1800,1908,1663.2,1677.6,118.945,0
IVF.US,D,20220310,000000,1663.2,1731.6,1620,1663.2,56.3111,0
IVF.US,D,20220311,000000,1800,1800,1584,1677.6,51.4583,0
IVF.US,D,20220314,000000,1656,1713.53,1634.4,1641.6,30.9208,0
IVF.US,D,20220315,000000,1627.2,1688.54,1555.2,1576.8,33.2958,0
IVF.US,D,20220316,000000,1648.8,1871.93,1612.73,1713.6,47.493,0
IVF.US,D,20220317,000000,1900.8,1987.2,1764,1972.8,26.6694,0
IVF.US,D,20220318,000000,1936.8,1965.53,1807.27,1915.2,30.4236,0
IVF.US,D,20220321,000000,1915.2,1915.2,1858.32,1908,25.4861,0
IVF.US,D,20220322,000000,1893.6,1958.33,1886.4,1908,21.1083,0
IVF.US,D,20220323,000000,1922.4,1922.4,1843.2,1908,11.9499,0
IVF.US,D,20220324,000000,1828.8,1908,1821.67,1897.2,14.1236,0
IVF.US,D,20220325,000000,1843.2,1909.15,1843.2,1864.8,13.9041,0
IVF.US,D,20220328,000000,1879.2,2015.93,1872,1980,67.3347,0
IVF.US,D,20220329,000000,1908,2008.73,1872,1922.4,21.5527,0
IVF.US,D,20220330,000000,1929.6,2042.5,1814.4,1886.4,84.9958,0
IVF.US,D,20220331,000000,1872,1987.13,1692,1900.8,232.78,0
IVF.US,D,20220401,000000,1972.8,2008.8,1785.6,1785.6,25.4013,0
IVF.US,D,20220404,000000,1850.4,1965.53,1850.4,1917.43,61.5513,0
IVF.US,D,20220405,000000,1915.2,1933.42,1728,1728,44.6138,0
IVF.US,D,20220406,000000,1742.4,1792.8,1728,1742.4,72.6652,0
IVF.US,D,20220407,000000,1764,1814.4,1764,1778.4,14.1791,0
IVF.US,D,20220408,000000,1807.2,1807.2,1584,1634.4,50.1444,0
IVF.US,D,20220411,000000,1634.4,1634.4,1490.4,1490.4,46.6277,0
IVF.US,D,20220412,000000,1490.4,1548,1490.4,1537.78,35.0291,0
IVF.US,D,20220413,000000,1490.4,1533.53,1476,1483.2,33.2763,0
IVF.US,D,20220414,000000,1454.4,1487.3,1328.33,1353.6,100.105,0
IVF.US,D,20220418,000000,1353.6,1490.4,1266.77,1267.2,103.859,0
IVF.US,D,20220419,000000,1238.4,1288.8,1196.78,1209.6,46.9583,0
IVF.US,D,20220420,000000,1242,1288.15,1188,1267.2,76.6166,0
IVF.US,D,20220421,000000,1281.6,1288.66,1144.8,1180.8,76.5916,0
IVF.US,D,20220422,000000,1188,1281.53,1180.8,1195.2,120.897,0
IVF.US,D,20220425,000000,1202.4,1245.6,1124.28,1137.6,43.3583,0
IVF.US,D,20220426,000000,1152,1152,1043.42,1130.4,23.3569,0
IVF.US,D,20220427,000000,1168.42,1194.05,1137.6,1152,18.3249,0
IVF.US,D,20220428,000000,1152,1166.4,1123.2,1137.6,3.69861,0
IVF.US,D,20220429,000000,1094.4,1110.1,1065.6,1087.2,22.3472,0
IVF.US,D,20220502,000000,1152,1173.67,1101.6,1130.4,5.92916,0
IVF.US,D,20220503,000000,1151.93,1188,1108.8,1184.4,43.3694,0
IVF.US,D,20220504,000000,1231.2,1281.6,1121.33,1274.4,41.4374,0
IVF.US,D,20220505,000000,1281.6,1375.2,1195.2,1241.5,40.8388,0
IVF.US,D,20220506,000000,1418.33,1418.33,1195.2,1245.6,40.0638,0
IVF.US,D,20220509,000000,1382.4,1382.4,1015.2,1015.2,91.9166,0
IVF.US,D,20220510,000000,1332,1332,979.2,986.4,24.1513,0
IVF.US,D,20220511,000000,1245.6,1245.6,1015.2,1069.2,81.1708,0
IVF.US,D,20220512,000000,1098,1098,986.4,1015.2,50.6541,0
IVF.US,D,20220513,000000,1029.6,1051.2,993.6,1018.8,35.843,0
IVF.US,D,20220516,000000,1080,1123.2,1044.07,1123.2,11.0374,0
IVF.US,D,20220517,000000,1224,1224,1101.6,1112.4,29.7402,0
IVF.US,D,20220518,000000,1188,1188,770.4,784.8,254.055,0
IVF.US,D,20220519,000000,806.4,849.6,763.2,763.2,113.631,0
IVF.US,D,20220520,000000,784.8,805.392,756,756,111.43,0
IVF.US,D,20220523,000000,835.2,835.2,705.6,784.8,151.362,0
IVF.US,D,20220524,000000,741.6,777.6,705.6,727.128,125.336,0
IVF.US,D,20220525,000000,720,741.6,705.6,719.208,47.5263,0
IVF.US,D,20220526,000000,684,756.864,613.8,748.8,110.474,0
IVF.US,D,20220527,000000,770.4,792,770.4,774,32.0291,0
IVF.US,D,20220531,000000,741.6,766.8,698.4,705.24,121.843,0
IVF.US,D,20220601,000000,705.6,705.6,655.2,655.2,192.638,0
IVF.US,D,20220602,000000,662.4,676.8,623.52,623.52,173.948,0
IVF.US,D,20220603,000000,624.96,675.72,612,648,278.406,0
IVF.US,D,20220606,000000,720,720,648,680.832,172.013,0
IVF.US,D,20220607,000000,684,777.528,683.28,734.4,188.744,0
IVF.US,D,20220608,000000,748.8,777.528,720,734.4,51.1124,0
IVF.US,D,20220609,000000,712.8,770.328,712.8,748.8,29.4055,0
IVF.US,D,20220610,000000,748.8,763.2,691.362,707.4,28.2222,0
IVF.US,D,20220613,000000,684,694.8,630.288,652.392,28.0486,0
IVF.US,D,20220614,000000,652.392,652.392,609.768,620.712,60.4388,0
IVF.US,D,20220615,000000,620.712,666.72,620.64,637.92,14.0249,0
IVF.US,D,20220616,000000,640.8,653.04,576.144,641.736,21.1819,0
IVF.US,D,20220617,000000,665.064,686.808,624.024,633.96,12.6944,0
IVF.US,D,20220621,000000,604.008,648,560.16,561.6,150.651,0
IVF.US,D,20220622,000000,618.912,618.912,540,572.04,30.2847,0
IVF.US,D,20220623,000000,559.368,603.216,552.096,561.6,41.2444,0
IVF.US,D,20220624,000000,568.8,578.232,526.392,526.896,98.2194,0
IVF.US,D,20220627,000000,576,576,514.8,540,143.384,0
IVF.US,D,20220628,000000,555.12,571.14,536.472,571.14,43.8916,0
IVF.US,D,20220629,000000,547.272,590.4,496.8,533.592,210.916,0
IVF.US,D,20220630,000000,511.272,518.4,453.888,460.728,74.1347,0
IVF.US,D,20220701,000000,489.456,568.8,460.872,564.48,134.693,0
IVF.US,D,20220705,000000,564.48,565.2,500.4,554.472,80.018,0
IVF.US,D,20220706,000000,565.056,654.552,528.552,586.008,36.7333,0
IVF.US,D,20220707,000000,602.64,628.848,576,628.848,36.3124,0
IVF.US,D,20220708,000000,612,642.312,604.8,627.336,18.218,0
IVF.US,D,20220711,000000,650.736,650.736,612,626.328,8.34166,0
IVF.US,D,20220712,000000,626.328,638.676,604.8,638.676,12.6624,0
IVF.US,D,20220713,000000,619.272,703.44,619.272,687.6,52.6124,0
IVF.US,D,20220714,000000,691.2,720,662.4,712.8,30.3402,0
IVF.US,D,20220715,000000,714.888,714.96,669.888,691.2,17.7763,0
IVF.US,D,20220718,000000,720,755.928,712.872,718.416,9.69999,0
IVF.US,D,20220719,000000,748.8,755.856,720,727.2,40.9902,0
IVF.US,D,20220720,000000,734.4,756,705.672,748.8,16.8124,0
IVF.US,D,20220721,000000,763.2,763.2,727.2,745.2,14.2847,0
IVF.US,D,20220722,000000,748.8,748.8,712.872,741.6,12.0041,0
IVF.US,D,20220725,000000,748.8,748.8,715.824,727.2,21.3624,0
IVF.US,D,20220726,000000,698.4,748.728,698.4,727.2,13.9013,0
IVF.US,D,20220727,000000,691.272,734.4,691.272,734.4,13.5736,0
IVF.US,D,20220728,000000,720,748.8,720,727.2,12.5805,0
IVF.US,D,20220729,000000,720,720,705.6,712.8,11.1152,0
IVF.US,D,20220801,000000,705.996,707.4,684,691.2,3.45277,0
IVF.US,D,20220802,000000,719.856,720,691.2,716.616,19.2152,0
IVF.US,D,20220803,000000,719.928,741.6,699.12,734.4,10.7611,0
IVF.US,D,20220804,000000,727.2,748.8,672.48,748.8,22.9916,0
IVF.US,D,20220805,000000,684.36,792,684.36,772.416,47.7666,0
IVF.US,D,20220808,000000,806.4,822.888,788.4,806.4,38.918,0
IVF.US,D,20220809,000000,842.4,842.4,741.6,756,14.918,0
IVF.US,D,20220810,000000,789.552,789.552,727.2,741.24,21.3819,0
IVF.US,D,20220811,000000,734.4,775.224,734.4,748.8,21.9986,0
IVF.US,D,20220812,000000,750.96,863.928,749.376,770.4,54.993,0
IVF.US,D,20220815,000000,806.4,828,720,813.6,50.1777,0
IVF.US,D,20220816,000000,871.2,871.2,734.4,748.8,63.3305,0
IVF.US,D,20220817,000000,705.6,765.936,591.984,684,105.416,0
IVF.US,D,20220818,000000,684.072,727.128,633.816,676.944,39.8319,0
IVF.US,D,20220819,000000,792,792,684.072,698.4,8.81388,0
IVF.US,D,20220822,000000,720,720,636.48,660.6,25.9291,0
IVF.US,D,20220823,000000,613.368,720,613.368,705.6,74.9194,0
IVF.US,D,20220824,000000,712.8,717.048,705.6,705.672,37.7583,0
IVF.US,D,20220825,000000,719.496,748.8,717.696,734.4,18.9472,0
IVF.US,D,20220826,000000,705.6,741.6,686.088,716.544,17.9458,0
IVF.US,D,20220829,000000,720,763.2,691.2,738,32.2833,0
IVF.US,D,20220830,000000,756,756,643.968,662.4,47.3541,0
IVF.US,D,20220831,000000,691.056,709.56,662.472,696.96,17.2583,0
IVF.US,D,20220901,000000,655.2,698.04,655.2,676.8,30.1222,0
IVF.US,D,20220902,000000,705.6,797.472,695.16,741.6,58.6166,0
IVF.US,D,20220906,000000,741.6,792,684,781.344,36.218,0
IVF.US,D,20220907,000000,770.4,864,741.6,856.728,42.4249,0
IVF.US,D,20220908,000000,856.8,1130.76,856.8,1022.4,145.948,0
IVF.US,D,20220909,000000,1123.2,1123.2,964.8,1093.32,82.9902,0
IVF.US,D,20220912,000000,1123.2,1188,1065.6,1123.2,83.7055,0
IVF.US,D,20220913,000000,1065.6,1123.13,979.2,1054.8,42.0999,0
IVF.US,D,20220914,000000,1029.6,1101.6,928.8,1000.8,64.3861,0
IVF.US,D,20220915,000000,1008,1094.4,972,1051.2,30.0972,0
IVF.US,D,20220916,000000,1044,1188,939.312,1123.2,70.4611,0
IVF.US,D,20220919,000000,1144.8,1144.8,1000.87,1108.8,49.6236,0
IVF.US,D,20220920,000000,1087.2,1087.2,957.6,964.8,78.9999,0
IVF.US,D,20220921,000000,1029.53,1067.04,885.6,1025.93,57.8319,0
IVF.US,D,20220922,000000,1065.53,1065.53,811.656,907.2,67.7513,0
IVF.US,D,20220923,000000,914.4,914.4,748.8,775.368,32.8305,0
IVF.US,D,20220926,000000,777.6,777.6,729.864,770.4,38.2986,0
IVF.US,D,20220927,000000,770.4,936,756,835.2,84.9361,0
IVF.US,D,20220928,000000,856.8,871.2,828,828,20.7069,0
IVF.US,D,20220929,000000,849.6,925.2,779.328,813.6,57.2486,0
IVF.US,D,20220930,000000,864,864,756,763.2,21.8902,0
IVF.US,D,20221003,000000,792,835.344,792,806.4,15.1916,0
IVF.US,D,20221004,000000,784.8,921.6,734.4,892.8,16.1972,0
IVF.US,D,20221005,000000,907.2,964.8,878.4,957.6,29.2111,0
IVF.US,D,20221006,000000,982.584,1058.4,936,1008,24.1916,0
IVF.US,D,20221007,000000,921.6,986.4,921.6,950.4,12.1027,0
IVF.US,D,20221010,000000,907.2,993.6,849.6,979.2,7.22083,0
IVF.US,D,20221011,000000,942.768,993.6,920.592,990,10.2013,0
IVF.US,D,20221012,000000,1005.7,1058.33,957.6,993.6,19.5874,0
IVF.US,D,20221013,000000,986.4,986.4,918.36,928.8,7.49722,0
IVF.US,D,20221014,000000,916.128,916.128,881.712,892.8,3.08055,0
IVF.US,D,20221017,000000,856.8,920.736,856.8,892.8,10.5305,0
IVF.US,D,20221018,000000,910.8,928.8,856.8,856.8,11.9861,0
IVF.US,D,20221019,000000,871.2,871.2,842.4,842.4,3.20972,0
IVF.US,D,20221020,000000,878.4,878.4,835.2,856.8,6.75416,0
IVF.US,D,20221021,000000,849.672,932.616,849.672,871.2,11.193,0
IVF.US,D,20221024,000000,864,884.088,828,860.4,19.5194,0
IVF.US,D,20221025,000000,828,878.328,813.6,849.6,13.5027,0
IVF.US,D,20221026,000000,885.6,885.6,792,799.2,24.1694,0
IVF.US,D,20221027,000000,799.2,864,799.2,849.6,5.54166,0
IVF.US,D,20221028,000000,856.8,858.96,813.6,813.6,22.5013,0
IVF.US,D,20221031,000000,878.4,878.4,777.6,828,13.6444,0
IVF.US,D,20221101,000000,813.6,856.8,756.072,849.6,34.1583,0
IVF.US,D,20221102,000000,842.4,842.472,756,756,4.94027,0
IVF.US,D,20221103,000000,756,806.328,756,806.328,5.42499,0
IVF.US,D,20221104,000000,856.8,856.8,762.768,804.816,9.64999,0
IVF.US,D,20221107,000000,784.8,842.4,763.2,777.6,8.86249,0
IVF.US,D,20221108,000000,756.072,777.6,756,756,9.17499,0
IVF.US,D,20221109,000000,756,756,720,720,4.39722,0
IVF.US,D,20221110,000000,798.336,845.208,748.152,799.2,10.5097,0
IVF.US,D,20221111,000000,835.128,835.128,777.6,813.6,2.19444,0
IVF.US,D,20221114,000000,820.8,849.6,743.472,849.6,24.9263,0
IVF.US,D,20221115,000000,763.2,900,763.2,892.8,18.9347,0
IVF.US,D,20221116,000000,900,907.128,777.6,892.8,25.6819,0
IVF.US,D,20221117,000000,914.328,914.328,795.312,871.2,17.3986,0
IVF.US,D,20221118,000000,885.6,892.368,849.6,856.8,10.7499,0
IVF.US,D,20221121,000000,813.6,842.328,792.72,806.4,9.86249,0
IVF.US,D,20221122,000000,748.8,813.672,748.8,813.6,20.3944,0
IVF.US,D,20221123,000000,813.528,813.528,727.2,742.608,40.6736,0
IVF.US,D,20221125,000000,756,763.2,734.472,734.472,1.64166,0
IVF.US,D,20221128,000000,679.68,727.2,679.68,711.144,34.2902,0
IVF.US,D,20221129,000000,720,720,698.472,712.8,11.0138,0
IVF.US,D,20221130,000000,734.328,734.328,655.2,704.808,33.5249,0
IVF.US,D,20221201,000000,669.6,669.6,576,591.912,162.499,0
IVF.US,D,20221202,000000,597.6,646.272,576.072,580.896,40.3444,0
IVF.US,D,20221205,000000,552.744,583.2,524.016,525.6,79.9541,0
IVF.US,D,20221206,000000,576,576,272.664,338.4,309.041,0
IVF.US,D,20221207,000000,360,406.224,236.88,298.8,496.479,0
IVF.US,D,20221208,000000,336.672,337.68,295.2,331.272,156.574,0
IVF.US,D,20221209,000000,321.336,526.824,294.624,432,415.299,0
IVF.US,D,20221212,000000,419.832,432,396,412.128,25.2472,0
IVF.US,D,20221213,000000,410.4,432,349.632,385.128,124.744,0
IVF.US,D,20221214,000000,385.128,417.6,352.728,352.728,124.809,0
IVF.US,D,20221215,000000,328.536,361.008,277.2,309.6,230.731,0
IVF.US,D,20221216,000000,309.528,368.856,288,338.4,100.294,0
IVF.US,D,20221219,000000,345.6,345.6,288,288,33.3388,0
IVF.US,D,20221220,000000,280.8,323.928,273.6,309.6,126.118,0
IVF.US,D,20221221,000000,323.856,323.856,302.4,302.4,102.272,0
IVF.US,D,20221222,000000,302.4,316.8,273.6,280.08,84.4861,0
IVF.US,D,20221223,000000,292.608,310.176,290.521,295.2,5.42083,0
IVF.US,D,20221227,000000,308.016,316.656,293.976,315.504,5.90972,0
IVF.US,D,20221228,000000,294.48,316.8,277.416,305.928,64.668,0
IVF.US,D,20221229,000000,295.704,305.928,273.6,288.072,52.4694,0
IVF.US,D,20221230,000000,277.2,316.8,277.2,305.136,95.2041,0
IVF.US,D,20230103,000000,323.784,323.784,286.416,316.152,20.7944,0
IVF.US,D,20230104,000000,324,324,302.4,316.44,15.3472,0
IVF.US,D,20230105,000000,323.928,352.8,288.145,338.472,69.8486,0
IVF.US,D,20230106,000000,344.088,360,324.36,359.64,27.7555,0
IVF.US,D,20230109,000000,360,381.312,338.544,358.2,37.1097,0
IVF.US,D,20230110,000000,374.4,381.528,360,360,23.1194,0
IVF.US,D,20230111,000000,324,381.312,324,360.072,41.2749,0
IVF.US,D,20230112,000000,360,381.456,338.4,381.456,31.8555,0
IVF.US,D,20230113,000000,379.008,388.8,372.6,372.6,22.8569,0
IVF.US,D,20230117,000000,391.176,416.592,360,410.256,97.2361,0
IVF.US,D,20230118,000000,397.872,431.28,378.288,381.96,42.3472,0
IVF.US,D,20230119,000000,395.928,396,350.784,360,41.8152,0
IVF.US,D,20230120,000000,396,396,344.016,345.6,114.565,0
IVF.US,D,20230123,000000,388.8,388.8,345.6,380.88,30.4902,0
IVF.US,D,20230124,000000,396,467.388,381.6,398.88,83.6694,0
IVF.US,D,20230125,000000,406.734,446.328,399.096,439.2,16.9722,0
IVF.US,D,20230126,000000,439.056,439.056,396,417.6,11.9208,0
IVF.US,D,20230127,000000,424.584,439.2,403.236,437.472,32.8555,0
IVF.US,D,20230130,000000,432,439.2,424.8,424.872,19.7805,0
IVF.US,D,20230131,000000,426.6,511.2,403.632,503.784,93.9527,0
IVF.US,D,20230201,000000,503.568,539.928,482.4,504,28.1597,0
IVF.US,D,20230202,000000,532.8,547.2,432,432.144,251.261,0
IVF.US,D,20230203,000000,460.8,505.152,444.756,446.4,75.8597,0
IVF.US,D,20230206,000000,453.6,489.528,432,453.6,72.0944,0
IVF.US,D,20230207,000000,432,475.056,432,438.48,75.9124,0
IVF.US,D,20230208,000000,416.16,460.656,410.472,460.512,72.9472,0
IVF.US,D,20230209,000000,481.68,481.68,446.544,462.6,20.8722,0
IVF.US,D,20230210,000000,482.112,486.864,446.4,464.4,8.84861,0
IVF.US,D,20230213,000000,468,468,446.4,460.8,22.5013,0
IVF.US,D,20230214,000000,460.8,496.08,432,496.008,29.1069,0
IVF.US,D,20230215,000000,496.8,554.328,477.456,527.4,70.0305,0
IVF.US,D,20230216,000000,475.2,546.84,475.2,525.528,75.8277,0
IVF.US,D,20230217,000000,554.112,554.112,512.856,546.768,13.0972,0
IVF.US,D,20230221,000000,567.72,567.72,500.472,547.56,63.8472,0
IVF.US,D,20230222,000000,517.392,547.056,453.6,493.56,22.5888,0
IVF.US,D,20230223,000000,509.976,509.976,460.944,461.952,22.8083,0
IVF.US,D,20230224,000000,484.992,484.992,439.2,439.2,25.0847,0
IVF.US,D,20230227,000000,467.928,467.928,432,436.248,69.6708,0
IVF.US,D,20230228,000000,436.32,436.392,424.872,424.872,14.6708,0
IVF.US,D,20230301,000000,432.072,467.568,432.072,439.2,31.1902,0
IVF.US,D,20230302,000000,446.4,464.256,425.592,439.2,28.8624,0
IVF.US,D,20230303,000000,446.184,460.44,425.52,427.032,12.2805,0
IVF.US,D,20230306,000000,443.16,443.16,405.288,429.408,37.7458,0
IVF.US,D,20230307,000000,407.736,410.112,374.4,379.44,69.7458,0
IVF.US,D,20230308,000000,462.96,462.96,352.944,360,52.1722,0
IVF.US,D,20230309,000000,404.424,410.328,352.872,402.84,129.038,0
IVF.US,D,20230310,000000,397.944,432,374.472,424.8,25.6611,0
IVF.US,D,20230313,000000,429.768,465.84,410.4,424.944,37.4124,0
IVF.US,D,20230314,000000,395.928,432.36,381.6,432,56.6236,0
IVF.US,D,20230315,000000,430.92,443.304,388.8,412.92,60.1277,0
IVF.US,D,20230316,000000,388.8,436.68,379.512,379.512,70.5638,0
IVF.US,D,20230317,000000,381.6,428.904,381.6,389.016,243.022,0
IVF.US,D,20230320,000000,480.24,589.536,421.2,445.104,10218.6,0
IVF.US,D,20230321,000000,453.168,488.88,403.2,456.552,1151,0
IVF.US,D,20230322,000000,432,590.4,432,586.296,1107.93,0
IVF.US,D,20230323,000000,572.616,589.944,469.512,473.184,270.27,0
IVF.US,D,20230324,000000,438.408,456.624,404.928,432,307.995,0
IVF.US,D,20230327,000000,424.8,464.832,424.8,439.2,56.2749,0
IVF.US,D,20230328,000000,425.016,462.672,425.016,435.6,96.8097,0
IVF.US,D,20230329,000000,435.6,460.8,435.6,435.816,115.906,0
IVF.US,D,20230330,000000,444.744,457.2,432.216,432.216,33.1777,0
IVF.US,D,20230331,000000,459.936,486.648,414,460.08,79.4486,0
IVF.US,D,20230403,000000,453.6,481.608,439.2,459.864,32.7736,0
IVF.US,D,20230404,000000,482.832,482.832,432.216,432.216,33.8138,0
IVF.US,D,20230405,000000,453.6,453.6,414,446.328,12.8388,0
IVF.US,D,20230406,000000,417.816,441.303,381.6,414.072,81.3916,0
IVF.US,D,20230410,000000,397.44,416.16,381.672,400.608,45.3069,0
IVF.US,D,20230411,000000,381.672,400.752,360,374.616,56.0916,0
IVF.US,D,20230412,000000,388.8,388.8,349.2,382.896,65.3208,0
IVF.US,D,20230413,000000,369.288,402.408,349.2,349.272,66.1305,0
IVF.US,D,20230414,000000,367.2,397.296,326.16,339.048,68.1138,0
IVF.US,D,20230417,000000,339.048,376.488,327.672,367.2,193.068,0
IVF.US,D,20230418,000000,338.4,394.56,324.36,324.864,107.729,0
IVF.US,D,20230419,000000,324.792,333.864,310.104,332.568,69.6611,0
IVF.US,D,20230420,000000,330.408,330.408,302.4,303.264,13.1847,0
IVF.US,D,20230421,000000,309.6,315.36,296.136,313.92,34.0388,0
IVF.US,D,20230424,000000,312.912,324,297.36,316.8,23.6555,0
IVF.US,D,20230425,000000,306.144,309.528,252,272.16,114.372,0
IVF.US,D,20230426,000000,271.44,272.088,252,272.088,53.0597,0
IVF.US,D,20230427,000000,259.2,303.264,252.001,272.16,155.959,0
IVF.US,D,20230428,000000,259.56,275.904,252,259.272,54.2819,0
IVF.US,D,20230501,000000,259.272,287.28,239.04,251.352,49.5236,0
IVF.US,D,20230502,000000,258.408,266.328,252.217,258.552,30.9972,0
IVF.US,D,20230503,000000,377.928,377.928,250.2,256.32,146.833,0
IVF.US,D,20230504,000000,250.2,277.272,250.2,252.072,22.6208,0
IVF.US,D,20230505,000000,294.984,294.984,258.48,268.92,21.9888,0
IVF.US,D,20230508,000000,302.184,302.184,244.872,246.744,68.0124,0
IVF.US,D,20230509,000000,247.896,265.392,223.2,238.32,39.5666,0
IVF.US,D,20230510,000000,223.416,270.792,223.416,256.392,53.9888,0
IVF.US,D,20230511,000000,264.96,264.96,252,259.344,15.7097,0
IVF.US,D,20230512,000000,259.2,276.552,237.6,244.872,18.2111,0
IVF.US,D,20230515,000000,252,269.64,216.072,254.592,129.037,0
IVF.US,D,20230516,000000,252,273.6,252,253.584,41.2458,0
IVF.US,D,20230517,000000,266.4,266.4,237.6,260.568,39.3749,0
IVF.US,D,20230518,000000,260.568,264.6,241.344,264.6,54.1777,0
IVF.US,D,20230519,000000,254.448,285.768,254.376,278.28,26.8263,0
IVF.US,D,20230522,000000,273.6,284.437,237.672,244.811,194.354,0
IVF.US,D,20230523,000000,248.472,262.008,248.472,258.552,43.1749,0
IVF.US,D,20230524,000000,256.824,278.784,256.824,259.92,33.4624,0
IVF.US,D,20230525,000000,264.96,265.315,237.6,237.6,79.2069,0
IVF.US,D,20230526,000000,237.6,252.072,215.784,216.072,142.634,0
IVF.US,D,20230530,000000,219.672,225.432,215.712,215.928,54.9902,0
IVF.US,D,20230531,000000,222.336,222.336,166.176,183.312,196.345,0
IVF.US,D,20230601,000000,175.032,190.655,144.108,147.6,218.506,0
IVF.US,D,20230602,000000,172.8,193.464,131.256,152.64,320.159,0
IVF.US,D,20230605,000000,158.4,309.6,139.608,144,9698.72,0
IVF.US,D,20230606,000000,165.888,172.728,136.8,144,635.441,0
IVF.US,D,20230607,000000,158.4,236.377,129.6,140.76,5032.4,0
IVF.US,D,20230608,000000,129.6,158.328,129.6,146.723,981.312,0
IVF.US,D,20230609,000000,146.232,172.8,129.672,143.928,1045.49,0
IVF.US,D,20230612,000000,158.4,158.4,126,138.6,486.794,0
IVF.US,D,20230613,000000,134.424,144,129.6,136.728,461.659,0
IVF.US,D,20230614,000000,143.784,143.784,108,122.4,3369.6,0
IVF.US,D,20230615,000000,119.016,123.696,115.2,122.328,886.515,0
IVF.US,D,20230616,000000,127.584,141.84,108.36,122.4,1523.42,0
IVF.US,D,20230620,000000,132.48,132.48,116.712,122.4,364.008,0
IVF.US,D,20230621,000000,122.328,126.72,115.2,115.2,345.344,0
IVF.US,D,20230622,000000,115.56,126,111.6,125.64,671.256,0
IVF.US,D,20230623,000000,126.216,126.216,117.36,118.8,377.809,0
IVF.US,D,20230626,000000,177.264,212.4,155.232,172.8,70780.9,0
IVF.US,D,20230627,000000,167.328,170.28,144,157.68,5869.96,0
IVF.US,D,20230628,000000,154.584,164.88,146.952,155.88,2077.87,0
IVF.US,D,20230629,000000,155.88,155.88,131.4,149.04,1565.85,0
IVF.US,D,20230630,000000,151.2,151.2,131.832,144.144,658.155,0
IVF.US,D,20230703,000000,141.624,141.624,122.472,131.76,2916.66,0
IVF.US,D,20230705,000000,135.72,140.4,131.184,140.4,847.765,0
IVF.US,D,20230706,000000,136.224,137.448,129.6,129.6,558.94,0
IVF.US,D,20230707,000000,127.44,136.8,127.44,136.08,537.918,0
IVF.US,D,20230710,000000,137.009,140.256,129.6,133.344,303.613,0
IVF.US,D,20230711,000000,133.2,138.384,129.96,131.76,376.886,0
IVF.US,D,20230712,000000,134.712,136.728,128.16,128.232,312.431,0
IVF.US,D,20230713,000000,126.72,140.4,124.632,140.4,272.226,0
IVF.US,D,20230714,000000,133.056,133.2,125.928,126.72,340.433,0
IVF.US,D,20230717,000000,131.76,136.296,126,128.808,160.823,0
IVF.US,D,20230718,000000,128.88,133.2,126,127.944,214.943,0
IVF.US,D,20230719,000000,126.72,130.248,124.632,127.44,190.526,0
IVF.US,D,20230720,000000,126,131.04,122.4,126,907.927,0
IVF.US,D,20230721,000000,126,126.792,115.92,119.52,327.319,0
IVF.US,D,20230724,000000,112.248,118.8,88.56,105.84,1106.47,0
IVF.US,D,20230725,000000,104.4,113.04,93.312,113.04,613.115,0
IVF.US,D,20230726,000000,106.56,115.2,100.8,110.592,984.336,0
IVF.US,D,20230727,000000,115.2,144,114.408,135.504,8950.92,0
IVF.US,D,20230728,000000,172.8,259.196,146.88,165.24,168582,0
IVF.US,D,20230731,000000,147.6,239.4,130.32,178.56,40237.7,0
IVF.US,D,20230801,000000,165.96,167.4,119.88,133.2,17802.2,0
IVF.US,D,20230802,000000,133.92,147.596,132.592,142.56,4885.94,0
IVF.US,D,20230803,000000,147.96,147.96,102.96,113.76,12972.6,0
IVF.US,D,20230804,000000,82.8,82.8,61.56,72,34885,0
IVF.US,D,20230807,000000,71.64,71.64,62.28,67.68,3165.33,0
IVF.US,D,20230808,000000,67.68,75.2076,63.4608,69.48,3469.91,0
IVF.US,D,20230809,000000,70.92,82.8,66.24,66.96,24583.3,0
IVF.US,D,20230810,000000,66.24,67.14,63,63.36,4000.41,0
IVF.US,D,20230811,000000,63.72,65.16,56.16,59.04,6276.24,0
IVF.US,D,20230814,000000,59.76,60.84,57.96,60.84,2551.66,0
IVF.US,D,20230815,000000,57.96,58.68,43.2,51.3,4885.19,0
IVF.US,D,20230816,000000,48.96,52.92,47.52,51.12,2910.77,0
IVF.US,D,20230817,000000,50.04,52.3368,48.6,51.84,1680.83,0
IVF.US,D,20230818,000000,47.52,55.08,47.52,53.28,1679.97,0
IVF.US,D,20230821,000000,57.96,57.96,51.48,54,3646.27,0
IVF.US,D,20230822,000000,53.64,55.8,51.8868,54,1997.16,0
IVF.US,D,20230823,000000,57.24,57.24,51.5124,55.44,2304.61,0
IVF.US,D,20230824,000000,54.72,55.8,52.92,55.8,626.194,0
IVF.US,D,20230825,000000,55.08,60.8364,51.12,55.08,2532.47,0
IVF.US,D,20230828,000000,54.36,55.4904,50.04,54,1248.99,0
IVF.US,D,20230829,000000,54,59.04,53.2836,55.44,1780.05,0
IVF.US,D,20230830,000000,54,57.6,53.28,57.24,798.388,0
IVF.US,D,20230831,000000,56.16,57.5964,54,54.36,336.361,0
IVF.US,D,20230901,000000,56.16,61.2,52.884,54,1575.52,0
IVF.US,D,20230905,000000,54.36,54.36,48.8988,50.4,438.833,0
IVF.US,D,20230906,000000,50.04,51.408,47.34,47.34,835.916,0
IVF.US,D,20230907,000000,49.68,49.9212,47.52,49.32,427.694,0
IVF.US,D,20230908,000000,51.12,51.12,49.32,49.32,101.277,0
IVF.US,D,20230911,000000,48.6,49.32,47.52,47.52,216.444,0
IVF.US,D,20230912,000000,50.4,50.7564,41.76,44.5824,1455.22,0
IVF.US,D,20230913,000000,46.8,46.8,38.88,38.88,650.416,0
IVF.US,D,20230914,000000,38.88,40.6764,37.08,37.44,693.916,0
IVF.US,D,20230915,000000,38.7504,38.88,33.12,37.44,1954.38,0
IVF.US,D,20230918,000000,38.52,38.52,33.84,33.84,381.777,0
IVF.US,D,20230919,000000,34.3116,36.36,34.2,35.8884,452.777,0
IVF.US,D,20230920,000000,36.5436,37.08,35.8884,36.36,381.027,0
IVF.US,D,20230921,000000,35.28,36.36,34.2,36.36,572.305,0
IVF.US,D,20230922,000000,36.36,36.36,33.48,33.48,213.555,0
IVF.US,D,20230925,000000,31.32,32.7816,29.1428,31.32,633.416,0
IVF.US,D,20230926,000000,31.32,32.04,30.636,30.78,140.833,0
IVF.US,D,20230927,000000,29.8296,30.96,27.4644,30.6,21338.2,0
IVF.US,D,20230928,000000,27.36,32.2164,27.036,30.7836,663.361,0
IVF.US,D,20230929,000000,30.24,32.04,24.6528,28.4472,2414.97,0
IVF.US,D,20231002,000000,28.5696,30.078,27,27.036,269.666,0
IVF.US,D,20231003,000000,28.08,28.386,26.1,27.9936,314.916,0
IVF.US,D,20231004,000000,25.8314,29.16,25.8314,27,540.638,0
IVF.US,D,20231005,000000,28.35,30.6324,27,28.0872,143.638,0
IVF.US,D,20231006,000000,30.2619,30.2619,27.72,28.44,158.722,0
IVF.US,D,20231009,000000,28.08,28.3032,25.2,28.3032,205.194,0
IVF.US,D,20231010,000000,25.236,28.7964,23.832,24.444,833.861,0
IVF.US,D,20231011,000000,25.6644,25.6644,21.96,21.96,1783.11,0
IVF.US,D,20231012,000000,22.5,26.3916,21.9636,22.8168,1218.52,0
IVF.US,D,20231013,000000,25.308,25.9164,22.8168,24.678,570.194,0
IVF.US,D,20231016,000000,25.9092,25.9092,22.14,23.256,728.722,0
IVF.US,D,20231017,000000,25.9164,25.9164,23.382,23.76,169.666,0
IVF.US,D,20231018,000000,23.3964,23.7564,22.4964,23.7528,203.972,0
IVF.US,D,20231019,000000,24.8292,24.8292,18,21.24,1679.66,0
IVF.US,D,20231020,000000,20.3868,20.88,18.72,19.44,961.194,0
IVF.US,D,20231023,000000,53.28,109.44,51.84,76.32,2952221,0
IVF.US,D,20231024,000000,61.56,64.8,46.4436,53.28,136485,0
IVF.US,D,20231025,000000,48.96,59.76,46.08,58.32,45798.2,0
IVF.US,D,20231026,000000,53.28,55.4364,48.24,49.68,15371.9,0
IVF.US,D,20231027,000000,48.6,51.84,46.44,46.8,8170.91,0
IVF.US,D,20231030,000000,44.64,50.04,39.96,47.52,11439,0
IVF.US,D,20231031,000000,46.44,51.84,45,45,4348.02,0
IVF.US,D,20231101,000000,43.92,47.16,40.878,43.2,6116.77,0
IVF.US,D,20231102,000000,42.84,47.52,39.6,46.8,5008.8,0
IVF.US,D,20231103,000000,46.8,49.3956,45.72,46.8,3221.88,0
IVF.US,D,20231106,000000,48.24,48.24,41.4036,42.48,6743.02,0
IVF.US,D,20231107,000000,43.2,43.2,36.36,37.8,3315.97,0
IVF.US,D,20231108,000000,38.52,38.52,27.72,28.1448,13522.8,0
IVF.US,D,20231109,000000,29.4732,29.4732,22.68,24.732,5052.38,0
IVF.US,D,20231110,000000,46.8,73.44,40.32,47.16,2003975,0
IVF.US,D,20231113,000000,48.6,68.4,45.36,57.96,607336,0
IVF.US,D,20231114,000000,73.08,88.92,66.6,77.76,659656,0
IVF.US,D,20231115,000000,78.84,78.84,61.92,66.6,68220.8,0
IVF.US,D,20231116,000000,65.88,73.8,62.4492,68.76,39716.4,0
IVF.US,D,20231117,000000,68.04,68.04,58.1004,65.16,24792.7,0
IVF.US,D,20231120,000000,61.92,68.76,61.56,61.92,17016.8,0
IVF.US,D,20231121,000000,69.48,74.52,60.12,66.96,52991.6,0
IVF.US,D,20231122,000000,66.96,68.76,62.64,66.6,14007.6,0
IVF.US,D,20231124,000000,63,74.88,62.28,73.8,29341,0
IVF.US,D,20231127,000000,75.24,86.04,67.68,74.88,63738.3,0
IVF.US,D,20231128,000000,71.64,73.44,61.2216,65.88,26198.4,0
IVF.US,D,20231129,000000,65.16,69.48,63.4464,66.96,8926.58,0
IVF.US,D,20231130,000000,66.24,71.28,64.8,67.32,6153.97,0
IVF.US,D,20231201,000000,68.04,75.6,65.16,68.4,9846.49,0
IVF.US,D,20231204,000000,68.4,68.6016,62.64,63.72,6016.58,0
IVF.US,D,20231205,000000,63.36,64.44,55.5588,57.24,5844.05,0
IVF.US,D,20231206,000000,57.96,61.2,57.24,59.04,4174.63,0
IVF.US,D,20231207,000000,59.04,61.1676,52.56,53.64,6990.69,0
IVF.US,D,20231208,000000,52.2,52.956,47.88,51.48,4218.02,0
IVF.US,D,20231211,000000,49.32,51.6096,48.96,50.04,1322.74,0
IVF.US,D,20231212,000000,47.88,49.68,45,45.72,1950.94,0
IVF.US,D,20231213,000000,45,45.36,39.6,43.2,3236.27,0
IVF.US,D,20231214,000000,43.2,47.16,43.2,45.72,2440.19,0
IVF.US,D,20231215,000000,44.64,46.08,41.76,44.28,1369.83,0
IVF.US,D,20231218,000000,43.56,45.2232,39.6,40.32,2125.33,0
IVF.US,D,20231219,000000,42.48,42.48,40.32,42.12,1221.77,0
IVF.US,D,20231220,000000,41.04,42.12,40.32,40.68,833.361,0
IVF.US,D,20231221,000000,40.68,42.48,40.68,41.76,670.722,0
IVF.US,D,20231222,000000,42.12,44.6364,41.04,44.28,910.555,0
IVF.US,D,20231226,000000,45,52.2,45,51.84,6036.52,0
IVF.US,D,20231227,000000,50.76,51.3,48.6,48.96,1254.52,0
IVF.US,D,20231228,000000,48.96,51.12,48.96,50.4,649.666,0
IVF.US,D,20231229,000000,50.4,51.48,48.24,48.6,1795.05,0
IVF.US,D,20240102,000000,48.24,48.6,43.2,46.08,626.916,0
IVF.US,D,20240103,000000,46.08,46.08,41.76,45.36,1270.69,0
IVF.US,D,20240104,000000,45.36,47.502,42.48,43.92,1481.47,0
IVF.US,D,20240105,000000,43.2,46.3536,42.84,43.92,753.472,0
IVF.US,D,20240108,000000,45,45.72,43.92,44.64,762.472,0
IVF.US,D,20240109,000000,45,45.36,41.76,41.76,720.666,0
IVF.US,D,20240110,000000,43.56,43.56,38.8944,39.6,2179.61,0
IVF.US,D,20240111,000000,40.32,42.12,36.7236,37.44,2244.77,0
IVF.US,D,20240112,000000,37.8,39.4812,37.44,37.8,715.027,0
IVF.US,D,20240116,000000,37.08,38.16,37.0656,37.8,296.277,0
IVF.US,D,20240117,000000,39.96,44.28,37.854,42.48,3242.8,0
IVF.US,D,20240118,000000,40.68,40.68,37.458,39.24,836.527,0
IVF.US,D,20240119,000000,38.16,39.6,37.1016,37.8,853.249,0
IVF.US,D,20240122,000000,37.8,37.8,36.36,37.08,506.055,0
IVF.US,D,20240123,000000,38.52,42.12,37.8864,39.6,2430.91,0
IVF.US,D,20240124,000000,39.6,39.96,36.36,37.08,901.388,0
IVF.US,D,20240125,000000,37.8,39.2364,36.72,38.16,600.499,0
IVF.US,D,20240126,000000,38.52,38.52,36.72,37.44,532.472,0
IVF.US,D,20240129,000000,36.72,37.8,36.36,37.8,194.194,0
IVF.US,D,20240130,000000,36.72,37.8,36.3636,36.72,208.388,0
IVF.US,D,20240131,000000,38.52,38.52,36,36,1188.55,0
IVF.US,D,20240201,000000,34.92,37.08,34.2036,36,659.472,0
IVF.US,D,20240202,000000,35.91,35.91,34.56,34.596,360.972,0
IVF.US,D,20240205,000000,34.596,34.596,32.4,32.796,629.055,0
IVF.US,D,20240206,000000,32.4,34.236,32.4,32.9472,1047.24,0
IVF.US,D,20240207,000000,32.976,33.84,32.4,33.3,234.888,0
IVF.US,D,20240208,000000,33.3,33.3,32.4,33.1452,431.305,0
IVF.US,D,20240209,000000,33.12,33.84,32.76,33.12,993.611,0
IVF.US,D,20240212,000000,33.84,33.84,32.4,32.4,697.777,0
IVF.US,D,20240213,000000,33.858,33.858,31.32,31.3272,247.916,0
IVF.US,D,20240214,000000,31.32,31.3272,30.6,30.6,357.138,0
IVF.US,D,20240215,000000,29.952,32.4,29.16,29.16,445.222,0
IVF.US,D,20240216,000000,29.16,32.4,29.16,31.608,507.444,0
IVF.US,D,20240220,000000,31.68,34.2,31.68,33.84,562.249,0
IVF.US,D,20240221,000000,34.56,37.8,32.4036,32.4036,1045.16,0
IVF.US,D,20240222,000000,32.6268,34.2,32.4,33.12,313.388,0
IVF.US,D,20240223,000000,33.12,36.72,32.364,36.36,576.749,0
IVF.US,D,20240226,000000,38.16,41.4,37.44,41.04,1102.8,0
IVF.US,D,20240227,000000,41.76,41.76,38.52,41.4,1146.8,0
IVF.US,D,20240228,000000,40.32,40.32,38.88,39.2472,380.972,0
IVF.US,D,20240229,000000,42.84,42.84,39.8232,41.4,905.694,0
IVF.US,D,20240301,000000,42.84,43.92,41.76,43.56,724.972,0
IVF.US,D,20240304,000000,43.2,46.44,43.2,45.36,945.749,0
IVF.US,D,20240305,000000,46.08,46.08,39.24,42.12,1306.58,0
IVF.US,D,20240306,000000,41.5152,43.4736,41.4,41.76,1002.38,0
IVF.US,D,20240307,000000,41.4,42.12,38.52,40.7232,396.833,0
IVF.US,D,20240308,000000,41.76,45.36,40.68,43.56,421.833,0
IVF.US,D,20240311,000000,43.92,44.928,40.3236,40.3236,386.027,0
IVF.US,D,20240312,000000,39.6,40.5612,39.24,39.24,356.583,0
IVF.US,D,20240313,000000,39.24,39.24,36.9828,38.16,517.888,0
IVF.US,D,20240314,000000,39.24,39.24,37.836,38.88,127.111,0
IVF.US,D,20240315,000000,36,39.24,36,37.08,494.638,0
IVF.US,D,20240318,000000,37.08,38.88,36.72,36.72,261.972,0
IVF.US,D,20240319,000000,36.72,39.24,36.72,36.72,277.222,0
IVF.US,D,20240320,000000,37.98,38.88,37.44,38.16,210.527,0
IVF.US,D,20240321,000000,37.8,44.64,37.8,39.6,808.361,0
IVF.US,D,20240322,000000,42.12,42.12,40.1148,40.68,246.527,0
IVF.US,D,20240325,000000,40.68,42.8364,39.6,41.04,1113.86,0
IVF.US,D,20240326,000000,42.12,42.4728,36.36,36.36,461.527,0
IVF.US,D,20240327,000000,36.36,40.9428,36.36,39.6,515.611,0
IVF.US,D,20240328,000000,42.12,42.12,39.8772,40.68,398.972,0
IVF.US,D,20240401,000000,38.52,39.96,36.36,36.36,1172.52,0
IVF.US,D,20240402,000000,36.36,39.2364,33.1182,33.12,1504.44,0
IVF.US,D,20240403,000000,34.92,40.68,31.3203,33.1092,1701.02,0
IVF.US,D,20240404,000000,32.4,33.12,29.8152,31.32,1050.83,0
IVF.US,D,20240405,000000,29.898,31.32,29.5632,30.7764,464.583,0
IVF.US,D,20240408,000000,29.52,31.3632,26.676,30.8844,693.249,0
IVF.US,D,20240409,000000,30.456,30.7296,28.0908,29.844,349.527,0
IVF.US,D,20240410,000000,30.8196,31.32,28.494,28.494,426.416,0
IVF.US,D,20240411,000000,29.52,33.84,29.52,33.84,530.722,0
IVF.US,D,20240412,000000,33.84,33.84,28.08,29.34,1357.49,0
IVF.US,D,20240415,000000,27.72,29.34,27.0108,27.612,676.722,0
IVF.US,D,20240416,000000,29.52,29.52,25.2,27.36,107057,0
IVF.US,D,20240417,000000,72.36,126,61.2,65.52,6295521,0
IVF.US,D,20240418,000000,57.24,61.56,47.88,54.72,140222,0
IVF.US,D,20240419,000000,50.4,52.2,46.8,48.24,38332.8,0
IVF.US,D,20240422,000000,47.16,49.32,42.48,44.64,25496,0
IVF.US,D,20240423,000000,43.2,52.56,43.2,46.8,16965,0
IVF.US,D,20240424,000000,45,46.08,40.68,42.12,12696.8,0
IVF.US,D,20240425,000000,41.4,41.4,32.0436,35.2836,16917.1,0
IVF.US,D,20240426,000000,33.84,39.24,32.6916,35.28,7061.94,0
IVF.US,D,20240429,000000,37.08,39.5316,37.08,38.16,8765.83,0
IVF.US,D,20240430,000000,37.8,38.88,35.6436,36,3699.13,0
IVF.US,D,20240501,000000,35.64,36.36,34.2,36,5115.97,0
IVF.US,D,20240502,000000,34.92,35.9712,32.6016,33.516,7237.94,0
IVF.US,D,20240503,000000,33.84,34.56,32.436,33.2964,4950.13,0
IVF.US,D,20240506,000000,32.4,33.336,30.6,30.96,5927.69,0
IVF.US,D,20240507,000000,31.68,34.5924,30.96,33.48,6333.52,0
IVF.US,D,20240508,000000,34.2,34.5564,32.4,33.48,3000.47,0
IVF.US,D,20240509,000000,33.0444,34.1964,32.76,32.814,1209.02,0
IVF.US,D,20240510,000000,33.84,36.72,32.6772,36.36,9113.49,0
IVF.US,D,20240513,000000,36,44.64,35.6472,43.92,17099.3,0
IVF.US,D,20240514,000000,41.04,42.48,38.88,40.32,7448.55,0
IVF.US,D,20240515,000000,41.4,41.4,36.72,38.52,4309.19,0
IVF.US,D,20240516,000000,44.64,44.64,35.0496,36,14278,0
IVF.US,D,20240517,000000,37.8,40.2012,34.2,35.46,2712.22,0
IVF.US,D,20240520,000000,34.56,34.5708,33.12,33.444,2957.72,0
IVF.US,D,20240521,000000,33.12,34.5636,32.8896,32.9148,2490.13,0
IVF.US,D,20240522,000000,33.3,35.28,32.04,32.9004,3554.02,0
IVF.US,D,20240523,000000,32.04,32.0508,30.6,31.3236,3109.16,0
IVF.US,D,20240524,000000,32.364,33.1236,31.68,32.04,1127.05,0
IVF.US,D,20240528,000000,32.04,33.084,31.4964,32.4,800.999,0
IVF.US,D,20240529,000000,30.96,32.76,30.96,32.0436,822.944,0
IVF.US,D,20240530,000000,33.408,33.408,31.68,32.2812,642.527,0
IVF.US,D,20240531,000000,32.2812,32.2812,30.96,30.96,1792.88,0
IVF.US,D,20240603,000000,30.6,30.96,29.8764,30.6036,1846.94,0
IVF.US,D,20240604,000000,30.9528,30.9528,29.8836,30.0816,1016.47,0
IVF.US,D,20240605,000000,30.96,30.96,27.0036,28.08,3253.61,0
IVF.US,D,20240606,000000,28.8,28.8,27.4212,27.72,2185.33,0
IVF.US,D,20240607,000000,27,28.71,27,28.08,2009.58,0
IVF.US,D,20240610,000000,27.72,28.08,27,27.36,400.083,0
IVF.US,D,20240611,000000,27.7416,27.7416,26.28,27,775.944,0
IVF.US,D,20240612,000000,27.36,28.3248,25.92,27.36,1840.19,0
IVF.US,D,20240613,000000,27.936,35.64,26.0724,34.1028,16500.3,0
IVF.US,D,20240614,000000,34.56,39.24,34.56,37.08,12131.6,0
IVF.US,D,20240617,000000,36.36,39.5964,36.36,38.52,7690.08,0
IVF.US,D,20240618,000000,37.8,38.3508,33.3,34.56,4071.91,0
IVF.US,D,20240620,000000,33.5232,33.8508,32.04,32.04,2709.99,0
IVF.US,D,20240621,000000,31.68,33.84,28.152,30.24,3594.44,0
IVF.US,D,20240624,000000,31.3632,31.3632,28.44,30.5424,1933.05,0
IVF.US,D,20240625,000000,31.9788,33.444,29.4408,31.248,1249.22,0
IVF.US,D,20240626,000000,29.52,31.68,29.16,30.0852,2111.27,0
IVF.US,D,20240627,000000,30.6,31.7016,29.88,31.284,1789.97,0
IVF.US,D,20240628,000000,30.9888,30.9888,29.8548,30.2436,533.944,0
IVF.US,D,20240701,000000,31.032,31.104,29.1604,30.0096,698.527,0
IVF.US,D,20240702,000000,30.6,30.6,27.18,27.576,2501.41,0
IVF.US,D,20240703,000000,27.666,28.0116,27,27.3636,756.527,0
IVF.US,D,20240705,000000,27.972,28.548,27,28.08,898.166,0
IVF.US,D,20240708,000000,28.08,28.08,27.0036,28.0764,582.138,0
IVF.US,D,20240709,000000,27,28.728,27,27.72,857.472,0
IVF.US,D,20240710,000000,27.72,28.728,27.7164,27.72,1116.27,0
IVF.US,D,20240711,000000,27,30.24,27,28.476,1071.02,0
IVF.US,D,20240712,000000,28.4796,28.4796,27.036,28.3788,444.861,0
IVF.US,D,20240715,000000,28.764,31.968,28.764,29.1905,1636.91,0
IVF.US,D,20240716,000000,29.9592,29.9592,28.4436,29.16,2560.88,0
IVF.US,D,20240717,000000,28.8,29.088,28.8,28.8,477.416,0
IVF.US,D,20240718,000000,29.16,29.5092,27.72,28.08,695.833,0
IVF.US,D,20240719,000000,27.3636,28.0692,26.2908,26.892,1398.72,0
IVF.US,D,20240722,000000,27,28.26,26.6436,27.81,628.722,0
IVF.US,D,20240723,000000,27.3636,28.7964,27.3636,28.548,564.749,0
IVF.US,D,20240724,000000,28.35,28.5246,26.8236,26.964,1156.88,0
IVF.US,D,20240725,000000,26.7192,27.36,25.56,26.028,1987.88,0
IVF.US,D,20240726,000000,26.028,30.2364,26.028,29.52,1579.47,0
IVF.US,D,20240729,000000,29.16,36,28.4436,30.978,4062.8,0
IVF.US,D,20240730,000000,39.24,42.48,33.1794,37.08,117540,0
IVF.US,D,20240731,000000,37.08,37.08,31.32,32.4,12427.7,0
IVF.US,D,20240801,000000,31.428,32.3964,29.88,31.2732,3359.94,0
IVF.US,D,20240802,000000,31.68,41.4,27.864,34.92,49847.4,0
IVF.US,D,20240805,000000,30.96,34.686,28.44,34.3908,5714.33,0
IVF.US,D,20240806,000000,34.3908,34.3908,30.744,31.86,1612.69,0
IVF.US,D,20240807,000000,31.176,34.2,30.9564,32.382,1898.19,0
IVF.US,D,20240808,000000,32.4,33.48,30.6396,32.3892,1675.69,0
IVF.US,D,20240809,000000,33.228,34.1208,31.1472,32.2848,1461.47,0
IVF.US,D,20240812,000000,30.888,32.5764,30.888,32.3676,1064.33,0
IVF.US,D,20240813,000000,32.04,43.2,30.06,33.696,32199.7,0
IVF.US,D,20240814,000000,33.2352,35.28,30.6,32.1876,8019.55,0
IVF.US,D,20240815,000000,32.292,33.48,30.96,30.96,3564.91,0
IVF.US,D,20240816,000000,31.0518,31.86,29.52,29.52,2541.36,0
IVF.US,D,20240819,000000,29.52,29.9772,28.8,29.088,1958.49,0
IVF.US,D,20240820,000000,29.9412,31.6764,29.16,29.52,1534.33,0
IVF.US,D,20240821,000000,29.196,33.408,29.196,29.952,3787.72,0
IVF.US,D,20240822,000000,29.88,30.6,29.2248,29.5956,581.222,0
IVF.US,D,20240823,000000,30.78,31.68,29.232,30.24,1456.22,0
IVF.US,D,20240826,000000,29.556,31.68,29.52,29.52,321.111,0
IVF.US,D,20240827,000000,29.52,31.32,28.08,28.9584,4459.88,0
IVF.US,D,20240828,000000,28.44,29.178,27.3619,28.1268,1282.72,0
IVF.US,D,20240829,000000,28.1052,28.8,27.36,28.08,754.027,0
IVF.US,D,20240830,000000,28.08,31.68,28.08,28.8432,4773.72,0
IVF.US,D,20240903,000000,29.736,29.736,28.116,28.404,439.972,0
IVF.US,D,20240904,000000,28.44,28.8,27.792,27.8208,694.111,0
IVF.US,D,20240905,000000,27.792,29.52,27.792,28.44,409.305,0
IVF.US,D,20240906,000000,28.44,28.7964,27,27.18,1242.27,0
IVF.US,D,20240909,000000,27.36,28.152,24.5232,26.1036,2977.38,0
IVF.US,D,20240910,000000,26.1036,26.9172,24.192,24.39,1760.47,0
IVF.US,D,20240911,000000,25.2,29.16,24.48,25.3116,3057.99,0
IVF.US,D,20240912,000000,25.56,28.008,25.2,25.2,887.499,0
IVF.US,D,20240913,000000,25.2036,26.5946,25.2036,25.6644,580.916,0
IVF.US,D,20240916,000000,25.236,26.7647,24.84,25.02,1822.99,0
IVF.US,D,20240917,000000,26.28,26.28,24.588,24.588,3040.19,0
IVF.US,D,20240918,000000,24.588,26.28,24.48,24.678,824.361,0
IVF.US,D,20240919,000000,25.38,25.92,24.84,24.9048,533.416,0
IVF.US,D,20240920,000000,25.56,25.56,24.48,25.0236,579.861,0
IVF.US,D,20240923,000000,25.92,25.92,24.9588,24.9624,566.999,0
IVF.US,D,20240924,000000,24.84,24.9624,24.7248,24.9624,335.249,0
IVF.US,D,20240925,000000,25.92,25.92,24.786,25.2,502.222,0
IVF.US,D,20240926,000000,25.9056,25.9056,24.48,24.7536,593.083,0
IVF.US,D,20240927,000000,25.596,26.28,24.48,25.56,1140.24,0
IVF.US,D,20240930,000000,26.838,26.838,24.84,25.56,452.388,0
IVF.US,D,20241001,000000,26.28,26.28,24.48,24.93,674.833,0
IVF.US,D,20241002,000000,24.48,24.84,24.12,24.3371,1404.3,0
IVF.US,D,20241003,000000,24.7356,25.2,23.94,24.48,841.749,0
IVF.US,D,20241004,000000,25.02,25.5636,25.02,25.2,2543.91,0
IVF.US,D,20241007,000000,25.2,25.2,23.9436,24.12,239.111,0
IVF.US,D,20241008,000000,24.12,24.336,23.418,24.21,1098.86,0
IVF.US,D,20241009,000000,23.94,26.28,23.706,26.28,2393.91,0
IVF.US,D,20241010,000000,25.8408,26.442,23.418,24.57,5757.88,0
IVF.US,D,20241011,000000,23.832,24.12,22.7196,23.58,2803.33,0
IVF.US,D,20241014,000000,24.12,51.12,23.4108,44.64,1558298,0
IVF.US,D,20241015,000000,42.84,44.6364,36,36.72,105783,0
IVF.US,D,20241016,000000,32.454,40.68,32.4432,36.36,36399.9,0
IVF.US,D,20241017,000000,34.2,36,30.96,32.4,9749.44,0
IVF.US,D,20241018,000000,30.618,31.698,28.836,30.888,5990.33,0
IVF.US,D,20241021,000000,31.0896,31.68,29.3364,29.988,3479.47,0
IVF.US,D,20241022,000000,36.36,42.48,31.32,36.72,145455,0
IVF.US,D,20241023,000000,33.768,34.884,31.6692,32.76,18244.4,0
IVF.US,D,20241024,000000,32.364,33.12,29.8836,31.68,17278.7,0
IVF.US,D,20241025,000000,31.8348,31.896,28.08,30.186,7394.86,0
IVF.US,D,20241028,000000,30.6,31.4532,29.196,30.7764,1378.33,0
IVF.US,D,20241029,000000,30.4308,30.4308,28.08,28.7033,3689.44,0
IVF.US,D,20241030,000000,28.8,29.88,26.0352,27.144,4535.55,0
IVF.US,D,20241031,000000,27.0072,27.36,26.1,26.9172,2155.3,0
IVF.US,D,20241101,000000,28.764,29.2788,27,28.728,2770.63,0
IVF.US,D,20241104,000000,27.324,28.584,27,28.44,4502.86,0
IVF.US,D,20241105,000000,28.98,30.2364,28.44,29.808,1140.66,0
IVF.US,D,20241106,000000,26.676,29.808,26.676,29.1672,1617.86,0
IVF.US,D,20241107,000000,29.16,31.68,28.44,30.888,1590.27,0
IVF.US,D,20241108,000000,29.88,31.68,28.44,29.7144,1602.63,0
IVF.US,D,20241111,000000,32.4,32.4,28.8072,31.32,1803.16,0
IVF.US,D,20241112,000000,31.32,31.32,28.782,30.204,837.055,0
IVF.US,D,20241113,000000,29.052,30.6,27,30.3876,1803.91,0
IVF.US,D,20241114,000000,28.152,32.4,28.152,31.0248,4074.24,0
IVF.US,D,20241115,000000,30.6,30.96,28.8,30.6,1669.44,0
IVF.US,D,20241118,000000,29.5308,30.6,29.16,29.232,564.222,0
IVF.US,D,20241119,000000,30.564,30.564,29.1348,29.268,193.888,0
IVF.US,D,20241120,000000,29.16,33.12,29.16,32.3964,2732.13,0
IVF.US,D,20241121,000000,31.338,33.66,30.996,31.5,1453.13,0
IVF.US,D,20241122,000000,32.544,33.4818,29.484,31.104,5091.63,0
IVF.US,D,20241125,000000,32.04,34.2,31.428,33.12,2471.83,0
IVF.US,D,20241126,000000,33.84,34.5852,32.4,33.4872,1092.8,0
IVF.US,D,20241127,000000,32.4,34.56,30.6,33.66,2442.08,0
IVF.US,D,20241129,000000,33.372,36,32.472,35.2368,809.833,0
IVF.US,D,20241202,000000,32.7708,35.1252,32.4036,34.2,2737.27,0
IVF.US,D,20241203,000000,33.174,36,32.4,34.56,1422.55,0
IVF.US,D,20241204,000000,35.28,35.28,30.24,33.1236,1076.05,0
IVF.US,D,20241205,000000,31.6836,33.12,29.16,31.0824,2411.88,0
IVF.US,D,20241206,000000,30.6828,30.7332,29.4048,30.276,1718.27,0
IVF.US,D,20241209,000000,30.024,30.24,28.08,29.232,2014.22,0
IVF.US,D,20241210,000000,29.844,29.8692,28.0764,28.0836,722.138,0
IVF.US,D,20241211,000000,28.44,32.004,27.72,29.8278,2200.38,0
IVF.US,D,20241212,000000,28.9332,30.6,28.9332,30.24,655.555,0
IVF.US,D,20241213,000000,30.168,30.6,28.8,29.52,1024.27,0
IVF.US,D,20241216,000000,30.24,30.5964,28.8,29.5164,1099.69,0
IVF.US,D,20241217,000000,28.8,28.8036,28.8,28.8,3460.52,0
IVF.US,D,20241218,000000,28.44,29.1204,26.28,26.28,2410.97,0
IVF.US,D,20241219,000000,28.044,28.0764,25.9668,27.36,2390.11,0
IVF.US,D,20241220,000000,27.18,28.08,26.6436,27,1100.02,0
IVF.US,D,20241223,000000,26.64,27.1548,25.56,25.992,893.166,0
IVF.US,D,20241224,000000,27,28.404,26.28,28.08,572.222,0
IVF.US,D,20241226,000000,27.036,32.4,27.036,32.1696,1683.36,0
IVF.US,D,20241227,000000,32.04,32.1696,29.0304,29.7972,1262.83,0
IVF.US,D,20241230,000000,28.836,30.51,27.756,28.26,331.416,0
IVF.US,D,20241231,000000,29.16,30.24,28.44,29.16,704.222,0
IVF.US,D,20250102,000000,29.88,32.04,29.16,30.2436,1414.69,0
IVF.US,D,20250103,000000,30.3696,31.8708,29.1996,31.3272,1062.11,0
IVF.US,D,20250106,000000,36,37.44,30.6,34.38,98735.6,0
IVF.US,D,20250107,000000,33.39,35.64,31.8672,34.56,7815.69,0
IVF.US,D,20250108,000000,32.472,33.9876,30.96,30.96,4041.33,0
IVF.US,D,20250110,000000,30.0312,30.6,29.16,29.2824,1801.11,0
IVF.US,D,20250113,000000,22.464,25.2,17.46,18,27966.6,0
IVF.US,D,20250114,000000,18.72,18.72,16.92,18,4450.69,0
IVF.US,D,20250115,000000,17.748,18,16.2,16.56,3439.02,0
IVF.US,D,20250116,000000,16.56,16.884,14.7996,15.1848,4990.33,0
IVF.US,D,20250117,000000,15.3,18.5292,15.3,18.4572,13995.9,0
IVF.US,D,20250121,000000,18.5256,18.5256,16.56,16.92,2466.05,0
IVF.US,D,20250122,000000,17.604,17.622,16.2216,16.4448,1449.11,0
IVF.US,D,20250123,000000,16.4448,17.1576,16.236,16.8444,2322.11,0
IVF.US,D,20250124,000000,16.416,18,16.416,17.2836,1746.36,0
IVF.US,D,20250127,000000,18.0252,18.0252,16.56,16.5636,2096.61,0
IVF.US,D,20250128,000000,16.56,17.64,16.56,16.74,353.555,0
IVF.US,D,20250129,000000,17.1036,17.2764,16.2684,16.416,1321.08,0
IVF.US,D,20250130,000000,16.416,17.5932,16.2216,17.46,846.222,0
IVF.US,D,20250131,000000,16.992,17.5932,16.56,16.596,343.499,0
IVF.US,D,20250203,000000,17.0964,17.0964,16.218,16.5618,496.527,0
IVF.US,D,20250204,000000,16.218,17.64,16.218,16.596,2887.24,0
IVF.US,D,20250205,000000,17.1,17.1,16.2036,16.56,596.888,0
IVF.US,D,20250206,000000,16.362,16.56,16.218,16.416,802.666,0
IVF.US,D,20250207,000000,16.416,16.416,15.336,15.534,1056.88,0
IVF.US,D,20250210,000000,15.3,17.2728,13.3308,14.1912,17004.7,0
IVF.US,D,20250211,000000,14.04,15.4404,12.7728,13.5,7909.77,0
IVF.US,D,20250212,000000,13.68,14.4,12.0996,12.96,5867.77,0
IVF.US,D,20250213,000000,14.004,14.004,12.0564,12.96,4723.49,0
IVF.US,D,20250214,000000,12.5712,12.996,12.312,12.5964,3679.74,0
IVF.US,D,20250218,000000,13.5576,14.0364,12.7872,13.1328,2661.63,0
IVF.US,D,20250219,000000,13.9644,14.1095,13.1328,13.1436,1485.41,0
IVF.US,D,20250220,000000,12.9996,14.1336,12.9996,13.68,1736.86,0
IVF.US,D,20250221,000000,14.3244,14.6484,13.32,13.6872,4055.72,0
IVF.US,D,20250224,000000,13.68,14.4,13.32,14.328,887.222,0
IVF.US,D,20250225,000000,13.716,14.4,13.32,13.4208,924.916,0
IVF.US,D,20250226,000000,13.4172,15.1164,13.32,13.4892,8853.72,0
IVF.US,D,20250227,000000,13.338,14.76,12.78,13.32,3973.41,0
IVF.US,D,20250228,000000,12.9636,13.32,12.402,13.32,2195.49,0
IVF.US,D,20250303,000000,13.32,14.0364,13.32,13.356,2107.94,0
IVF.US,D,20250304,000000,12.636,12.978,11.1996,11.52,3624.72,0
IVF.US,D,20250305,000000,11.808,11.88,11.016,11.4084,1653.69,0
IVF.US,D,20250306,000000,11.52,11.52,10.8828,11.1528,497.388,0
IVF.US,D,20250307,000000,11.1636,11.412,10.3428,11.16,2095.13,0
IVF.US,D,20250310,000000,11.16,11.4012,10.8036,10.836,1012.02,0
IVF.US,D,20250311,000000,11.16,11.5164,10.8,11.16,1144.05,0
IVF.US,D,20250312,000000,11.4948,12.96,10.9656,11.304,1694.72,0
IVF.US,D,20250313,000000,11.16,11.8296,11.16,11.5596,3879.74,0
IVF.US,D,20250314,000000,9.3204,10.08,7.488,7.6572,32506.4,0
IVF.US,D,20250317,000000,7.6608,7.6608,6.84,7.182,19589.6,0
IVF.US,D,20250318,000000,7.05,7.47,5.82,7.38,52001.3,0
IVF.US,D,20250319,000000,7.38,8.1,6.72,6.93,44883.3,0
IVF.US,D,20250320,000000,6.9,7.2,6.45,7.02,37999.9,0
IVF.US,D,20250321,000000,7.02,8.25,6.93,8.22,25240.9,0
IVF.US,D,20250324,000000,8.22,8.22,6.96,7.23,25139.3,0
IVF.US,D,20250325,000000,7.2,7.2,6.72,6.84,7318.33,0
IVF.US,D,20250326,000000,6.81,7.53,6.81,7.44,22153.6,0
IVF.US,D,20250327,000000,7.26,7.4097,6.885,7.14,12929.6,0
IVF.US,D,20250328,000000,6.9,7.1142,5.4,6,12302.6,0
IVF.US,D,20250331,000000,6.03,6.105,5.8479,6,4349.66,0
IVF.US,D,20250401,000000,6,6.54,5.79,5.97,6658.33,0
IVF.US,D,20250402,000000,6.3315,6.84,6.0273,6.6,24973.3,0
IVF.US,D,20250403,000000,6.5988,6.5997,6,6.3,25402.3,0
IVF.US,D,20250404,000000,6.12,6.3588,5.163,5.49,10058.3,0
IVF.US,D,20250407,000000,5.7,7.14,5.58,6.2892,55242.3,0
IVF.US,D,20250408,000000,6.3,8.25,5.58,5.79,253581,0
IVF.US,D,20250409,000000,6,6,4.14,5.19,70637.3,0
IVF.US,D,20250410,000000,5.22,5.25,4.8105,5.16,21394.9,0
IVF.US,D,20250411,000000,5.16,6.3,4.95,6.24,30351.6,0
IVF.US,D,20250414,000000,6.24,6.99,6.24,6.78,57335.9,0
IVF.US,D,20250415,000000,5.85,6.54,5.3421,5.67,35178.9,0
IVF.US,D,20250416,000000,5.49,5.85,5.4615,5.52,5240.66,0
IVF.US,D,20250417,000000,5.64,5.916,5.64,5.76,6439.99,0
IVF.US,D,20250421,000000,5.85,5.85,5.25,5.52,7574.33,0
IVF.US,D,20250422,000000,5.64,5.64,5.1,5.4,8388.99,0
IVF.US,D,20250423,000000,5.3592,7.8,5.34,5.76,115843,0
IVF.US,D,20250424,000000,5.7,6.42,5.5752,6.09,51046.6,0
IVF.US,D,20250425,000000,6.06,6.96,5.8803,6.6,62754.9,0
IVF.US,D,20250428,000000,7.59,7.59,5.16,5.31,1014789,0
IVF.US,D,20250429,000000,4.98,5.01,4.14,4.83,116731,0
IVF.US,D,20250430,000000,6.54,9.6,6.5103,7.17,27529226,0
IVF.US,D,20250501,000000,6.36,6.78,5.46,5.64,642807,0
IVF.US,D,20250502,000000,5.3403,5.58,4.95,5.4,686466,0
IVF.US,D,20250505,000000,6.36,9,6.15,6.99,12988530,0
IVF.US,D,20250506,000000,6.33,6.6,5.58,5.7,450261,0
IVF.US,D,20250507,000000,5.64,6.6006,5.58,6.24,254871,0
IVF.US,D,20250508,000000,6.57,7.44,6.39,6.48,396502,0
IVF.US,D,20250509,000000,6.72,6.81,6.2406,6.27,122007,0
IVF.US,D,20250512,000000,6.39,6.69,6.27,6.39,99014.3,0
IVF.US,D,20250513,000000,6.27,6.45,5.88,5.94,88187.3,0
IVF.US,D,20250514,000000,5.91,6.3,5.91,6.06,96265.3,0
IVF.US,D,20250515,000000,5.97,6.117,5.58,5.88,96383.6,0
IVF.US,D,20250516,000000,5.58,6.15,5.55,5.97,94238.9,0
IVF.US,D,20250519,000000,6.15,6.6,5.82,6.51,195450,0
IVF.US,D,20250520,000000,6.51,6.93,6.48,6.54,139899,0
IVF.US,D,20250521,000000,5.88,6.15,5.79,5.865,76484.3,0
IVF.US,D,20250522,000000,5.76,6,5.31,5.34,96598.9,0
IVF.US,D,20250523,000000,5.19,5.4,4.98,5.04,55820.3,0
IVF.US,D,20250527,000000,5.13,5.16,4.77,4.95,54195.3,0
IVF.US,D,20250528,000000,4.89,5.3952,4.83,5.19,71956.6,0
IVF.US,D,20250529,000000,5.25,5.25,4.9803,5.1,18072.3,0
IVF.US,D,20250530,000000,5.22,5.2386,5.01,5.07,26817.6,0
IVF.US,D,20250602,000000,4.95,5.07,4.8,4.86,31004.3,0
IVF.US,D,20250603,000000,4.8,4.95,4.56,4.74,68343.6,0
IVF.US,D,20250604,000000,4.74,4.8,4.65,4.77,32152.6,0
IVF.US,D,20250605,000000,4.77,4.77,4.41,4.47,39139.6,0
IVF.US,D,20250606,000000,4.47,4.5798,4.23,4.38,33619.3,0
IVF.US,D,20250609,000000,4.38,4.59,4.11,4.53,58701.9,0
IVF.US,D,20250610,000000,4.44,4.44,4.26,4.26,38867.6,0
IVF.US,D,20250611,000000,4.29,4.44,4.2,4.38,22528.3,0
IVF.US,D,20250612,000000,4.29,4.29,4.17,4.26,20211.9,0
IVF.US,D,20250613,000000,4.26,4.2708,3.9,3.93,32613.3,0
IVF.US,D,20250616,000000,3.93,4.05,3.84,3.96,26635.3,0
IVF.US,D,20250617,000000,3.99,3.99,3.75,3.75,20579.3,0
IVF.US,D,20250618,000000,3.75,3.87,3.75,3.78,34518.9,0
IVF.US,D,20250620,000000,3.78,3.81,3.63,3.66,28186.3,0
IVF.US,D,20250623,000000,3.57,3.63,3.12,3.21,44309.9,0
IVF.US,D,20250624,000000,3.21,3.21,2.9103,3,50165.9,0
IVF.US,D,20250625,000000,3.24,4.59,3.03,3.06,2859345,0
IVF.US,D,20250626,000000,3.15,3.36,3.09,3.12,184603,0
IVF.US,D,20250627,000000,3.03,3.09,2.7,2.7534,121572,0
IVF.US,D,20250630,000000,2.7,2.7594,2.625,2.6397,58948.3,0
IVF.US,D,20250701,000000,2.61,2.6445,2.4729,2.5338,72574.6,0
IVF.US,D,20250702,000000,2.46,2.6931,2.46,2.6265,39092.3,0
IVF.US,D,20250703,000000,2.5866,2.61623,2.5146,2.592,18121.6,0
IVF.US,D,20250707,000000,2.5311,2.562,2.4,2.4297,44973.9,0
IVF.US,D,20250708,000000,2.415,2.55,2.415,2.55,44209.9,0
IVF.US,D,20250709,000000,2.5587,2.685,2.4603,2.577,65971.3,0
IVF.US,D,20250710,000000,2.4996,2.5734,2.418,2.46,51800.3,0
IVF.US,D,20250711,000000,2.46,2.55,2.28,2.3274,58910.9,0
IVF.US,D,20250714,000000,2.3271,2.4,2.208,2.3667,51867.6,0
IVF.US,D,20250715,000000,2.5347,2.5347,2.2914,2.4057,23578.6,0
IVF.US,D,20250716,000000,2.3724,2.46,2.3097,2.4597,28197.6,0
IVF.US,D,20250717,000000,2.49,2.5107,2.31,2.4879,197616,0
IVF.US,D,20250718,000000,2.55,2.76,2.49,2.5284,311114,0
IVF.US,D,20250721,000000,2.8,2.8,2.33,2.55,336494,0
IVF.US,D,20250722,000000,3.66,4.24,3.02,3.46,52397644,0
IVF.US,D,20250723,000000,3.01,3.09,2.55,2.6,1389510,0
IVF.US,D,20250724,000000,2.56,2.56,2.15,2.19,763907,0
IVF.US,D,20250725,000000,2.15,2.3508,2,2.24,658034,0
IVF.US,D,20250728,000000,2.24,2.24,2.095,2.13,233753,0
IVF.US,D,20250729,000000,2.16,2.205,1.71,1.81,13784268,0
IVF.US,D,20250730,000000,1.78,1.9,1.61,1.78,991081,0
IVF.US,D,20250731,000000,1.73,1.95,1.7,1.82,882398,0
IVF.US,D,20250801,000000,1.8,1.89,1.72,1.84,899887,0
IVF.US,D,20250804,000000,1.85,1.99,1.78,1.88,891617,0
IVF.US,D,20250805,000000,1.89,2.27,1.6701,1.71,3236566,0
IVF.US,D,20250806,000000,1.72,1.86,1.69,1.71,619438,0
IVF.US,D,20250807,000000,1.69,2.1,1.69,1.81,3120869,0
IVF.US,D,20250808,000000,1.87,1.87,1.75,1.8,686276,0
IVF.US,D,20250811,000000,1.77,1.78,1.66,1.75,891050,0
IVF.US,D,20250812,000000,1.75,1.84,1.71,1.73,741338,0
IVF.US,D,20250813,000000,1.72,1.79,1.665,1.72,1549224,0
IVF.US,D,20250814,000000,1.75,1.81,1.7,1.75,1430643,0
IVF.US,D,20250815,000000,1.67,1.67,1.4901,1.57,791111,0
IVF.US,D,20250818,000000,1.53,1.5495,1.395,1.41,726470,0
IVF.US,D,20250819,000000,1.35,1.3752,1.08,1.1,1445406,0
IVF.US,D,20250820,000000,1.06,1.13,1.03,1.12,409125,0
IVF.US,D,20250821,000000,1.09,1.13,1.04,1.05,284900,0
IVF.US,D,20250822,000000,1.05,1.16,1.04,1.12,462755,0
IVF.US,D,20250825,000000,1.1,1.16,1.06,1.12,265124,0
IVF.US,D,20250826,000000,1.12,1.12,1.01,1.01,380486,0
IVF.US,D,20250827,000000,1.02,1.03,0.99,1.01,245442,0
IVF.US,D,20250828,000000,1,1.0229,0.93,0.9515,435552,0
IVF.US,D,20250829,000000,0.99,0.99,0.9281,0.9599,174506,0
IVF.US,D,20250902,000000,0.9666,0.9666,0.87,0.924,298318,0
IVF.US,D,20250903,000000,0.92,0.945,0.9037,0.93,225825,0
IVF.US,D,20250904,000000,0.91,0.9399,0.82,0.8435,294348,0
IVF.US,D,20250905,000000,0.86,0.865,0.73,0.819,315797,0
IVF.US,D,20250908,000000,0.809,1.02,0.8069,1.01,1141699,0
IVF.US,D,20250909,000000,0.9833,0.99,0.94,0.962,210716,0
IVF.US,D,20250910,000000,0.93,1.03,0.925,1.01,280212,0
IVF.US,D,20250911,000000,1,1.03,0.9703,1.02,211952,0
IVF.US,D,20250912,000000,0.98,1.05,0.98,1.05,246201,0
IVF.US,D,20250915,000000,1.05,1.05,0.97241,0.998,188917,0
IVF.US,D,20250916,000000,0.97,0.9979,0.9393,0.9499,186131,0
IVF.US,D,20250917,000000,0.9499,0.987899,0.8606,0.8868,200259,0
IVF.US,D,20250918,000000,0.875,0.919999,0.8701,0.8714,142010,0
IVF.US,D,20250919,000000,0.87,0.9287,0.87,0.8814,147830,0
IVF.US,D,20250922,000000,0.89,0.8945,0.8311,0.8439,117290,0
IVF.US,D,20250923,000000,0.86,0.879999,0.8501,0.8713,63809,0
IVF.US,D,20250924,000000,0.87,0.8713,0.84,0.8621,62848,0
IVF.US,D,20250925,000000,0.834,0.859899,0.834,0.8578,58024,0
IVF.US,D,20250926,000000,0.835,0.8499,0.8201,0.8373,115023,0
IVF.US,D,20250929,000000,0.83,0.8503,0.8083,0.8186,181780,0
IVF.US,D,20250930,000000,0.82,0.82,0.7474,0.7599,176073,0
IVF.US,D,20251001,000000,0.76,0.788899,0.735,0.7677,159369,0
IVF.US,D,20251002,000000,0.78,0.84,0.7613,0.8369,164452,0
IVF.US,D,20251003,000000,0.85,0.85,0.7864,0.791,252750,0
IVF.US,D,20251006,000000,0.789,0.83,0.7755,0.7957,229856,0
IVF.US,D,20251007,000000,0.8076,0.8077,0.745901,0.7627,151214,0
IVF.US,D,20251008,000000,0.81,0.8399,0.7705,0.8276,153433,0
IVF.US,D,20251009,000000,0.8106,0.8273,0.7902,0.8069,57269,0
IVF.US,D,20251010,000000,0.8069,0.8075,0.73,0.7398,176944,0
IVF.US,D,20251013,000000,0.739,0.755,0.72,0.7283,65861,0
IVF.US,D,20251014,000000,0.725,0.78,0.6802,0.78,218270,0
IVF.US,D,20251015,000000,0.7645,0.797,0.75,0.754,123626,0
IVF.US,D,20251016,000000,0.754,2.1099,0.72,1.4,223013057,0
IVF.US,D,20251017,000000,1.01,1.06,0.7501,0.7518,19900088,0
IVF.US,D,20251020,000000,0.7,0.7499,0.6676,0.6805,3758686,0
IVF.US,D,20251021,000000,0.65,0.6501,0.5116,0.54,4832777,0
IVF.US,D,20251022,000000,0.4998,0.7288,0.4998,0.6344,12284178,0
IVF.US,D,20251023,000000,0.6076,0.69,0.55,0.6456,3869261,0
IVF.US,D,20251024,000000,0.6301,0.67,0.5778,0.5781,2653534,0
IVF.US,D,20251027,000000,0.59,0.5999,0.5351,0.5352,1732486,0
IVF.US,D,20251028,000000,0.536,0.5623,0.51,0.515,1042684,0
IVF.US,D,20251029,000000,0.5,0.54,0.49,0.491,766885,0
IVF.US,D,20251030,000000,0.4879,0.4988,0.45,0.4611,1183285,0
IVF.US,D,20251031,000000,0.46,0.6645,0.4556,0.5406,11360680,0
IVF.US,D,20251103,000000,0.5281,0.579,0.468,0.5336,3258880,0
IVF.US,D,20251104,000000,0.4992,0.519,0.4824,0.4942,808508,0
IVF.US,D,20251105,000000,0.48,0.5359,0.472,0.5169,882017,0
