<TICKER>,<PER>,<DATE>,<TIME>,<OPEN>,<HIGH>,<LOW>,<CLOSE>,<VOL>,<OPENINT>
KMRK.US,D,20250716,000000,4.48,5.5,4.1,4.95,2437683,0
KMRK.US,D,20250717,000000,4.39,4.6,4.38,4.45,190085,0
KMRK.US,D,20250718,000000,4.61,4.76,2.19,2.45,12918510,0
KMRK.US,D,20250721,000000,2.2,2.2,1.9,2.15,801961,0
KMRK.US,D,20250722,000000,2.01,2.0827,1.91,2.01,286586,0
KMRK.US,D,20250723,000000,1.96,2.07,1.96,2.02,300664,0
KMRK.US,D,20250724,000000,2.08,2.36,1.86,1.91,1223795,0
KMRK.US,D,20250725,000000,1.9,1.918,1.68,1.73,299281,0
KMRK.US,D,20250728,000000,1.8,1.93,1.66,1.75,328590,0
KMRK.US,D,20250729,000000,1.74,1.74,1.52,1.64,279502,0
KMRK.US,D,20250730,000000,1.58,1.66,1.52,1.56,175290,0
KMRK.US,D,20250731,000000,1.56,1.58,1.31,1.4,278278,0
KMRK.US,D,20250801,000000,1.348,1.36,1.19,1.21,173743,0
KMRK.US,D,20250804,000000,1.29,1.71,1.2503,1.49,1102220,0
KMRK.US,D,20250805,000000,1.51,1.51,1.37,1.43,158881,0
KMRK.US,D,20250806,000000,1.49,1.63,1.41,1.61,231628,0
KMRK.US,D,20250807,000000,1.53,1.6,1.49,1.6,144873,0
KMRK.US,D,20250808,000000,1.55,1.6955,1.55,1.61,171056,0
KMRK.US,D,20250811,000000,1.55,1.646,1.37,1.42,90270,0
KMRK.US,D,20250812,000000,1.4345,1.4622,1.36,1.43,66139,0
KMRK.US,D,20250813,000000,1.42,1.47,1.3832,1.47,26320,0
KMRK.US,D,20250814,000000,1.47,1.47,1.35,1.43,57036,0
KMRK.US,D,20250815,000000,1.39,1.418,1.28,1.35,78135,0
KMRK.US,D,20250818,000000,1.32,1.41,1.22,1.31,96462,0
KMRK.US,D,20250819,000000,1.29,1.4,1.26,1.27,68458,0
KMRK.US,D,20250820,000000,1.26,1.35,1.23,1.29,37246,0
KMRK.US,D,20250821,000000,1.2959,1.3265,1.2464,1.3,18453,0
KMRK.US,D,20250822,000000,1.28,1.36,1.28,1.33,38914,0
KMRK.US,D,20250825,000000,1.36,1.39,1.29,1.38,75243,0
KMRK.US,D,20250826,000000,1.3366,1.59,1.2972,1.34,265509,0
KMRK.US,D,20250827,000000,1.34,1.34,1.25,1.32,46027,0
KMRK.US,D,20250828,000000,1.32,1.32,1.2502,1.31,42962,0
KMRK.US,D,20250829,000000,1.32,1.35,1.25,1.2665,44137,0
KMRK.US,D,20250902,000000,1.23,1.71,1.18,1.44,1287531,0
KMRK.US,D,20250903,000000,1.33,1.3999,1.2554,1.28,150695,0
KMRK.US,D,20250904,000000,1.3345,1.58,1.3001,1.57,241058,0
KMRK.US,D,20250905,000000,1.5,1.55,1.35,1.4745,54185,0
KMRK.US,D,20250908,000000,1.43,1.5,1.38,1.41,116000,0
KMRK.US,D,20250909,000000,1.48,1.68,1.44,1.66,162447,0
KMRK.US,D,20250910,000000,1.63,1.8,1.55,1.78,201343,0
KMRK.US,D,20250911,000000,1.8,1.8094,1.62,1.64,79734,0
KMRK.US,D,20250912,000000,1.66,1.8,1.6297,1.67,97530,0
KMRK.US,D,20250915,000000,1.61,2,1.61,1.85,216926,0
KMRK.US,D,20250916,000000,1.74,1.82,1.66,1.68,62103,0
KMRK.US,D,20250917,000000,1.76,1.84,1.52,1.65,126639,0
KMRK.US,D,20250918,000000,1.65,1.7125,1.51,1.52,144055,0
KMRK.US,D,20250919,000000,1.49,1.6735,1.3601,1.55,468822,0
KMRK.US,D,20250922,000000,1.44,1.55,1.44,1.509,74584,0
KMRK.US,D,20250923,000000,1.42,1.531,1.3747,1.46,63003,0
KMRK.US,D,20250924,000000,1.5,1.5735,1.46,1.5,21978,0
KMRK.US,D,20250925,000000,1.4,1.49,1.4,1.49,11771,0
KMRK.US,D,20250926,000000,1.45,1.49,1.41,1.43,14508,0
KMRK.US,D,20250929,000000,1.44,1.4643,1.42,1.45,8585,0
KMRK.US,D,20250930,000000,1.499,1.499,1.4142,1.44,8977,0
KMRK.US,D,20251001,000000,1.4102,1.579,1.39,1.57,385064,0
KMRK.US,D,20251002,000000,1.485,1.51,1.42,1.42,67550,0
KMRK.US,D,20251003,000000,1.45,1.4502,1.3902,1.4,50978,0
KMRK.US,D,20251006,000000,1.4,1.4399,1.39,1.39,29713,0
KMRK.US,D,20251007,000000,1.38,1.38,1.3401,1.37,23932,0
KMRK.US,D,20251008,000000,1.34,1.39,1.32,1.35,69694,0
KMRK.US,D,20251009,000000,1.43,1.5477,1.37,1.39,151346,0
KMRK.US,D,20251010,000000,1.46,1.46,1.26,1.26,26878,0
KMRK.US,D,20251013,000000,1.38,1.3996,1.2001,1.33,99108,0
KMRK.US,D,20251014,000000,1.318,1.3419,1.28,1.33,34052,0
KMRK.US,D,20251015,000000,1.32,1.32,1.24,1.24,55244,0
KMRK.US,D,20251016,000000,1.37,1.54,1.3,1.45,8137830,0
KMRK.US,D,20251017,000000,1.69,1.82,1.3,1.39,3633547,0
KMRK.US,D,20251020,000000,1.27,1.37,1.16,1.27,299852,0
KMRK.US,D,20251021,000000,1.22,1.24,1.13,1.16,116658,0
KMRK.US,D,20251022,000000,1.13,1.2,1.12,1.13,133107,0
KMRK.US,D,20251023,000000,1.16,1.248,1.16,1.24,66887,0
KMRK.US,D,20251024,000000,1.2,1.24,1.16,1.21,44015,0
KMRK.US,D,20251027,000000,1.22,1.26,1.22,1.22,43244,0
KMRK.US,D,20251028,000000,1.2,1.24,1.19,1.2003,70849,0
KMRK.US,D,20251029,000000,1.19,1.19,1.062,1.08,60948,0
KMRK.US,D,20251030,000000,1.09,1.11,1.07,1.093,42263,0
KMRK.US,D,20251031,000000,1.1041,1.13,1.07,1.08,31956,0
KMRK.US,D,20251103,000000,1.0606,1.109,1.06,1.07,32235,0
KMRK.US,D,20251104,000000,1.0542,1.08,0.9985,1.05,43364,0
KMRK.US,D,20251105,000000,0.97,1.039,0.95,0.95,50894,0
