<TICKER>,<PER>,<DATE>,<TIME>,<OPEN>,<HIGH>,<LOW>,<CLOSE>,<VOL>,<OPENINT>
KWM.US,D,20250514,000000,2.5,4.19,2.11,2.6,807176,0
KWM.US,D,20250515,000000,2.65,3,1.6,1.79,1571653,0
KWM.US,D,20250516,000000,1.86,2.08,1.74,2.03,635240,0
KWM.US,D,20250519,000000,1.9,2.03,1.75,1.89,577389,0
KWM.US,D,20250520,000000,1.85,1.89,1.69,1.75,252202,0
KWM.US,D,20250521,000000,1.75,1.77,1.56,1.74,186279,0
KWM.US,D,20250522,000000,1.68,1.85,1.61,1.68,127544,0
KWM.US,D,20250523,000000,1.71,1.82,1.68,1.71,128401,0
KWM.US,D,20250527,000000,1.8621,1.99,1.52,1.58,319919,0
KWM.US,D,20250528,000000,1.695,1.71,1.65,1.685,41877,0
KWM.US,D,20250529,000000,1.69,1.7083,1.52,1.64,61057,0
KWM.US,D,20250530,000000,1.64,1.7,1.57,1.65,85549,0
KWM.US,D,20250602,000000,1.67,1.7599,1.61,1.6793,44199,0
KWM.US,D,20250603,000000,1.66,2.07,1.64,1.92,435771,0
KWM.US,D,20250604,000000,4.76,6.4699,3.68,4.48,116715175,0
KWM.US,D,20250605,000000,4.83,4.9,3.2362,3.57,4141270,0
KWM.US,D,20250606,000000,3.88,3.94,3.2201,3.4,1016396,0
KWM.US,D,20250609,000000,3.9,5.738,3.81,5.51,7535911,0
KWM.US,D,20250610,000000,5.07,8.4798,4.5,7.29,9844459,0
KWM.US,D,20250611,000000,7.355,7.5825,6.03,6.46,1638418,0
KWM.US,D,20250612,000000,6.61,6.95,5.8,5.87,1145091,0
KWM.US,D,20250613,000000,5.78,5.8536,2.61,2.9,2585771,0
KWM.US,D,20250616,000000,4.08,4.27,3.53,4.12,7134869,0
KWM.US,D,20250617,000000,3.74,4.85,3.74,4.64,1592557,0
KWM.US,D,20250618,000000,4.65,4.99,4.13,4.29,836949,0
KWM.US,D,20250620,000000,4.41,4.75,3.86,4.16,650578,0
KWM.US,D,20250623,000000,4.1,4.1385,3.3,3.67,737446,0
KWM.US,D,20250624,000000,3.9,4,3.64,3.89,1288222,0
KWM.US,D,20250625,000000,3.84,4.35,3.76,3.86,543537,0
KWM.US,D,20250626,000000,3.82,4.03,3.8,3.91,229347,0
KWM.US,D,20250627,000000,3.95,4.03,3.65,3.71,373601,0
KWM.US,D,20250630,000000,3.7,3.77,3.31,3.38,328653,0
KWM.US,D,20250701,000000,3.43,3.7035,3.39,3.44,142035,0
KWM.US,D,20250702,000000,3.47,3.878,3.47,3.79,334301,0
KWM.US,D,20250703,000000,3.98,4.3,3.83,4.3,433193,0
KWM.US,D,20250707,000000,4.64,5.25,4.5,4.97,1329499,0
KWM.US,D,20250708,000000,5.28,5.445,5.01,5.2,485820,0
KWM.US,D,20250709,000000,5.31,5.7,5.3,5.52,347738,0
KWM.US,D,20250710,000000,5.55,5.57,4.44,4.6,10920182,0
KWM.US,D,20250711,000000,4.86,5.2299,4.6612,4.84,1661297,0
KWM.US,D,20250714,000000,4.97,5.0546,4.5,4.65,628650,0
KWM.US,D,20250715,000000,4.76,4.871,4.18,4.3,510735,0
KWM.US,D,20250716,000000,4.41,4.4518,4.03,4.25,458026,0
KWM.US,D,20250717,000000,4.27,4.38,4.14,4.22,278889,0
KWM.US,D,20250718,000000,4.3,4.3777,4.1503,4.22,216154,0
KWM.US,D,20250721,000000,4.26,4.58,4,4.39,1013972,0
KWM.US,D,20250722,000000,4.3,4.37,4.15,4.17,196336,0
KWM.US,D,20250723,000000,4.26,4.26,4.12,4.17,137371,0
KWM.US,D,20250724,000000,4,4.15,3.8,3.81,279944,0
KWM.US,D,20250725,000000,3.87,3.95,3.82,3.91,151127,0
KWM.US,D,20250728,000000,4.13,4.27,3.86,3.94,246395,0
KWM.US,D,20250729,000000,3.98,4.03,3.79,3.88,124712,0
KWM.US,D,20250730,000000,3.88,4.15,3.83,3.92,157966,0
KWM.US,D,20250731,000000,3.92,3.99,3.82,3.82,109529,0
KWM.US,D,20250801,000000,3.78,3.83,3.611,3.74,128639,0
KWM.US,D,20250804,000000,3.84,3.915,3.79,3.87,101274,0
KWM.US,D,20250805,000000,3.87,3.9,3.83,3.89,85471,0
KWM.US,D,20250806,000000,3.84,3.93,3.83,3.85,83226,0
KWM.US,D,20250807,000000,3.8,3.86,3.7,3.84,79368,0
KWM.US,D,20250808,000000,3.83,3.97,3.8,3.9,143495,0
KWM.US,D,20250811,000000,3.8,3.87,3.5,3.51,322917,0
KWM.US,D,20250812,000000,3.52,3.52,2.97,3,307794,0
KWM.US,D,20250813,000000,2.97,3.04,2.77,2.82,284399,0
KWM.US,D,20250814,000000,2.77,2.78,2.53,2.6,146226,0
KWM.US,D,20250815,000000,2.56,2.6793,2.49,2.64,173862,0
KWM.US,D,20250818,000000,2.56,2.56,2.4801,2.52,126699,0
KWM.US,D,20250819,000000,2.48,2.58,2.36,2.41,181953,0
KWM.US,D,20250820,000000,2.34,2.34,2.0901,2.16,159402,0
KWM.US,D,20250821,000000,2.15,2.23,2.04,2.16,763346,0
KWM.US,D,20250822,000000,2.14,2.14,1.96,1.96,254082,0
KWM.US,D,20250825,000000,1.93,2.11,1.92,2.06,450687,0
KWM.US,D,20250826,000000,1.97,1.98,1.88,1.89,211192,0
KWM.US,D,20250827,000000,1.895,1.895,1.84,1.86,143515,0
KWM.US,D,20250828,000000,1.78,1.9,1.7701,1.85,317389,0
KWM.US,D,20250829,000000,1.77,1.82,1.73,1.73,185987,0
KWM.US,D,20250902,000000,1.77,2.2,1.7306,2.14,1446774,0
KWM.US,D,20250903,000000,2.15,2.17,2.01,2.05,223695,0
KWM.US,D,20250904,000000,2.05,2.3,2.03,2.23,252802,0
KWM.US,D,20250905,000000,2.4,3.15,2.4,2.44,4082998,0
KWM.US,D,20250908,000000,2.49,2.5499,2.3,2.42,265355,0
KWM.US,D,20250909,000000,2.39,2.53,2.1,2.18,322314,0
KWM.US,D,20250910,000000,2.17,2.38,2.17,2.31,168458,0
KWM.US,D,20250911,000000,2.37,2.3723,2.07,2.1,216476,0
KWM.US,D,20250912,000000,2.07,2.2,2.02,2.15,133969,0
KWM.US,D,20250915,000000,2.08,2.3397,2.08,2.29,131268,0
KWM.US,D,20250916,000000,2.28,2.44,2.25,2.36,130238,0
KWM.US,D,20250917,000000,2.31,2.5,2.31,2.36,121944,0
KWM.US,D,20250918,000000,2.34,2.39,2.25,2.34,159995,0
KWM.US,D,20250919,000000,2.26,2.325,2.24,2.28,58166,0
KWM.US,D,20250922,000000,2.3,2.62,2.3,2.46,291523,0
KWM.US,D,20250923,000000,2.42,2.47,2.33,2.34,89662,0
KWM.US,D,20250924,000000,2.31,2.39,2.25,2.3,128669,0
KWM.US,D,20250925,000000,2.37,2.455,2.33,2.41,119963,0
KWM.US,D,20250926,000000,2.43,2.65,2.43,2.58,184194,0
KWM.US,D,20250929,000000,2.58,2.66,2.4207,2.51,310905,0
KWM.US,D,20250930,000000,2.51,2.54,2.41,2.42,57166,0
KWM.US,D,20251001,000000,2.41,2.49,2.38,2.43,92056,0
KWM.US,D,20251002,000000,2.5,2.61,2.45,2.59,122909,0
KWM.US,D,20251003,000000,2.71,2.91,2.68,2.9,266501,0
KWM.US,D,20251006,000000,3.06,3.187,2.749,2.85,534093,0
KWM.US,D,20251007,000000,2.99,2.99,2.7,2.77,167052,0
KWM.US,D,20251008,000000,2.77,2.79,2.55,2.63,122718,0
KWM.US,D,20251009,000000,2.58,2.61,2.33,2.44,127224,0
KWM.US,D,20251010,000000,2.53,2.69,2.42,2.42,133636,0
KWM.US,D,20251013,000000,2.56,2.695,2.5201,2.67,142213,0
KWM.US,D,20251014,000000,2.85,3.065,2.66,3,408106,0
KWM.US,D,20251015,000000,3.24,3.25,2.94,3.01,213200,0
KWM.US,D,20251016,000000,3.16,3.3299,2.45,2.45,462444,0
KWM.US,D,20251017,000000,2.41,2.43,2.1401,2.185,160967,0
KWM.US,D,20251020,000000,2.23,2.318,2.18,2.2,84277,0
KWM.US,D,20251021,000000,2.18,2.2692,2.18,2.24,38221,0
KWM.US,D,20251022,000000,2.2,2.25,2.1149,2.15,63687,0
KWM.US,D,20251023,000000,2.11,2.26,2.01,2.18,117756,0
KWM.US,D,20251024,000000,2.19,2.19,2.04,2.07,76674,0
KWM.US,D,20251027,000000,2.07,2.1092,1.98,2.03,69814,0
KWM.US,D,20251028,000000,1.96,2.11,1.92,2.07,94424,0
KWM.US,D,20251029,000000,2.07,2.11,1.99,2,28687,0
KWM.US,D,20251030,000000,2,2.0184,1.89,1.94,122177,0
KWM.US,D,20251031,000000,1.95,1.9756,1.9,1.92,44661,0
KWM.US,D,20251103,000000,1.95,1.965,1.82,1.91,66945,0
KWM.US,D,20251104,000000,1.85,1.86,1.715,1.74,90134,0
KWM.US,D,20251105,000000,1.74,1.775,1.68,1.75,70906,0
