<TICKER>,<PER>,<DATE>,<TIME>,<OPEN>,<HIGH>,<LOW>,<CLOSE>,<VOL>,<OPENINT>
NCT.US,D,20250328,000000,6.5,7,6,6.85,171656,0
NCT.US,D,20250331,000000,6.8,6.95,5.56,5.72,94542,0
NCT.US,D,20250401,000000,5.61,6.18,4.9001,5.4,67615,0
NCT.US,D,20250402,000000,5.67,6.2,4.68,5.4,409884,0
NCT.US,D,20250403,000000,5.08,6,4.5,5.75,304266,0
NCT.US,D,20250404,000000,5.75,6.52,5.42,5.8,475726,0
NCT.US,D,20250407,000000,5.81,5.81,5.2,5.59,36317,0
NCT.US,D,20250408,000000,5.68,5.68,5.55,5.5792,11798,0
NCT.US,D,20250409,000000,5.7465,5.9999,5.402,5.7,3674,0
NCT.US,D,20250410,000000,5.72,5.72,5.26,5.55,17612,0
NCT.US,D,20250411,000000,5.7795,6.04,5.41,5.65,207268,0
NCT.US,D,20250414,000000,5.6766,6,5.45,5.7,36307,0
NCT.US,D,20250415,000000,5.95,8.7599,5.42,8.01,664504,0
NCT.US,D,20250416,000000,8.12,8.12,6.03,6.35,248754,0
NCT.US,D,20250417,000000,6.34,6.7,5.62,5.9,130375,0
NCT.US,D,20250421,000000,5.79,6.08,5.3,5.36,320366,0
NCT.US,D,20250422,000000,5.57,7.08,5.28,6.03,483434,0
NCT.US,D,20250423,000000,5.97,6.6,5.465,6.29,91311,0
NCT.US,D,20250424,000000,6.38,6.62,5.5,5.78,137827,0
NCT.US,D,20250425,000000,5.8,5.9122,5.23,5.53,147305,0
NCT.US,D,20250428,000000,5.58,5.8,4.365,4.49,146833,0
NCT.US,D,20250429,000000,4.46,5.12,4.35,4.5,35605,0
NCT.US,D,20250430,000000,4.35,4.7,4.1,4.27,49676,0
NCT.US,D,20250501,000000,4.12,4.3682,3.94,4.05,89711,0
NCT.US,D,20250502,000000,4.19,4.29,3.78,4.01,156471,0
NCT.US,D,20250505,000000,4.19,4.27,3.56,4,86838,0
NCT.US,D,20250506,000000,3.55,3.93,3.4649,3.65,49391,0
NCT.US,D,20250507,000000,3.66,3.67,3.05,3.39,18985,0
NCT.US,D,20250508,000000,3.42,3.45,3.21,3.35,24500,0
NCT.US,D,20250509,000000,3.293,3.53,3.29,3.48,18579,0
NCT.US,D,20250512,000000,3.61,3.805,3.35,3.78,51664,0
NCT.US,D,20250513,000000,3.79,4.3,3.62,4.29,112098,0
NCT.US,D,20250514,000000,4.03,4.49,3.79,3.94,43269,0
NCT.US,D,20250515,000000,3.77,4.22,3.685,4.02,201421,0
NCT.US,D,20250516,000000,4.05,4.43,3.91,4.18,98013,0
NCT.US,D,20250519,000000,4.2,4.3,4.0163,4.1,38019,0
NCT.US,D,20250520,000000,4.32,4.8499,3.9292,4.54,102122,0
NCT.US,D,20250521,000000,4.43,5.21,4.43,4.85,235151,0
NCT.US,D,20250522,000000,5,5.1,4.31,4.54,96644,0
NCT.US,D,20250523,000000,4.9,5.35,4.16,4.44,54581,0
NCT.US,D,20250527,000000,4.3,5.09,4.3,4.67,27507,0
NCT.US,D,20250528,000000,4.7,4.7,4.22,4.24,19791,0
NCT.US,D,20250529,000000,4.2,4.49,4.003,4.04,18997,0
NCT.US,D,20250530,000000,4.1,4.1,3.68,3.99,48639,0
NCT.US,D,20250602,000000,4.37,4.37,3.6,3.8,32446,0
NCT.US,D,20250603,000000,3.95,4.3,3.705,4.25,64193,0
NCT.US,D,20250604,000000,4.2,4.57,4.13,4.13,62271,0
NCT.US,D,20250605,000000,4.19,4.52,4.15,4.16,17071,0
NCT.US,D,20250606,000000,4.5,4.65,4,4,25663,0
NCT.US,D,20250609,000000,3.808,3.82,3.3,3.79,21917,0
NCT.US,D,20250610,000000,3.44,4.01,3.44,3.71,48261,0
NCT.US,D,20250611,000000,3.63,3.85,3.43,3.46,30839,0
NCT.US,D,20250612,000000,3.47,3.84,3.3,3.325,28429,0
NCT.US,D,20250613,000000,3.415,3.88,3.36,3.4,5493,0
NCT.US,D,20250616,000000,3.5,3.66,3.13,3.66,38729,0
NCT.US,D,20250617,000000,3.34,3.57,3.15,3.15,54165,0
NCT.US,D,20250618,000000,3.25,3.47,3.14,3.25,5730,0
NCT.US,D,20250620,000000,3.46,3.98,3.37,3.95,28298,0
NCT.US,D,20250623,000000,4.1,4.25,3.975,4.21,43375,0
NCT.US,D,20250624,000000,4.19,4.29,3.6,3.63,29893,0
NCT.US,D,20250625,000000,3.75,3.95,3.56,3.95,11253,0
NCT.US,D,20250626,000000,3.54,3.89,3.54,3.54,7235,0
NCT.US,D,20250627,000000,3.6,3.9,3.54,3.62,10346,0
NCT.US,D,20250630,000000,3.71,4.01,3.3,3.3,29095,0
NCT.US,D,20250701,000000,3.55,4.08,3.55,4.08,14054,0
NCT.US,D,20250702,000000,3.95,4.5854,3.95,4.35,118332,0
NCT.US,D,20250703,000000,4.35,4.8,4.32,4.56,55430,0
NCT.US,D,20250707,000000,4.5,4.99,4.27,4.95,44243,0
NCT.US,D,20250708,000000,4.61,5.1,4.06,4.71,95486,0
NCT.US,D,20250709,000000,4.74,4.74,4.2629,4.4,15400,0
NCT.US,D,20250710,000000,4.41,4.57,4.3,4.57,19932,0
NCT.US,D,20250711,000000,4.58,4.58,4.31,4.378,15557,0
NCT.US,D,20250714,000000,4.8638,4.8638,4.03,4.19,58351,0
NCT.US,D,20250715,000000,4.325,4.325,3.83,3.83,43501,0
NCT.US,D,20250716,000000,4,4.3,3.41,3.66,24915,0
NCT.US,D,20250717,000000,3.53,3.83,3.5,3.5,10273,0
NCT.US,D,20250718,000000,3.7,3.7,3.34,3.38,12435,0
NCT.US,D,20250721,000000,3.23,3.73,3.15,3.64,23200,0
NCT.US,D,20250722,000000,3.51,3.829,3.5,3.718,14211,0
NCT.US,D,20250723,000000,3.97,4.24,3.75,4.22,20737,0
NCT.US,D,20250724,000000,4.225,4.35,4.13,4.15,13451,0
NCT.US,D,20250725,000000,4.24,4.3297,4.03,4.31,10420,0
NCT.US,D,20250728,000000,4.0501,4.19,3.9,4.09,12160,0
NCT.US,D,20250729,000000,4.18,4.28,3.15,3.49,123112,0
NCT.US,D,20250730,000000,3.48,3.825,3.37,3.825,2702,0
NCT.US,D,20250731,000000,3.64,4.04,3.53,3.68,47400,0
NCT.US,D,20250801,000000,3.63,3.8,3.4,3.62,51807,0
NCT.US,D,20250804,000000,3.719,4.15,3.51,3.5601,151377,0
NCT.US,D,20250805,000000,3.5,3.79,2.9,3.1,350841,0
NCT.US,D,20250806,000000,2.84,3.23,2.84,3.16,7193,0
NCT.US,D,20250807,000000,3.18,3.2,2.8,2.8,3530,0
NCT.US,D,20250808,000000,2.86,3.04,2.5,2.71,26907,0
NCT.US,D,20250811,000000,2.71,3,2.71,3,10046,0
NCT.US,D,20250812,000000,2.85,3.05,2.61,2.72,3669,0
NCT.US,D,20250813,000000,2.8,2.9,2.61,2.655,13481,0
NCT.US,D,20250814,000000,2.71,2.88,2.6,2.6,4475,0
NCT.US,D,20250815,000000,2.73,2.73,2.51,2.51,4422,0
NCT.US,D,20250818,000000,2.5,2.62,2.2001,2.485,17311,0
NCT.US,D,20250819,000000,2.34,2.47,2.01,2.01,7353,0
NCT.US,D,20250820,000000,2.21,3.7,1.41,1.98,5060331,0
NCT.US,D,20250821,000000,1.54,1.93,1.54,1.56,248197,0
NCT.US,D,20250822,000000,1.53,1.67,1.29,1.46,122632,0
NCT.US,D,20250825,000000,1.35,1.58,1.35,1.51,74278,0
NCT.US,D,20250826,000000,1.41,1.5399,1.35,1.5,527280,0
NCT.US,D,20250827,000000,1.47,1.56,1.43,1.48,89754,0
NCT.US,D,20250828,000000,1.41,1.49,1.4,1.4311,72795,0
NCT.US,D,20250829,000000,1.4,1.4,1.3,1.31,67459,0
NCT.US,D,20250902,000000,1.26,1.3299,1.15,1.15,104961,0
NCT.US,D,20250903,000000,1.24,1.28,1.105,1.17,62738,0
NCT.US,D,20250904,000000,1.1,1.15,1.05,1.15,51107,0
NCT.US,D,20250905,000000,1.24,1.26,1.15,1.2,24619,0
NCT.US,D,20250908,000000,1.167,1.29,1.1,1.19,103508,0
NCT.US,D,20250909,000000,1.19,1.3,1.15,1.2642,117241,0
NCT.US,D,20250910,000000,1.29,1.58,1.28,1.42,116321,0
NCT.US,D,20250911,000000,1.38,1.44,1.33,1.33,49519,0
NCT.US,D,20250912,000000,1.3324,1.42,1.24,1.3,15958,0
NCT.US,D,20250915,000000,1.38,1.39,1.26,1.3,60438,0
NCT.US,D,20250916,000000,1.3502,1.9,1.1001,1.34,4246558,0
NCT.US,D,20250917,000000,1.25,1.435,1.25,1.37,357366,0
NCT.US,D,20250918,000000,1.28,1.62,1.28,1.48,1590542,0
NCT.US,D,20250919,000000,1.35,1.5,1.35,1.44,220062,0
NCT.US,D,20250922,000000,1.4,1.4203,1.35,1.35,40393,0
NCT.US,D,20250923,000000,1.41,1.41,1.35,1.3996,30218,0
NCT.US,D,20250924,000000,1.385,1.46,1.3,1.39,225552,0
NCT.US,D,20250925,000000,1.39,1.39,1.3001,1.38,63888,0
NCT.US,D,20250926,000000,1.36,1.37,1.3,1.31,74065,0
NCT.US,D,20250929,000000,1.31,1.38,1.3,1.3685,62775,0
NCT.US,D,20250930,000000,1.38,1.405,1.32,1.39,26071,0
NCT.US,D,20251001,000000,1.3475,1.45,1.3301,1.43,84182,0
NCT.US,D,20251002,000000,1.43,1.61,1.3705,1.5404,134939,0
NCT.US,D,20251003,000000,1.58,1.64,1.51,1.57,85844,0
NCT.US,D,20251006,000000,1.6,1.6,1.5001,1.56,57522,0
NCT.US,D,20251007,000000,1.5405,1.545,1.445,1.545,20831,0
NCT.US,D,20251008,000000,1.48,1.55,1.445,1.47,95824,0
NCT.US,D,20251009,000000,1.48,1.49,1.36,1.36,23626,0
NCT.US,D,20251010,000000,1.29,1.4,1.26,1.27,37810,0
NCT.US,D,20251013,000000,1.3,1.3,1.17,1.24,36640,0
NCT.US,D,20251014,000000,1.24,1.28,1.18,1.18,9300,0
NCT.US,D,20251015,000000,1.25,1.2899,1.2,1.21,9887,0
NCT.US,D,20251016,000000,1.23,1.45,1.22,1.32,3167956,0
NCT.US,D,20251017,000000,1.26,1.38,1.1,1.1,638879,0
NCT.US,D,20251020,000000,1.02,1.25,1.02,1.2,163001,0
NCT.US,D,20251021,000000,1.1901,1.2,1.11,1.18,34995,0
NCT.US,D,20251022,000000,1.16,1.16,1.07,1.118,13410,0
NCT.US,D,20251023,000000,1.04,1.1699,1.04,1.06,47260,0
NCT.US,D,20251024,000000,1.1,1.2,1.0836,1.11,27580,0
NCT.US,D,20251027,000000,1.11,1.1443,1.09,1.09,5274,0
NCT.US,D,20251028,000000,1.09,1.13,1.07,1.07,11091,0
NCT.US,D,20251029,000000,1.06,1.06,0.985,0.985,46174,0
NCT.US,D,20251030,000000,0.98,1.05,0.96,1.03,73113,0
NCT.US,D,20251031,000000,0.9991,1.02,0.9507,0.9888,17544,0
NCT.US,D,20251103,000000,1.05,1.14,0.99,1.03,8430,0
NCT.US,D,20251104,000000,0.9309,1,0.8956,0.9172,33795,0
NCT.US,D,20251105,000000,0.917,0.917,0.81,0.8502,5894,0
