<TICKER>,<PER>,<DATE>,<TIME>,<OPEN>,<HIGH>,<LOW>,<CLOSE>,<VOL>,<OPENINT>
PC.US,D,20240925,000000,47.7,51.57,32.4,33.48,154788,0
PC.US,D,20240926,000000,34.02,40.05,34.02,34.83,23953.5,0
PC.US,D,20240927,000000,36.6273,39.6,36.2457,37.35,13986.6,0
PC.US,D,20240930,000000,38.7,48.06,38.7,42.7482,33743.1,0
PC.US,D,20241001,000000,42.75,45.99,41.4,43.38,37729.7,0
PC.US,D,20241002,000000,44.1,45,40.5,40.77,21302.9,0
PC.US,D,20241003,000000,41.4,44.01,37.98,39.51,9103.44,0
PC.US,D,20241004,000000,40.95,42.552,40.68,41.85,1671.88,0
PC.US,D,20241007,000000,41.4,44.1,41.4,41.85,35514.1,0
PC.US,D,20241008,000000,42.03,42.3,41.13,42.3,8993.44,0
PC.US,D,20241009,000000,42.75,44.1,42.03,42.03,13772.3,0
PC.US,D,20241010,000000,42.57,43.2,38.7,42.75,17419.1,0
PC.US,D,20241011,000000,41.67,41.67,38.16,38.52,2386.33,0
PC.US,D,20241014,000000,38.925,40.05,28.908,34.74,32135.5,0
PC.US,D,20241015,000000,32.94,36.18,32.04,32.31,16420.8,0
PC.US,D,20241016,000000,34.2,34.2,27.36,31.86,11669.3,0
PC.US,D,20241017,000000,31.41,32.4,27,27.36,15732.3,0
PC.US,D,20241018,000000,29.61,31.05,27.54,28.71,7804.66,0
PC.US,D,20241021,000000,29.7,39.24,29.7,37.26,23777.1,0
PC.US,D,20241022,000000,38.7,38.7,35.1,36.7983,11335.1,0
PC.US,D,20241023,000000,37.62,49.5,10.8,12.51,1004131,0
PC.US,D,20241024,000000,11.43,11.61,7.11,7.4493,288602,0
PC.US,D,20241025,000000,7.29,7.452,5.58,6.1461,140725,0
PC.US,D,20241028,000000,5.4,6.48,5.4,6.255,65495.7,0
PC.US,D,20241029,000000,6.336,6.3936,6.0363,6.219,38458.6,0
PC.US,D,20241030,000000,6.0327,8.37,6.03,7.182,134108,0
PC.US,D,20241031,000000,6.705,7.182,5.913,6.03,52101.3,0
PC.US,D,20241101,000000,6.3549,6.5475,5.94,6.1776,9235.77,0
PC.US,D,20241104,000000,6.21,6.7005,6.0255,6.66,11371.8,0
PC.US,D,20241105,000000,6.4575,7.02,6.12,6.5295,13840.3,0
PC.US,D,20241106,000000,6.3333,6.5295,5.67,6.00391,18766.1,0
PC.US,D,20241107,000000,6.12,6.38798,5.715,6.156,12656.6,0
PC.US,D,20241108,000000,5.8212,6.21,5.715,6.1254,7108.22,0
PC.US,D,20241111,000000,6.066,7.7625,6.066,7.6041,58473.5,0
PC.US,D,20241112,000000,7.2612,7.911,7.0722,7.551,10430.4,0
PC.US,D,20241113,000000,7.2225,7.29,6.30901,7.2,6372.22,0
PC.US,D,20241114,000000,7.371,7.371,6.4962,6.5322,3487.66,0
PC.US,D,20241115,000000,6.696,6.75,6.39,6.5493,2150.55,0
PC.US,D,20241118,000000,6.741,6.741,5.8959,5.9625,14285.4,0
PC.US,D,20241119,000000,5.9625,6.48,5.688,6.264,15025.4,0
PC.US,D,20241120,000000,6.264,7.16399,6.0282,6.75,15981.7,0
PC.US,D,20241121,000000,6.66,6.7806,6.3477,6.4125,3234.77,0
PC.US,D,20241122,000000,6.372,7.02,6.3,6.3819,93007.6,0
PC.US,D,20241125,000000,6.7644,7.641,6.7509,7.3818,17548.1,0
PC.US,D,20241126,000000,7.38,7.65,7.38,7.38,7139.44,0
PC.US,D,20241127,000000,6.8427,7.29,6.84,7.29,4361.22,0
PC.US,D,20241129,000000,7.272,7.272,6.93,7.272,20890.6,0
PC.US,D,20241202,000000,7.272,8.0964,6.9372,7.74,31427.1,0
PC.US,D,20241203,000000,7.5078,7.92,7.3665,7.569,7829.11,0
PC.US,D,20241204,000000,7.821,7.821,7.38,7.434,2499.11,0
PC.US,D,20241205,000000,7.9677,7.9677,7.2198,7.4745,117112,0
PC.US,D,20241206,000000,7.47,8.28,7.47,7.9884,17623.4,0
PC.US,D,20241209,000000,7.839,8.9991,7.839,8.8209,49515.6,0
PC.US,D,20241210,000000,8.91,8.91,7.488,7.92,22103.1,0
PC.US,D,20241211,000000,7.6824,8.28,7.47,8.09954,45057.7,0
PC.US,D,20241212,000000,8.19,8.19,7.65,7.83,2184.88,0
PC.US,D,20241213,000000,7.2135,7.92,7.2,7.209,5046.88,0
PC.US,D,20241216,000000,7.452,7.452,6.75,6.8454,5909.33,0
PC.US,D,20241217,000000,7.344,7.6491,6.5718,6.813,10872.5,0
PC.US,D,20241218,000000,7.2,7.2,6.57,7.02,8638.77,0
PC.US,D,20241219,000000,7.263,7.263,6.3108,6.6915,9038.33,0
PC.US,D,20241220,000000,6.54075,7.47,6.3909,6.7878,47685.7,0
PC.US,D,20241223,000000,6.9138,7.407,6.39,6.6537,14331.4,0
PC.US,D,20241224,000000,6.4539,7.1334,6.3018,6.3396,11159.5,0
PC.US,D,20241226,000000,6.4899,6.66,5.859,6.5313,15725.3,0
PC.US,D,20241227,000000,6.5313,7.1055,6.39,6.525,14182.6,0
PC.US,D,20241230,000000,6.525,6.8571,6.12,6.1731,23014.3,0
PC.US,D,20241231,000000,6.2253,6.75,6.21,6.39,11407.9,0
PC.US,D,20250102,000000,6.651,6.66,6.399,6.48046,7692.66,0
PC.US,D,20250103,000000,6.57,7.9191,6.57,7.614,77868.2,0
PC.US,D,20250106,000000,7.65,7.65,6.84,7.2,13979.7,0
PC.US,D,20250107,000000,7.074,7.5609,6.66,7.3188,23646.4,0
PC.US,D,20250108,000000,7.47,7.47,6.3279,6.57,25739.5,0
PC.US,D,20250110,000000,6.39,7.083,6.39,6.5628,6930.88,0
PC.US,D,20250113,000000,6.4908,6.993,6.39,6.714,8220.99,0
PC.US,D,20250114,000000,6.5124,6.7113,6.08049,6.4152,13281.5,0
PC.US,D,20250115,000000,6.3873,7.083,6.0327,6.48,9907.22,0
PC.US,D,20250116,000000,6.48,6.6708,6.354,6.4683,3898.88,0
PC.US,D,20250117,000000,6.48,6.75,6.4791,6.4899,2075.77,0
PC.US,D,20250121,000000,7.0524,7.1091,6.66,6.984,25975.9,0
PC.US,D,20250122,000000,6.7743,7.83,6.1929,7.632,41529.8,0
PC.US,D,20250123,000000,7.4034,7.4034,6.3108,6.39,17274.5,0
PC.US,D,20250124,000000,6.39,6.57,6.03,6.381,11812.8,0
PC.US,D,20250127,000000,6.1893,6.4782,5.58,6.0372,12438.1,0
PC.US,D,20250128,000000,5.8563,6.07455,5.49,5.661,9322.55,0
PC.US,D,20250129,000000,5.508,6.12,5.49,6.0714,5001.88,0
PC.US,D,20250130,000000,6.12,6.26916,5.94,6.165,3957.33,0
PC.US,D,20250131,000000,5.94,6.1524,5.94,5.94,2027.55,0
PC.US,D,20250203,000000,6.12,6.921,6.12,6.48,18275.7,0
PC.US,D,20250204,000000,6.3126,6.6753,6.1209,6.3909,3862.99,0
PC.US,D,20250205,000000,6.39,7.011,6.39,6.75,83245.2,0
PC.US,D,20250206,000000,6.75,7.092,6.75,7.02,6535.88,0
PC.US,D,20250207,000000,7.065,7.227,6.93,6.948,14762.5,0
PC.US,D,20250210,000000,6.7392,7.2,6.408,6.6195,934.888,0
PC.US,D,20250211,000000,6.66,7.7391,6.6339,7.4646,16318.1,0
PC.US,D,20250212,000000,7.3305,7.73909,6.84,7.29,11989.6,0
PC.US,D,20250213,000000,7.0713,7.371,6.8382,7.371,43095.4,0
PC.US,D,20250214,000000,7.1109,7.272,7.11,7.2432,4135.44,0
PC.US,D,20250218,000000,7.2432,7.2432,6.93,7.1091,2421.22,0
PC.US,D,20250219,000000,7.29,9.45,7.2,8.541,73915.8,0
PC.US,D,20250220,000000,8.055,9,7.965,8.74287,10984.9,0
PC.US,D,20250221,000000,8.7435,8.82,8.1,8.1261,7987.77,0
PC.US,D,20250224,000000,8.19,8.82,7.2999,7.8903,3870.44,0
PC.US,D,20250225,000000,7.5753,7.785,6.8697,7.5384,4200.22,0
PC.US,D,20250226,000000,8.01,8.4645,7.74,7.74,4725.77,0
PC.US,D,20250227,000000,7.83,8.613,7.65,8.0028,9309.22,0
PC.US,D,20250228,000000,7.9425,8.00956,7.758,7.9191,1191.44,0
PC.US,D,20250303,000000,7.8597,8.0964,7.8597,7.92,10283.6,0
PC.US,D,20250304,000000,7.7535,7.83,7.4304,7.83,2524.33,0
PC.US,D,20250305,000000,7.4475,8.1,7.4475,8.1,12893.8,0
PC.US,D,20250306,000000,8.1,8.6886,7.92,8.3835,4650.77,0
PC.US,D,20250307,000000,8.217,8.217,7.5141,8.1729,1909.88,0
PC.US,D,20250310,000000,7.8624,8.37,7.56,7.9209,2623.55,0
PC.US,D,20250311,000000,7.848,8.0802,7.848,7.9209,1637.88,0
PC.US,D,20250312,000000,7.8309,8.0775,7.8309,8.0289,945.444,0
PC.US,D,20250313,000000,8.37,8.6049,7.92,7.92,10851.1,0
PC.US,D,20250314,000000,8.1963,8.1963,7.92,7.92,1096.66,0
PC.US,D,20250317,000000,7.6158,7.9191,7.4259,7.47,953.777,0
PC.US,D,20250318,000000,8.073,8.46,7.6464,7.6941,1106.22,0
PC.US,D,20250319,000000,8.19,8.19,7.425,7.425,1885.77,0
PC.US,D,20250320,000000,7.875,8.28,7.87499,8.28,6518.99,0
PC.US,D,20250321,000000,8.3646,8.37,7.9074,8.37,1087.11,0
PC.US,D,20250324,000000,8.118,8.3691,7.92,7.92,1884.11,0
PC.US,D,20250325,000000,7.812,8.235,7.812,8.19,1393.66,0
PC.US,D,20250326,000000,8.1954,8.46,7.9407,8.1135,701.444,0
PC.US,D,20250327,000000,8.46,8.46,8.46,8.46,241.555,0
PC.US,D,20250328,000000,8.09359,8.4573,7.80749,8.01,2011.55,0
PC.US,D,20250331,000000,8.01,8.424,7.9236,8.046,3413.44,0
PC.US,D,20250401,000000,8.1,8.118,7.929,8.1036,5313.11,0
PC.US,D,20250402,000000,8.073,8.46,7.92,8.1,26230.8,0
PC.US,D,20250403,000000,7.8021,8.442,7.8021,8.1,534.666,0
PC.US,D,20250404,000000,7.803,8.1,7.803,8.01,1456.44,0
PC.US,D,20250407,000000,7.2,8.1,7.2,8.01,709.111,0
PC.US,D,20250408,000000,8.01,8.91,6.3171,7.47,119479,0
PC.US,D,20250409,000000,7.3161,8.32501,7.3161,7.65,49395.6,0
PC.US,D,20250410,000000,7.4205,8.118,7.4205,7.65,7656.11,0
PC.US,D,20250411,000000,7.47,8.001,7.47,8.001,1315.22,0
PC.US,D,20250414,000000,8.001,8.2125,7.74,7.875,964.111,0
PC.US,D,20250415,000000,8.271,8.271,7.8309,8.2566,2464.66,0
PC.US,D,20250416,000000,7.7454,8.2611,7.7454,8.1,1761.77,0
PC.US,D,20250417,000000,8.37,8.37,7.8354,8.1,132.777,0
PC.US,D,20250421,000000,8.46,8.55,7.9218,8.352,1538.33,0
PC.US,D,20250422,000000,8.352,8.352,8.1909,8.1909,166.222,0
PC.US,D,20250423,000000,7.7274,8.4186,7.7274,8.4186,2495.55,0
PC.US,D,20250424,000000,8.1909,8.541,8.19,8.352,45431.1,0
PC.US,D,20250425,000000,8.0541,9.4365,8.0541,9,10696.3,0
PC.US,D,20250428,000000,9.09,9.63,9.09,9.2628,5777.22,0
PC.US,D,20250429,000000,8.91,8.91,8.8101,8.91,323.999,0
PC.US,D,20250430,000000,9.09,9.09,8.55,8.829,363.666,0
PC.US,D,20250501,000000,8.0127,9,8.0127,8.775,332.666,0
PC.US,D,20250502,000000,8.32995,8.73,8.32995,8.5977,403.777,0
PC.US,D,20250505,000000,8.91,8.91,8.64,8.64,178.444,0
PC.US,D,20250506,000000,7.6905,8.64,7.6905,7.83,1115.55,0
PC.US,D,20250507,000000,8.1,9.72,7.83,8.8839,11213.5,0
PC.US,D,20250508,000000,8.54999,9.45,8.0172,8.9019,13604.1,0
PC.US,D,20250509,000000,8.5446,8.8686,8.208,8.5644,12665.6,0
PC.US,D,20250512,000000,8.5644,8.5644,7.0632,8.055,12217.7,0
PC.US,D,20250513,000000,7.8129,8.55,7.7787,8.55,21279.2,0
PC.US,D,20250514,000000,7.7436,8.55,7.7436,8.28,4658.88,0
PC.US,D,20250515,000000,7.875,8.73,7.875,8.46,17857.9,0
PC.US,D,20250516,000000,8.64,9.3591,8.1,9,6573.77,0
PC.US,D,20250519,000000,9,9.27,8.19,8.5617,8703.77,0
PC.US,D,20250520,000000,9,9.45,8.1054,8.64,53633.9,0
PC.US,D,20250521,000000,8.64,8.91,8.2818,8.865,23115.6,0
PC.US,D,20250522,000000,8.64,8.73,8.19,8.622,40197.1,0
PC.US,D,20250523,000000,8.28,8.82,8.28,8.352,6805.44,0
PC.US,D,20250527,000000,8.73,8.82,7.9596,8.4132,1291.11,0
PC.US,D,20250528,000000,8.64,8.712,8.1,8.3871,3735.99,0
PC.US,D,20250529,000000,8.55,9.18,7.92001,8.595,43069.9,0
PC.US,D,20250530,000000,8.91,8.91,8.0883,8.19,79202.3,0
PC.US,D,20250602,000000,7.938,8.235,7.938,8.235,1567.22,0
PC.US,D,20250603,000000,8.4438,8.4438,7.965,8.1657,927.888,0
PC.US,D,20250604,000000,8.1927,8.46,7.92,8.01,2782.99,0
PC.US,D,20250605,000000,8.0208,8.1,6.7509,7.02,130704,0
PC.US,D,20250606,000000,6.5655,6.8841,5.8275,6.48,75471.5,0
PC.US,D,20250609,000000,6.795,6.84,5.85,6.408,33721.2,0
PC.US,D,20250610,000000,6.2154,6.84,5.9409,6.84,29548.1,0
PC.US,D,20250611,000000,6.6348,6.70311,6.318,6.3432,1222.66,0
PC.US,D,20250612,000000,6.75,6.75,6.21,6.3,487.888,0
PC.US,D,20250613,000000,6.489,6.561,6.2091,6.2406,6342.11,0
PC.US,D,20250616,000000,6.84,6.84,6.3,6.48,365.777,0
PC.US,D,20250617,000000,6.84,6.84,6.4809,6.5898,2024.99,0
PC.US,D,20250618,000000,6.66,6.8373,6.489,6.741,629.333,0
PC.US,D,20250620,000000,6.552,6.75,6.05161,6.3,17382.4,0
PC.US,D,20250623,000000,6.48,6.75,6.1038,6.4179,6836.88,0
PC.US,D,20250624,000000,6.2415,6.5376,6.2415,6.327,3795.99,0
PC.US,D,20250625,000000,6.75,6.75,6.3,6.4251,150977,0
PC.US,D,20250626,000000,6.2199,7.2891,5.94,6.0345,184745,0
PC.US,D,20250627,000000,6.12,6.228,5.652,5.931,59143.7,0
PC.US,D,20250630,000000,5.742,6.39,5.6718,6.0687,46762.5,0
PC.US,D,20250701,000000,6.21,6.5709,6.03,6.21,14868.7,0
PC.US,D,20250702,000000,6.282,6.75,6.282,6.75,1835.99,0
PC.US,D,20250703,000000,6.615,6.6825,6.615,6.6618,706.444,0
PC.US,D,20250707,000000,6.21,6.6591,6.21,6.5574,940.999,0
PC.US,D,20250708,000000,6.2154,6.7491,5.8635,6.3765,6003.55,0
PC.US,D,20250709,000000,6.5628,6.5628,6.21,6.471,471.555,0
PC.US,D,20250710,000000,6.48,6.7266,6.0498,6.246,4528.44,0
PC.US,D,20250711,000000,6.1236,6.48,6.1236,6.381,1110.77,0
PC.US,D,20250714,000000,6.21,6.381,6.12,6.3,6225.44,0
PC.US,D,20250715,000000,6.12,6.21,5.6871,6.1155,1370.44,0
PC.US,D,20250716,000000,5.6799,6.12,5.184,5.5773,14191.9,0
PC.US,D,20250717,000000,5.4459,5.85,5.3955,5.535,2055.66,0
PC.US,D,20250718,000000,5.697,6.03,5.4063,5.4891,7246.88,0
PC.US,D,20250721,000000,5.76,6.11999,5.2857,5.5377,17387.9,0
PC.US,D,20250722,000000,5.37,6.82,5.11,5.8,99732,0
PC.US,D,20250723,000000,5.991,6.4,5.8504,6.19,34871,0
PC.US,D,20250724,000000,6.01,6.25,5.8836,5.8836,13186,0
PC.US,D,20250725,000000,5.96,6.34,5.66,5.95,178597,0
PC.US,D,20250728,000000,5.94,7.45,5.94,7.14,191463,0
PC.US,D,20250729,000000,7.14,7.2,5.8,6.3,184380,0
PC.US,D,20250730,000000,6.28,7.8,6.1,7.63,797605,0
PC.US,D,20250731,000000,7.66,7.9,7.4,7.84,278133,0
PC.US,D,20250801,000000,7.82,7.82,7.4,7.76,267606,0
PC.US,D,20250804,000000,7.64,8.45,7.3,7.41,518142,0
PC.US,D,20250805,000000,7.5,8.35,7.5,7.83,404614,0
PC.US,D,20250806,000000,7.77,8.25,7.625,7.79,248902,0
PC.US,D,20250807,000000,7.6,7.64,7.16,7.44,12899,0
PC.US,D,20250808,000000,7.44,7.9,7.44,7.63,8814,0
PC.US,D,20250811,000000,7.7,7.7,7.14,7.19,22926,0
PC.US,D,20250812,000000,7.23,7.38,6.02,6.95,26617,0
PC.US,D,20250813,000000,6.79,6.79,6.0056,6.27,4725,0
PC.US,D,20250814,000000,6.21,6.21,5.51,5.955,4124,0
PC.US,D,20250818,000000,5.95,7,5.8,6.8705,54809,0
PC.US,D,20250819,000000,6.87,6.87,6.06,6.26,6745,0
PC.US,D,20250820,000000,6.24,7.55,6.24,6.95,84006,0
PC.US,D,20250821,000000,7.14,7.16,6.18,6.95,14933,0
PC.US,D,20250822,000000,6.6,6.66,6.58,6.58,1830,0
PC.US,D,20250825,000000,6.5,7.255,6.13,6.94,85087,0
PC.US,D,20250826,000000,6.9,7.025,6.375,6.8,42923,0
PC.US,D,20250827,000000,6.873,7.03,6.87,7.03,2291,0
PC.US,D,20250828,000000,6.85,6.99,6.52,6.99,8511,0
PC.US,D,20250829,000000,6.46,7.02,6.46,6.84,50521,0
PC.US,D,20250902,000000,6.5,7,6.5,6.86,23059,0
PC.US,D,20250903,000000,6.6,7.51,6.59,7.2,246316,0
PC.US,D,20250904,000000,7,7,7,7,1957,0
PC.US,D,20250905,000000,6.8,7.46,6.555,7.05,351188,0
PC.US,D,20250908,000000,6.67,7.1,6.51,7.01,180511,0
PC.US,D,20250909,000000,6.805,7.1,6.62,6.8,228733,0
PC.US,D,20250910,000000,6.89,7.2,6.8205,7.135,452997,0
PC.US,D,20250911,000000,6.91,7.43,6.91,7.43,287605,0
PC.US,D,20250912,000000,7.2,7.43,6.74,7.03,10753,0
PC.US,D,20250915,000000,7.19,7.815,6.62,7.68,127174,0
PC.US,D,20250916,000000,7.68,8.07,7.6,8.07,1379933,0
PC.US,D,20250917,000000,8.07,8.2,7.91,8.16,364069,0
PC.US,D,20250918,000000,8.25,8.59,8.1001,8.525,722906,0
PC.US,D,20250919,000000,8.52,8.52,8.26,8.4,205590,0
PC.US,D,20250922,000000,8.63,8.85,8.32,8.62,1191992,0
PC.US,D,20250923,000000,8.66,8.72,8.3,8.53,555991,0
PC.US,D,20250924,000000,8.635,8.95,7.51,8.29,1552499,0
PC.US,D,20250925,000000,8.3,8.78,8.24,8.73,837103,0
PC.US,D,20250926,000000,8.73,9.08,8.6401,8.99,379351,0
PC.US,D,20250929,000000,8.84,9.68,8.7,9.36,1689352,0
PC.US,D,20250930,000000,9.4,9.4,8.71,9.03,30450,0
PC.US,D,20251001,000000,9.04,10.4269,8.58,10.32,84857,0
PC.US,D,20251002,000000,10.13,13.8,9.5701,12.69,814996,0
PC.US,D,20251003,000000,12.68,14,8,11.05,914963,0
PC.US,D,20251006,000000,11.41,13.25,9.19,9.92,862103,0
PC.US,D,20251007,000000,10.27,11.43,9.047,9.2,366544,0
PC.US,D,20251008,000000,9.35,10.0175,9,9.61,184943,0
PC.US,D,20251009,000000,9.53,9.88,9.23,9.88,416145,0
PC.US,D,20251010,000000,9.69,9.8576,9.36,9.7,226147,0
PC.US,D,20251013,000000,9.71,9.96,9.35,9.74,203595,0
PC.US,D,20251014,000000,9.89,10.0875,9.26,10,737112,0
PC.US,D,20251015,000000,9.89,9.89,9.1884,9.35,796107,0
PC.US,D,20251016,000000,9.37,9.55,9.2,9.4,531379,0
