<TICKER>,<PER>,<DATE>,<TIME>,<OPEN>,<HIGH>,<LOW>,<CLOSE>,<VOL>,<OPENINT>
PFAI.US,D,20250422,000000,4,4.4,3.24,3.35,916015,0
PFAI.US,D,20250423,000000,3.25,3.45,3.1,3.21,182827,0
PFAI.US,D,20250424,000000,3.15,3.33,3,3.115,95853,0
PFAI.US,D,20250425,000000,3.07,3.2276,3.02,3.02,43052,0
PFAI.US,D,20250428,000000,3.02,3.161,3.02,3.11,11223,0
PFAI.US,D,20250429,000000,3.04,3.16,3.04,3.11,18797,0
PFAI.US,D,20250430,000000,3.15,3.2406,3.04,3.18,29848,0
PFAI.US,D,20250501,000000,3.15,3.24,3.15,3.15,5813,0
PFAI.US,D,20250502,000000,3.2,3.25,3.18,3.18,8874,0
PFAI.US,D,20250505,000000,3.1116,3.1273,3.03,3.0426,10359,0
PFAI.US,D,20250506,000000,3.03,3.188,3.03,3.1,17531,0
PFAI.US,D,20250507,000000,3.07,3.25,3.05,3.17,19645,0
PFAI.US,D,20250508,000000,3.25,3.53,3.1673,3.28,55854,0
PFAI.US,D,20250509,000000,3.1001,3.5,3.1,3.1289,16341,0
PFAI.US,D,20250512,000000,3.19,3.29,3.1,3.1676,9446,0
PFAI.US,D,20250513,000000,3.25,3.3428,3.05,3.22,19892,0
PFAI.US,D,20250514,000000,3.06,3.34,3.06,3.17,7449,0
PFAI.US,D,20250515,000000,3.08,3.24,3.05,3.23,12073,0
PFAI.US,D,20250516,000000,3.05,3.39,3.05,3.23,5893,0
PFAI.US,D,20250519,000000,3.21,3.3,3.0834,3.0834,1084,0
PFAI.US,D,20250520,000000,3.0501,3.28,3.05,3.1449,8120,0
PFAI.US,D,20250521,000000,3.09,3.25,3.05,3.05,4901,0
PFAI.US,D,20250522,000000,3.13,3.4,3.1122,3.1601,32885,0
PFAI.US,D,20250523,000000,3.16,3.39,3.03,3.25,30760,0
PFAI.US,D,20250527,000000,3.2,3.2948,3.05,3.12,14685,0
PFAI.US,D,20250528,000000,3.1,3.155,2.58,2.58,22712,0
PFAI.US,D,20250529,000000,2.6241,2.685,1.7001,2.13,103777,0
PFAI.US,D,20250530,000000,2.1501,2.3,2.025,2.3,39676,0
PFAI.US,D,20250602,000000,2.18,2.7,2.07,2.7,25727,0
PFAI.US,D,20250603,000000,2.8,2.8257,2.04,2.65,22647,0
PFAI.US,D,20250604,000000,2.66,2.88,2.61,2.7105,11066,0
PFAI.US,D,20250605,000000,2.31,2.9,2.31,2.7,9593,0
PFAI.US,D,20250606,000000,2.5354,2.7515,2.5354,2.65,5065,0
PFAI.US,D,20250609,000000,2.68,2.81,2.51,2.735,15425,0
PFAI.US,D,20250610,000000,2.67,2.805,2.615,2.65,6168,0
PFAI.US,D,20250611,000000,2.51,2.89,2.51,2.63,14639,0
PFAI.US,D,20250612,000000,2.6408,2.831,2.4,2.6908,25232,0
PFAI.US,D,20250613,000000,2.61,2.7,2.5,2.51,2621,0
PFAI.US,D,20250616,000000,2.52,2.7,1.9,2.33,29756,0
PFAI.US,D,20250617,000000,2.41,2.585,2.1629,2.32,21214,0
PFAI.US,D,20250618,000000,2.38,2.4619,2.37,2.42,5035,0
PFAI.US,D,20250620,000000,2.43,2.525,2.43,2.525,2995,0
PFAI.US,D,20250623,000000,2.5007,2.68,2.5007,2.6799,4104,0
PFAI.US,D,20250624,000000,2.66,2.66,2.2,2.31,29546,0
PFAI.US,D,20250625,000000,2.31,2.49,2.15,2.36,15774,0
PFAI.US,D,20250626,000000,2.36,2.37,2.125,2.25,15199,0
PFAI.US,D,20250627,000000,2.39,2.47,2.18,2.32,12771,0
PFAI.US,D,20250630,000000,2.1,2.61,2.1,2.3671,23580,0
PFAI.US,D,20250701,000000,2.38,2.58,2.3486,2.43,5898,0
PFAI.US,D,20250702,000000,1.89,1.92,1.5733,1.79,3726632,0
PFAI.US,D,20250703,000000,1.68,1.732,1.5801,1.64,99641,0
PFAI.US,D,20250707,000000,1.59,1.77,1.55,1.76,74079,0
PFAI.US,D,20250708,000000,1.66,1.9,1.6301,1.79,143840,0
PFAI.US,D,20250709,000000,1.77,1.8777,1.66,1.72,35992,0
PFAI.US,D,20250710,000000,1.68,1.9,1.6506,1.78,50146,0
PFAI.US,D,20250711,000000,1.73,1.8291,1.7,1.71,11784,0
PFAI.US,D,20250714,000000,1.71,1.8199,1.63,1.7153,69093,0
PFAI.US,D,20250715,000000,1.73,1.8497,1.7011,1.8,58343,0
PFAI.US,D,20250716,000000,1.91,2.17,1.8207,2.11,72114,0
PFAI.US,D,20250717,000000,2.1195,2.2524,1.99,2.02,100069,0
PFAI.US,D,20250718,000000,1.8,2,1.7496,1.805,97742,0
PFAI.US,D,20250721,000000,1.8,2.11,1.74,1.75,87294,0
PFAI.US,D,20250722,000000,1.8,1.98,1.77,1.98,56914,0
PFAI.US,D,20250723,000000,1.99,2.08,1.82,1.91,30156,0
PFAI.US,D,20250724,000000,1.89,2.07,1.85,1.9,39243,0
PFAI.US,D,20250725,000000,1.8924,1.945,1.8924,1.94,5944,0
PFAI.US,D,20250728,000000,1.88,1.9975,1.76,1.85,7440,0
PFAI.US,D,20250729,000000,1.9,1.9,1.75,1.82,13360,0
PFAI.US,D,20250730,000000,1.85,2,1.8148,1.91,33639,0
PFAI.US,D,20250731,000000,1.7617,1.845,1.75,1.8,11378,0
PFAI.US,D,20250801,000000,1.77,1.84,1.6015,1.8,37806,0
PFAI.US,D,20250804,000000,1.7756,1.7894,1.7,1.755,13444,0
PFAI.US,D,20250805,000000,1.74,1.8,1.675,1.765,19991,0
PFAI.US,D,20250806,000000,1.77,1.77,1.695,1.7216,7117,0
PFAI.US,D,20250807,000000,1.72,1.75,1.665,1.69,18674,0
PFAI.US,D,20250808,000000,1.74,1.74,1.57,1.6005,10975,0
PFAI.US,D,20250811,000000,1.67,1.67,1.5001,1.51,27079,0
PFAI.US,D,20250812,000000,1.53,1.65,1.5,1.55,11013,0
PFAI.US,D,20250813,000000,1.55,1.55,1.48,1.48,18679,0
PFAI.US,D,20250814,000000,1.54,1.54,1.41,1.44,55815,0
PFAI.US,D,20250815,000000,1.5533,1.5533,1.3,1.4,35388,0
PFAI.US,D,20250818,000000,1.41,1.5,1.41,1.4844,13993,0
PFAI.US,D,20250819,000000,1.51,1.52,1.4477,1.4477,4583,0
PFAI.US,D,20250820,000000,1.44,1.5,1.42,1.5,18133,0
PFAI.US,D,20250821,000000,1.48,1.6685,1.47,1.595,14550,0
PFAI.US,D,20250822,000000,1.63,1.72,1.58,1.68,26826,0
PFAI.US,D,20250825,000000,1.7,1.76,1.67,1.71,36076,0
PFAI.US,D,20250826,000000,1.8,1.8998,1.6001,1.69,49515,0
PFAI.US,D,20250827,000000,1.5897,1.82,1.5892,1.82,14919,0
PFAI.US,D,20250828,000000,1.77,1.819,1.71,1.71,4482,0
PFAI.US,D,20250829,000000,1.8195,1.8195,1.73,1.8181,4785,0
PFAI.US,D,20250902,000000,1.54,1.79,1.54,1.625,13050,0
PFAI.US,D,20250903,000000,1.67,2,1.67,2,56265,0
PFAI.US,D,20250904,000000,1.98,1.99,1.79,1.8,22771,0
PFAI.US,D,20250905,000000,1.89,2.98,1.89,2.6,4909812,0
PFAI.US,D,20250908,000000,2.19,2.24,1.8,2.11,177431,0
PFAI.US,D,20250909,000000,1.98,1.98,1.7901,1.84,30826,0
PFAI.US,D,20250910,000000,1.89,2.05,1.85,1.88,8337,0
PFAI.US,D,20250911,000000,1.85,2.0333,1.8,1.87,17459,0
PFAI.US,D,20250912,000000,1.8,2.0282,1.78,1.82,27508,0
PFAI.US,D,20250915,000000,1.79,1.95,1.7601,1.95,13138,0
PFAI.US,D,20250916,000000,1.88,1.9601,1.88,1.96,9315,0
PFAI.US,D,20250917,000000,1.98,1.98,1.84,1.87,6166,0
PFAI.US,D,20250918,000000,1.87,1.9794,1.78,1.9794,6130,0
PFAI.US,D,20250919,000000,1.91,1.98,1.8,1.98,32284,0
PFAI.US,D,20250922,000000,1.96,2.0651,1.88,2,28377,0
PFAI.US,D,20250923,000000,1.9542,2.0487,1.9542,1.98,16062,0
PFAI.US,D,20250924,000000,2.0287,2.0287,1.9015,1.91,12067,0
PFAI.US,D,20250925,000000,1.915,1.9982,1.84,1.9894,5019,0
PFAI.US,D,20250926,000000,1.91,1.9781,1.91,1.9781,2886,0
PFAI.US,D,20250929,000000,1.92,1.98,1.85,1.91,8171,0
PFAI.US,D,20250930,000000,1.91,1.96,1.89,1.95,7096,0
PFAI.US,D,20251001,000000,1.8591,1.9499,1.8591,1.9499,8923,0
PFAI.US,D,20251002,000000,1.94,1.949,1.8604,1.92,7342,0
PFAI.US,D,20251003,000000,1.94,1.9482,1.9,1.9482,6910,0
PFAI.US,D,20251006,000000,1.94,2.0299,1.89,2.0299,9512,0
PFAI.US,D,20251007,000000,2.02,2.02,1.9,1.9192,3838,0
PFAI.US,D,20251008,000000,1.97,1.97,1.9201,1.945,5860,0
PFAI.US,D,20251009,000000,2.03,2.03,1.92,1.92,11901,0
PFAI.US,D,20251010,000000,2.0275,2.0275,1.9201,1.9201,12558,0
PFAI.US,D,20251013,000000,2.04,2.04,1.945,1.99,5919,0
PFAI.US,D,20251014,000000,1.92,1.97,1.9,1.91,2006368,0
PFAI.US,D,20251015,000000,3.43,4.93,3.01,4.57,63248700,0
PFAI.US,D,20251016,000000,3.26,4.1,3.21,3.55,1040228,0
PFAI.US,D,20251017,000000,3.02,3.83,3.02,3.62,254281,0
PFAI.US,D,20251020,000000,3.62,4.36,3.62,3.81,327445,0
PFAI.US,D,20251021,000000,3.76,4.02,3.38,3.38,155477,0
PFAI.US,D,20251022,000000,3.26,3.58,3.09,3.09,82920,0
PFAI.US,D,20251023,000000,3.06,3.2678,3,3.01,48575,0
PFAI.US,D,20251024,000000,3,3.08,2.83,2.93,40591,0
PFAI.US,D,20251027,000000,2.89,2.95,2.82,2.84,13310,0
PFAI.US,D,20251028,000000,2.8,2.8564,2.8,2.82,13228,0
PFAI.US,D,20251029,000000,2.76,2.83,2.7349,2.8,29957,0
PFAI.US,D,20251030,000000,2.74,2.875,2.71,2.75,12533,0
PFAI.US,D,20251031,000000,2.7,2.8,2.5015,2.66,23933,0
PFAI.US,D,20251103,000000,2.61,2.816,2.61,2.72,24052,0
PFAI.US,D,20251104,000000,2.63,2.76,2.63,2.7,5476,0
PFAI.US,D,20251105,000000,2.65,2.6889,2.59,2.68,9306,0
