<TICKER>,<PER>,<DATE>,<TIME>,<OPEN>,<HIGH>,<LOW>,<CLOSE>,<VOL>,<OPENINT>
SVIIF.US,D,20221031,000000,10.05,10.06,10.01,10.05,201532,0
SVIIF.US,D,20221101,000000,10.07,10.08,10.0493,10.05,48091,0
SVIIF.US,D,20221102,000000,10.065,10.07,10.06,10.06,652334,0
SVIIF.US,D,20221103,000000,10.06,10.07,10.04,10.05,272794,0
SVIIF.US,D,20221104,000000,10.09,10.1,10.07,10.1,2412,0
SVIIF.US,D,20221107,000000,10.11,10.12,10.09,10.09,45647,0
SVIIF.US,D,20221108,000000,10.09,10.09,10.06,10.08,104995,0
SVIIF.US,D,20221109,000000,10.08,10.1,10.08,10.095,359098,0
SVIIF.US,D,20221110,000000,10.1,10.11,10.1,10.11,17316,0
SVIIF.US,D,20221115,000000,10.13,10.13,10.11,10.11,406,0
SVIIF.US,D,20221116,000000,10.15,10.15,10.13,10.13,12387,0
SVIIF.US,D,20221117,000000,10.12,10.12,10.12,10.12,5523,0
SVIIF.US,D,20221121,000000,10.12,10.12,10.12,10.12,228,0
SVIIF.US,D,20221122,000000,10.1,10.1,10.1,10.1,501,0
SVIIF.US,D,20221123,000000,10.122,10.122,10.122,10.122,118,0
SVIIF.US,D,20221125,000000,10.13,10.13,10.13,10.13,20663,0
SVIIF.US,D,20221128,000000,10.14,10.14,10.14,10.14,531,0
SVIIF.US,D,20221202,000000,10.08,10.08,10.08,10.08,37000,0
SVIIF.US,D,20221205,000000,10.08,10.11,10.08,10.08,4831,0
SVIIF.US,D,20221206,000000,10.08,10.46,10.08,10.09,43062,0
SVIIF.US,D,20221207,000000,10.11,10.11,10.11,10.11,88472,0
SVIIF.US,D,20221209,000000,10.1,10.11,10.1,10.11,19913,0
SVIIF.US,D,20221212,000000,10.14,10.18,10.11,10.13,213104,0
SVIIF.US,D,20221213,000000,10.15,10.16,10.12,10.13,357821,0
SVIIF.US,D,20221214,000000,10.12,10.15,10.12,10.12,52550,0
SVIIF.US,D,20221216,000000,10.12,10.13,10.12,10.12,32412,0
SVIIF.US,D,20221219,000000,10.12,10.12,10.12,10.12,30043,0
SVIIF.US,D,20221220,000000,10.12,10.15,10.12,10.14,7414,0
SVIIF.US,D,20221221,000000,10.13,10.57,10.13,10.13,84618,0
SVIIF.US,D,20221222,000000,10.13,10.13,10.13,10.13,106,0
SVIIF.US,D,20221223,000000,10.17,10.17,10.13,10.1382,506,0
SVIIF.US,D,20221227,000000,10.28,10.31,10.13,10.14,34356,0
SVIIF.US,D,20221228,000000,10.14,10.14,10.13,10.13,18203,0
SVIIF.US,D,20221229,000000,10.1381,10.37,10.12,10.268,40687,0
SVIIF.US,D,20221230,000000,10.28,10.57,10.13,10.13,31581,0
SVIIF.US,D,20230103,000000,10.13,10.6,10.12,10.17,15963,0
SVIIF.US,D,20230104,000000,10.65,10.65,10.15,10.15,7455,0
SVIIF.US,D,20230105,000000,10.15,10.2,10.15,10.16,29590,0
SVIIF.US,D,20230106,000000,10.2,10.2,10.16,10.16,1563,0
SVIIF.US,D,20230109,000000,10.2,10.79,10.1893,10.2,26276,0
SVIIF.US,D,20230110,000000,10.16,10.36,10.13,10.1808,51917,0
SVIIF.US,D,20230111,000000,10.17,10.27,10.16,10.205,213609,0
SVIIF.US,D,20230112,000000,10.18,10.58,10.18,10.242,54612,0
SVIIF.US,D,20230113,000000,10.25,10.59,10.16,10.19,24760,0
SVIIF.US,D,20230117,000000,10.19,10.53,10.175,10.2,61349,0
SVIIF.US,D,20230118,000000,10.25,10.25,10.19,10.205,37556,0
SVIIF.US,D,20230119,000000,10.34,10.34,10.185,10.215,4019,0
SVIIF.US,D,20230120,000000,10.19,10.225,10.19,10.225,67827,0
SVIIF.US,D,20230123,000000,10.22,10.22,10.2,10.2,30082,0
SVIIF.US,D,20230124,000000,10.29,10.36,10.2097,10.21,27039,0
SVIIF.US,D,20230125,000000,10.2439,10.2439,10.2439,10.2439,653,0
SVIIF.US,D,20230126,000000,10.27,10.27,10.26,10.26,5341,0
SVIIF.US,D,20230127,000000,10.245,10.245,10.245,10.245,110,0
SVIIF.US,D,20230130,000000,10.23,10.23,10.23,10.23,1218,0
SVIIF.US,D,20230131,000000,10.23,10.24,10.22,10.22,14549,0
SVIIF.US,D,20230201,000000,10.23,10.23,10.22,10.23,11908,0
SVIIF.US,D,20230202,000000,10.5,10.74,10.23,10.25,4832,0
SVIIF.US,D,20230203,000000,10.23,10.23,10.23,10.23,465,0
SVIIF.US,D,20230206,000000,10.25,10.25,10.25,10.25,4903,0
SVIIF.US,D,20230207,000000,10.28,10.28,10.23,10.24,5552,0
SVIIF.US,D,20230208,000000,10.45,10.45,10.24,10.255,3481,0
SVIIF.US,D,20230210,000000,10.25,10.25,10.25,10.25,309,0
SVIIF.US,D,20230213,000000,10.24,10.28,10.24,10.28,10684,0
SVIIF.US,D,20230215,000000,10.3,10.3,10.3,10.3,1763,0
SVIIF.US,D,20230217,000000,10.3,10.31,10.3,10.31,994,0
SVIIF.US,D,20230221,000000,10.43,10.44,10.35,10.42,4667,0
SVIIF.US,D,20230227,000000,10.37,10.41,10.37,10.41,1533,0
SVIIF.US,D,20230228,000000,10.355,10.355,10.355,10.355,25901,0
SVIIF.US,D,20230302,000000,10.335,10.335,10.335,10.335,16681,0
SVIIF.US,D,20230307,000000,10.36,10.36,10.36,10.36,106000,0
SVIIF.US,D,20230308,000000,10.35,10.35,10.33,10.33,8240,0
SVIIF.US,D,20230309,000000,10.33,10.36,10.33,10.36,725101,0
SVIIF.US,D,20230310,000000,10.36,10.36,10.345,10.345,3879,0
SVIIF.US,D,20230313,000000,10.34,10.38,10.27,10.3,4404853,0
SVIIF.US,D,20230314,000000,10.31,10.31,10.3,10.31,114426,0
SVIIF.US,D,20230315,000000,10.32,10.33,10.32,10.32,34312,0
SVIIF.US,D,20230316,000000,10.33,10.33,10.325,10.33,6605,0
SVIIF.US,D,20230320,000000,10.34,10.34,10.32,10.32,262032,0
SVIIF.US,D,20230321,000000,10.33,10.35,10.33,10.34,686881,0
SVIIF.US,D,20230322,000000,10.35,10.35,10.33,10.33,224118,0
SVIIF.US,D,20230323,000000,10.36,10.36,10.35,10.35,548389,0
SVIIF.US,D,20230324,000000,10.335,10.336,10.33,10.33,502,0
SVIIF.US,D,20230327,000000,10.33,10.33,10.33,10.33,9009,0
SVIIF.US,D,20230328,000000,10.34,10.35,10.34,10.35,300747,0
SVIIF.US,D,20230329,000000,10.3425,10.3425,10.3425,10.3425,501150,0
SVIIF.US,D,20230330,000000,10.35,10.35,10.35,10.35,455,0
SVIIF.US,D,20230331,000000,10.3499,10.3499,10.34,10.34,1362,0
SVIIF.US,D,20230404,000000,10.35,10.37,10.35,10.36,100601,0
SVIIF.US,D,20230405,000000,10.36,10.38,10.34,10.36,155394,0
SVIIF.US,D,20230406,000000,10.38,10.38,10.36,10.365,264747,0
SVIIF.US,D,20230410,000000,10.42,10.42,10.36,10.38,67094,0
SVIIF.US,D,20230411,000000,10.395,10.4,10.39,10.39,77361,0
SVIIF.US,D,20230412,000000,10.415,10.42,10.41,10.41,161266,0
SVIIF.US,D,20230413,000000,10.425,10.43,10.41,10.42,40495,0
SVIIF.US,D,20230414,000000,10.4182,10.425,10.41,10.41,257732,0
SVIIF.US,D,20230417,000000,10.43,10.43,10.41,10.41,152118,0
SVIIF.US,D,20230418,000000,10.42,10.43,10.4101,10.43,46878,0
SVIIF.US,D,20230419,000000,10.4214,10.43,10.42,10.43,41618,0
SVIIF.US,D,20230420,000000,10.4126,10.4126,10.4126,10.4126,1015,0
SVIIF.US,D,20230421,000000,10.42,10.43,10.42,10.42,16405,0
SVIIF.US,D,20230424,000000,10.43,10.43,10.41,10.43,14384,0
SVIIF.US,D,20230425,000000,10.41,10.41,10.41,10.41,117,0
SVIIF.US,D,20230426,000000,10.43,10.43,10.41,10.41,15394,0
SVIIF.US,D,20230427,000000,10.42,10.43,10.42,10.4299,480233,0
SVIIF.US,D,20230428,000000,10.42,10.42,10.42,10.42,220,0
SVIIF.US,D,20230501,000000,10.42,10.44,10.42,10.43,103992,0
SVIIF.US,D,20230502,000000,10.43,10.44,10.43,10.44,170260,0
SVIIF.US,D,20230503,000000,10.44,10.44,10.44,10.44,2410,0
SVIIF.US,D,20230505,000000,10.45,10.45,10.45,10.45,14703,0
SVIIF.US,D,20230508,000000,10.436,10.46,10.436,10.46,30007,0
SVIIF.US,D,20230510,000000,10.455,10.46,10.455,10.46,1201,0
SVIIF.US,D,20230511,000000,10.46,10.47,10.46,10.465,41634,0
SVIIF.US,D,20230512,000000,10.4601,10.49,10.4601,10.48,106308,0
SVIIF.US,D,20230515,000000,10.48,10.48,10.48,10.48,103,0
SVIIF.US,D,20230516,000000,10.45,10.45,10.45,10.45,287,0
SVIIF.US,D,20230518,000000,10.46,10.48,10.46,10.47,70586,0
SVIIF.US,D,20230519,000000,10.48,10.48,10.47,10.47,1847,0
SVIIF.US,D,20230522,000000,10.47,10.48,10.47,10.48,230710,0
SVIIF.US,D,20230523,000000,10.5,10.5,10.49,10.49,1289,0
SVIIF.US,D,20230524,000000,10.48,10.48,10.48,10.48,155129,0
SVIIF.US,D,20230525,000000,10.49,10.5,10.483,10.5,281243,0
SVIIF.US,D,20230526,000000,10.4985,10.5,10.49,10.49,152206,0
SVIIF.US,D,20230530,000000,10.5,10.51,10.5,10.51,153910,0
SVIIF.US,D,20230531,000000,10.55,10.55,10.5,10.5,461,0
SVIIF.US,D,20230601,000000,10.51,10.52,10.5,10.5,103143,0
SVIIF.US,D,20230602,000000,10.51,10.52,10.51,10.52,400,0
SVIIF.US,D,20230605,000000,10.505,10.52,10.5,10.51,24887,0
SVIIF.US,D,20230606,000000,10.52,10.52,10.52,10.52,831,0
SVIIF.US,D,20230607,000000,10.53,10.53,10.5,10.5,716,0
SVIIF.US,D,20230608,000000,10.51,10.52,10.51,10.52,1381,0
SVIIF.US,D,20230609,000000,10.51,10.51,10.51,10.51,136,0
SVIIF.US,D,20230612,000000,10.52,10.52,10.5,10.5,56300,0
SVIIF.US,D,20230613,000000,10.5002,10.5002,10.5002,10.5002,427,0
SVIIF.US,D,20230614,000000,10.5,10.52,10.5,10.52,1664,0
SVIIF.US,D,20230615,000000,10.51,10.51,10.51,10.51,4353,0
SVIIF.US,D,20230616,000000,10.51,10.51,10.5,10.5,2996,0
SVIIF.US,D,20230620,000000,10.51,10.515,10.51,10.515,250522,0
SVIIF.US,D,20230621,000000,10.52,10.521,10.515,10.521,13876,0
SVIIF.US,D,20230622,000000,10.525,10.53,10.52,10.53,5062,0
SVIIF.US,D,20230626,000000,10.53,10.54,10.53,10.53,22268,0
SVIIF.US,D,20230628,000000,10.55,10.55,10.55,10.55,2655,0
SVIIF.US,D,20230703,000000,10.57,10.57,10.57,10.57,101,0
SVIIF.US,D,20230706,000000,10.56,10.57,10.56,10.56,23451,0
SVIIF.US,D,20230707,000000,10.56,10.58,10.56,10.58,200139,0
SVIIF.US,D,20230710,000000,10.57,10.57,10.57,10.57,53545,0
SVIIF.US,D,20230711,000000,10.57,10.58,10.57,10.57,24685,0
SVIIF.US,D,20230712,000000,10.575,10.575,10.57,10.575,24591,0
SVIIF.US,D,20230713,000000,10.575,10.575,10.57,10.575,37199,0
SVIIF.US,D,20230714,000000,10.575,10.575,10.57,10.575,3883,0
SVIIF.US,D,20230717,000000,10.575,10.575,10.57,10.57,37872,0
SVIIF.US,D,20230719,000000,10.57,10.57,10.57,10.57,101,0
SVIIF.US,D,20230720,000000,10.575,10.575,10.57,10.575,8932,0
SVIIF.US,D,20230721,000000,10.575,10.575,10.57,10.57,1321,0
SVIIF.US,D,20230726,000000,10.575,10.59,10.575,10.58,33463,0
SVIIF.US,D,20230727,000000,10.585,10.595,10.585,10.595,10439,0
SVIIF.US,D,20230731,000000,10.59,10.59,10.59,10.59,226,0
SVIIF.US,D,20230801,000000,10.59,10.59,10.59,10.59,16101,0
SVIIF.US,D,20230802,000000,10.59,10.59,10.59,10.59,58911,0
SVIIF.US,D,20230803,000000,10.6,10.6,10.6,10.6,13511,0
SVIIF.US,D,20230804,000000,10.606,10.606,10.606,10.606,1513,0
SVIIF.US,D,20230810,000000,10.6,10.6,10.6,10.6,3041,0
SVIIF.US,D,20230811,000000,10.6001,10.6134,10.6,10.6134,1121,0
SVIIF.US,D,20230815,000000,10.6292,10.6292,10.6292,10.6292,100,0
SVIIF.US,D,20230816,000000,10.6,10.62,10.6,10.62,500,0
SVIIF.US,D,20230817,000000,10.62,10.62,10.6,10.6,8126,0
SVIIF.US,D,20230818,000000,10.61,10.61,10.61,10.61,15016,0
SVIIF.US,D,20230821,000000,10.61,10.65,10.61,10.63,73022,0
SVIIF.US,D,20230822,000000,10.66,10.66,10.645,10.645,2528,0
SVIIF.US,D,20230828,000000,10.6571,10.6571,10.64,10.65,222207,0
SVIIF.US,D,20230829,000000,10.65,10.65,10.65,10.65,1719,0
SVIIF.US,D,20230901,000000,10.66,10.66,10.66,10.66,100,0
SVIIF.US,D,20230905,000000,10.66,10.67,10.65,10.67,11895,0
SVIIF.US,D,20230911,000000,10.67,10.67,10.66,10.66,2050,0
SVIIF.US,D,20230912,000000,10.6501,10.66,10.6501,10.66,2788,0
SVIIF.US,D,20230913,000000,10.67,10.67,10.67,10.67,856,0
SVIIF.US,D,20230915,000000,10.68,10.68,10.67,10.67,3371,0
SVIIF.US,D,20230918,000000,10.6832,10.6832,10.6832,10.6832,974,0
SVIIF.US,D,20230919,000000,10.68,10.7,10.68,10.6968,2730,0
SVIIF.US,D,20230920,000000,10.6952,10.72,10.6952,10.72,4974,0
SVIIF.US,D,20230926,000000,10.72,10.72,10.72,10.72,6220,0
SVIIF.US,D,20230929,000000,10.76,10.76,10.76,10.76,403,0
SVIIF.US,D,20231003,000000,10.72,10.74,10.72,10.74,141004,0
SVIIF.US,D,20231004,000000,10.72,10.74,10.72,10.74,655767,0
SVIIF.US,D,20231009,000000,10.72,10.729,10.72,10.729,446,0
SVIIF.US,D,20231012,000000,10.72,10.74,10.72,10.72,10608,0
SVIIF.US,D,20231018,000000,10.7244,10.7244,10.7244,10.7244,100,0
SVIIF.US,D,20231019,000000,10.74,10.74,10.74,10.74,201,0
SVIIF.US,D,20231020,000000,10.72,10.74,10.72,10.74,30201,0
SVIIF.US,D,20231023,000000,10.75,10.75,10.75,10.75,214,0
SVIIF.US,D,20231024,000000,10.73,10.74,10.725,10.73,13851,0
SVIIF.US,D,20231026,000000,10.73,10.73,10.72,10.73,17018,0
SVIIF.US,D,20231027,000000,10.73,10.77,10.72,10.74,474256,0
SVIIF.US,D,20231030,000000,10.75,10.75,10.75,10.75,50100,0
SVIIF.US,D,20231031,000000,10.75,10.75,10.73,10.74,130376,0
SVIIF.US,D,20231103,000000,10.74,10.75,10.74,10.74,159480,0
SVIIF.US,D,20231107,000000,10.75,10.75,10.75,10.75,3100,0
SVIIF.US,D,20231109,000000,10.75,10.75,10.75,10.75,13852,0
SVIIF.US,D,20231113,000000,10.76,10.77,10.76,10.77,59450,0
SVIIF.US,D,20231114,000000,10.76,10.78,10.76,10.76,30254,0
SVIIF.US,D,20231115,000000,10.77,10.78,10.77,10.77,69605,0
SVIIF.US,D,20231120,000000,10.789,10.789,10.77,10.78,1857,0
SVIIF.US,D,20231121,000000,10.78,10.78,10.78,10.78,5056,0
SVIIF.US,D,20231122,000000,10.785,10.79,10.78,10.78,212619,0
SVIIF.US,D,20231127,000000,10.78,10.79,10.78,10.785,238003,0
SVIIF.US,D,20231128,000000,10.78,10.79,10.78,10.78,52459,0
SVIIF.US,D,20231129,000000,10.78,10.7889,10.78,10.78,99534,0
SVIIF.US,D,20231130,000000,10.79,10.79,10.78,10.7801,85904,0
SVIIF.US,D,20231201,000000,10.7803,10.79,10.78,10.79,201080,0
SVIIF.US,D,20231204,000000,10.78,10.79,10.78,10.78,144284,0
SVIIF.US,D,20231205,000000,10.79,10.79,10.78,10.785,982167,0
SVIIF.US,D,20231206,000000,10.79,10.79,10.78,10.78,37488,0
SVIIF.US,D,20231207,000000,10.79,10.8,10.78,10.78,485299,0
SVIIF.US,D,20231208,000000,10.78,10.8,10.78,10.79,105698,0
SVIIF.US,D,20231211,000000,10.79,10.79,10.78,10.79,23292,0
SVIIF.US,D,20231212,000000,10.79,10.8001,10.78,10.8001,304438,0
SVIIF.US,D,20231213,000000,10.8,10.8,10.8,10.8,5149,0
SVIIF.US,D,20231214,000000,10.8,10.81,10.79,10.81,26278,0
SVIIF.US,D,20231218,000000,10.79,10.8,10.79,10.8,2155,0
SVIIF.US,D,20231219,000000,10.8,10.8,10.8,10.8,951,0
SVIIF.US,D,20231220,000000,10.8,10.8,10.8,10.8,811,0
SVIIF.US,D,20231221,000000,10.8,10.8,10.8,10.8,6400,0
SVIIF.US,D,20231222,000000,10.82,10.82,10.82,10.82,436,0
SVIIF.US,D,20231226,000000,10.81,10.82,10.81,10.8131,5623,0
SVIIF.US,D,20231227,000000,10.81,10.82,10.81,10.815,34566,0
SVIIF.US,D,20231228,000000,10.8194,10.82,10.81,10.81,994,0
SVIIF.US,D,20231229,000000,10.85,10.85,10.81,10.81,2218,0
SVIIF.US,D,20240102,000000,10.85,10.85,10.84,10.8437,1477384,0
SVIIF.US,D,20240103,000000,10.84,10.8401,10.84,10.8401,7107,0
SVIIF.US,D,20240104,000000,10.84,10.85,10.83,10.84,3379438,0
SVIIF.US,D,20240105,000000,10.84,10.85,10.83,10.83,474208,0
SVIIF.US,D,20240108,000000,10.83,10.85,10.83,10.85,3153,0
SVIIF.US,D,20240109,000000,10.87,10.87,10.85,10.86,3739037,0
SVIIF.US,D,20240110,000000,10.86,10.87,10.86,10.87,420728,0
SVIIF.US,D,20240111,000000,10.86,10.87,10.86,10.86,47120,0
SVIIF.US,D,20240112,000000,10.87,10.87,10.86,10.865,82918,0
SVIIF.US,D,20240116,000000,10.87,10.88,10.86,10.88,68577,0
SVIIF.US,D,20240117,000000,10.87,10.88,10.87,10.88,38066,0
SVIIF.US,D,20240118,000000,10.86,10.875,10.86,10.87,989219,0
SVIIF.US,D,20240119,000000,10.86,10.87,10.86,10.865,28209,0
SVIIF.US,D,20240122,000000,10.86,10.87,10.86,10.87,10323,0
SVIIF.US,D,20240123,000000,10.87,10.88,10.87,10.88,29396,0
SVIIF.US,D,20240124,000000,10.87,10.88,10.87,10.88,118378,0
SVIIF.US,D,20240125,000000,10.87,10.88,10.87,10.875,8486,0
SVIIF.US,D,20240126,000000,10.87,10.88,10.87,10.875,40496,0
SVIIF.US,D,20240129,000000,10.87,10.88,10.87,10.875,13974,0
SVIIF.US,D,20240130,000000,10.87,10.885,10.87,10.88,28723,0
SVIIF.US,D,20240131,000000,10.87,10.885,10.87,10.88,224238,0
SVIIF.US,D,20240201,000000,10.88,10.89,10.88,10.89,46618,0
SVIIF.US,D,20240202,000000,10.89,10.89,10.88,10.88,127142,0
SVIIF.US,D,20240205,000000,10.89,10.895,10.88,10.88,103332,0
SVIIF.US,D,20240206,000000,10.89,10.9,10.89,10.9,201268,0
SVIIF.US,D,20240207,000000,10.89,10.92,10.8836,10.92,87710,0
SVIIF.US,D,20240208,000000,10.91,10.92,10.91,10.91,929,0
SVIIF.US,D,20240209,000000,10.91,10.91,10.91,10.91,1211,0
SVIIF.US,D,20240212,000000,10.885,10.93,10.885,10.93,6679,0
SVIIF.US,D,20240213,000000,10.94,10.94,10.8921,10.91,101555,0
SVIIF.US,D,20240214,000000,10.92,10.92,10.905,10.91,24623,0
SVIIF.US,D,20240215,000000,10.91,10.92,10.91,10.92,56601,0
SVIIF.US,D,20240216,000000,10.905,10.91,10.9045,10.91,132497,0
SVIIF.US,D,20240220,000000,10.91,10.92,10.91,10.915,274298,0
SVIIF.US,D,20240222,000000,10.93,10.93,10.925,10.925,1150,0
SVIIF.US,D,20240223,000000,10.9129,10.9129,10.9129,10.9129,594,0
SVIIF.US,D,20240226,000000,10.92,10.92,10.91,10.91,7339,0
SVIIF.US,D,20240227,000000,10.91,10.93,10.91,10.93,621,0
SVIIF.US,D,20240228,000000,10.9101,10.92,10.91,10.92,4660,0
SVIIF.US,D,20240229,000000,10.95,10.95,10.91,10.95,8735,0
SVIIF.US,D,20240301,000000,10.94,10.95,10.93,10.93,26621,0
SVIIF.US,D,20240304,000000,10.97,10.97,10.945,10.95,855,0
SVIIF.US,D,20240306,000000,10.94,10.94,10.9303,10.9303,1322,0
SVIIF.US,D,20240307,000000,10.9497,10.9497,10.9497,10.9497,762,0
SVIIF.US,D,20240308,000000,10.97,10.97,10.9294,10.93,1894,0
SVIIF.US,D,20240311,000000,10.92,10.92,10.92,10.92,343,0
SVIIF.US,D,20240312,000000,10.93,10.93,10.93,10.93,713,0
SVIIF.US,D,20240313,000000,10.935,10.935,10.92,10.92,2381,0
SVIIF.US,D,20240318,000000,10.96,10.97,10.93,10.97,4213,0
SVIIF.US,D,20240319,000000,10.94,10.965,10.94,10.965,3612,0
SVIIF.US,D,20240320,000000,10.97,10.97,10.97,10.97,103360,0
SVIIF.US,D,20240321,000000,10.97,10.97,10.96,10.96,10259,0
SVIIF.US,D,20240322,000000,10.97,10.97,10.965,10.97,2280,0
SVIIF.US,D,20240325,000000,10.96,10.96,10.96,10.96,900,0
SVIIF.US,D,20240326,000000,10.97,10.97,10.96,10.97,10284,0
SVIIF.US,D,20240327,000000,10.98,10.982,10.98,10.98,154873,0
SVIIF.US,D,20240328,000000,10.98,10.99,10.98,10.99,1981,0
SVIIF.US,D,20240401,000000,10.98,10.98,10.97,10.97,1027,0
SVIIF.US,D,20240402,000000,10.97,10.99,10.97,10.97,6340,0
SVIIF.US,D,20240403,000000,10.985,10.985,10.98,10.98,3409,0
SVIIF.US,D,20240405,000000,10.98,10.9997,10.98,10.99,4214,0
SVIIF.US,D,20240408,000000,10.99,11,10.99,11,9480,0
SVIIF.US,D,20240409,000000,11,11.0001,11,11,5826,0
SVIIF.US,D,20240410,000000,11.005,11.005,11,11.005,12286,0
SVIIF.US,D,20240411,000000,11.005,11.005,11.005,11.005,303,0
SVIIF.US,D,20240412,000000,11.01,11.015,11.005,11.015,72592,0
SVIIF.US,D,20240415,000000,11.0028,11.015,11.0028,11.015,16896,0
SVIIF.US,D,20240416,000000,11.0188,11.03,11.0101,11.03,34257,0
SVIIF.US,D,20240417,000000,11.03,11.03,11.03,11.03,509,0
SVIIF.US,D,20240418,000000,11.02,11.025,11.02,11.025,4472,0
SVIIF.US,D,20240419,000000,11.0132,11.02,11.01,11.01,5395,0
SVIIF.US,D,20240422,000000,11.01,11.025,11.01,11.02,6958,0
SVIIF.US,D,20240423,000000,11.03,11.04,11.02,11.03,132024,0
SVIIF.US,D,20240424,000000,11.03,11.03,11.03,11.03,10634,0
SVIIF.US,D,20240425,000000,11.03,11.03,11.03,11.03,3457,0
SVIIF.US,D,20240426,000000,11.02,11.02,11.02,11.02,173,0
SVIIF.US,D,20240429,000000,11.035,11.035,11.02,11.02,2434,0
SVIIF.US,D,20240430,000000,11.0358,11.05,11.03,11.05,3654,0
SVIIF.US,D,20240501,000000,11.03,11.0354,11.03,11.03,2645,0
SVIIF.US,D,20240503,000000,11.03,11.05,11.03,11.05,555,0
SVIIF.US,D,20240506,000000,11.03,11.04,11.03,11.04,487,0
SVIIF.US,D,20240507,000000,11.04,11.04,11.03,11.03,10128,0
SVIIF.US,D,20240508,000000,11.03,11.04,11.03,11.04,6755,0
SVIIF.US,D,20240509,000000,11.04,11.04,11.03,11.03,2259,0
SVIIF.US,D,20240510,000000,11.04,11.05,11.04,11.045,43166,0
SVIIF.US,D,20240513,000000,11.05,11.05,11.04,11.04,105528,0
SVIIF.US,D,20240514,000000,11.051,11.051,11.051,11.051,551,0
SVIIF.US,D,20240515,000000,11.05,11.0501,11.05,11.05,2526,0
SVIIF.US,D,20240516,000000,11.051,11.051,11.051,11.051,558,0
SVIIF.US,D,20240517,000000,11.04,11.05,11.04,11.05,2101,0
SVIIF.US,D,20240520,000000,11.05,11.06,11.05,11.06,4634,0
SVIIF.US,D,20240521,000000,11.075,11.08,11.07,11.075,6878,0
SVIIF.US,D,20240522,000000,11.09,11.1,11.08,11.09,7242,0
SVIIF.US,D,20240523,000000,11.0504,11.09,11.0504,11.0801,5990,0
SVIIF.US,D,20240524,000000,11.12,11.12,11.08,11.08,14411,0
SVIIF.US,D,20240528,000000,11.13,11.13,11.09,11.09,100366,0
SVIIF.US,D,20240530,000000,11.1,11.1,11.1,11.1,4671,0
SVIIF.US,D,20240531,000000,11.1,11.1,11.1,11.1,28812,0
SVIIF.US,D,20240603,000000,11.12,11.12,11.1,11.11,206385,0
SVIIF.US,D,20240604,000000,11.11,11.12,11.1,11.11,424454,0
SVIIF.US,D,20240605,000000,11.125,11.125,11.11,11.11,2418,0
SVIIF.US,D,20240606,000000,11.11,11.11,11.11,11.11,90283,0
SVIIF.US,D,20240607,000000,11.125,11.125,11.11,11.11,7037,0
SVIIF.US,D,20240610,000000,11.11,11.1133,11.11,11.1133,3015,0
SVIIF.US,D,20240611,000000,11.11,11.11,11.11,11.11,306,0
SVIIF.US,D,20240612,000000,11.12,11.12,11.11,11.11,1215,0
SVIIF.US,D,20240613,000000,11.11,11.13,11.11,11.12,315781,0
SVIIF.US,D,20240614,000000,11.12,11.12,11.12,11.12,3055,0
SVIIF.US,D,20240617,000000,11.12,11.12,11.11,11.115,4145,0
SVIIF.US,D,20240618,000000,11.12,11.12,11.12,11.12,5162,0
SVIIF.US,D,20240621,000000,11.12,11.12,11.12,11.12,10014,0
SVIIF.US,D,20240624,000000,11.12,11.12,11.12,11.12,60031,0
SVIIF.US,D,20240625,000000,11.13,11.13,11.12,11.13,4656,0
SVIIF.US,D,20240626,000000,11.13,11.14,11.13,11.14,2781,0
SVIIF.US,D,20240627,000000,11.14,11.14,11.12,11.12,606116,0
SVIIF.US,D,20240628,000000,11.12,11.12,11.12,11.12,2510,0
SVIIF.US,D,20240701,000000,11.1237,11.1237,11.1237,11.1237,918,0
SVIIF.US,D,20240702,000000,11.13,11.14,11.13,11.13,232561,0
SVIIF.US,D,20240708,000000,11.15,11.15,11.12,11.13,2851,0
SVIIF.US,D,20240709,000000,11.15,11.15,11.15,11.15,285,0
SVIIF.US,D,20240710,000000,11.12,11.16,11.12,11.1534,3023,0
SVIIF.US,D,20240711,000000,11.12,11.15,11.12,11.13,1790,0
SVIIF.US,D,20240712,000000,11.111,11.17,11.11,11.16,6812,0
SVIIF.US,D,20240717,000000,11.15,11.15,11.15,11.15,544,0
SVIIF.US,D,20240723,000000,11.12,11.12,11.12,11.12,1241,0
SVIIF.US,D,20240726,000000,11.07,11.14,11.06,11.14,3776,0
SVIIF.US,D,20240729,000000,11.1797,11.1797,11.13,11.13,701,0
SVIIF.US,D,20240730,000000,11.15,11.15,11.15,11.15,250013,0
SVIIF.US,D,20240731,000000,11.15,11.15,11.15,11.15,1043,0
SVIIF.US,D,20240801,000000,11.1301,11.145,11.1301,11.145,520,0
SVIIF.US,D,20240802,000000,11.15,11.15,11.15,11.15,724,0
SVIIF.US,D,20240806,000000,11.16,11.16,11.16,11.16,1006,0
SVIIF.US,D,20240807,000000,11.17,11.17,11.17,11.17,416270,0
SVIIF.US,D,20240808,000000,11.17,11.17,11.17,11.17,250220,0
SVIIF.US,D,20240812,000000,11.17,11.17,11.17,11.17,572,0
SVIIF.US,D,20240813,000000,11.12,11.17,11.12,11.16,2804,0
SVIIF.US,D,20240814,000000,11.15,11.15,11.15,11.15,240,0
SVIIF.US,D,20240815,000000,11.16,11.16,11.16,11.16,739,0
SVIIF.US,D,20240816,000000,11.17,11.18,11.17,11.18,350,0
SVIIF.US,D,20240820,000000,11.16,11.16,11.16,11.16,216,0
SVIIF.US,D,20240821,000000,11.196,11.196,11.196,11.196,492,0
SVIIF.US,D,20240822,000000,11.17,11.2484,11.17,11.2484,2029,0
SVIIF.US,D,20240823,000000,11.18,11.19,11.17,11.19,782738,0
SVIIF.US,D,20240826,000000,11.25,11.25,11.17,11.17,778,0
SVIIF.US,D,20240827,000000,11.18,11.18,11.16,11.16,923,0
SVIIF.US,D,20240828,000000,11.18,11.18,11.16,11.16,150818,0
SVIIF.US,D,20240829,000000,11.16,11.16,11.16,11.16,510,0
SVIIF.US,D,20240903,000000,11.16,11.16,11.16,11.16,4381,0
SVIIF.US,D,20240904,000000,11.2,11.2,11.2,11.2,1204,0
SVIIF.US,D,20240905,000000,11.16,11.2,11.16,11.2,280283,0
SVIIF.US,D,20240906,000000,11.21,11.21,11.2,11.205,579644,0
SVIIF.US,D,20240909,000000,11.21,11.21,11.21,11.21,633,0
SVIIF.US,D,20240910,000000,11.2,11.215,11.2,11.215,101020,0
SVIIF.US,D,20240911,000000,11.21,11.21,11.21,11.21,491,0
SVIIF.US,D,20240912,000000,11.21,11.21,11.21,11.21,19297,0
SVIIF.US,D,20240913,000000,11.225,11.225,11.2167,11.2167,517,0
SVIIF.US,D,20240917,000000,11.201,11.2199,11.201,11.2199,3503,0
SVIIF.US,D,20240918,000000,11.21,11.23,11.21,11.23,3914,0
SVIIF.US,D,20240923,000000,11.23,11.23,11.23,11.23,1007,0
SVIIF.US,D,20240924,000000,11.22,11.24,11.22,11.24,1490,0
SVIIF.US,D,20240925,000000,11.23,11.24,11.2201,11.24,1366,0
SVIIF.US,D,20240926,000000,11.23,11.2333,11.23,11.2333,3516,0
SVIIF.US,D,20241001,000000,11.24,11.29,11.24,11.29,35737,0
SVIIF.US,D,20241002,000000,11.29,11.3001,11.29,11.3,111513,0
SVIIF.US,D,20241007,000000,11.3,11.32,11.3,11.32,264,0
SVIIF.US,D,20241009,000000,11.3,11.3,11.3,11.3,1725,0
SVIIF.US,D,20241010,000000,11.3,11.3,11.3,11.3,5102,0
SVIIF.US,D,20241011,000000,11.31,11.33,11.31,11.33,177901,0
SVIIF.US,D,20241014,000000,11.32,11.5,11.32,11.3758,5619,0
SVIIF.US,D,20241015,000000,11.4,11.4,11.3238,11.3238,1896,0
SVIIF.US,D,20241016,000000,11.32,11.32,11.32,11.32,8643,0
SVIIF.US,D,20241018,000000,11.34,11.35,11.33,11.33,2335,0
SVIIF.US,D,20241021,000000,11.37,11.37,11.34,11.35,420109,0
SVIIF.US,D,20241022,000000,11.34,11.36,11.34,11.355,763582,0
SVIIF.US,D,20241023,000000,11.36,11.37,11.36,11.37,172215,0
SVIIF.US,D,20241024,000000,11.36,11.3802,11.36,11.38,1485406,0
SVIIF.US,D,20241025,000000,11.38,11.38,11.37,11.37,620961,0
SVIIF.US,D,20241028,000000,11.37,11.38,11.36,11.38,18938,0
SVIIF.US,D,20241029,000000,11.43,11.43,11.43,11.43,195,0
SVIIF.US,D,20241031,000000,11.43,11.43,11.405,11.43,10106,0
SVIIF.US,D,20241105,000000,11.4,11.4,11.38,11.4,6570,0
SVIIF.US,D,20241106,000000,11.47,11.6998,11.47,11.6998,705,0
SVIIF.US,D,20241112,000000,11.65,11.65,11.45,11.45,425117,0
SVIIF.US,D,20241114,000000,11.4,11.4,11.31,11.31,14903,0
SVIIF.US,D,20241115,000000,11.25,11.25,11.2271,11.25,6403,0
SVIIF.US,D,20241118,000000,11.2,11.25,11.2,11.25,56775,0
SVIIF.US,D,20241119,000000,11.25,11.25,11.237,11.25,27606,0
SVIIF.US,D,20241120,000000,11.24,11.25,11.23,11.23,14347,0
SVIIF.US,D,20241125,000000,11.22,11.23,11.21,11.22,45317,0
SVIIF.US,D,20241126,000000,11.2,11.22,11.2,11.21,20880,0
SVIIF.US,D,20241127,000000,11.225,11.23,11.215,11.215,15202,0
SVIIF.US,D,20241202,000000,11.21,11.21,11.2,11.2,860150,0
SVIIF.US,D,20241203,000000,11.21,11.22,11.2,11.205,301834,0
SVIIF.US,D,20241204,000000,11.21,11.2175,11.21,11.21,8256,0
SVIIF.US,D,20241205,000000,11.2,11.2,11.2,11.2,101,0
SVIIF.US,D,20241206,000000,11.2,11.2169,11.2,11.21,402,0
SVIIF.US,D,20241209,000000,11.21,11.22,11.21,11.21,77757,0
SVIIF.US,D,20241211,000000,11.211,11.24,11.21,11.22,35274,0
SVIIF.US,D,20241212,000000,11.22,11.23,11.22,11.23,8456,0
SVIIF.US,D,20241213,000000,11.225,11.23,11.225,11.23,2068,0
SVIIF.US,D,20241216,000000,11.25,11.25,11.24,11.24,904,0
SVIIF.US,D,20241217,000000,11.25,11.25,11.22,11.24,14323,0
SVIIF.US,D,20241218,000000,11.23,11.25,11.22,11.22,94891,0
SVIIF.US,D,20241223,000000,11.24,11.24,11.24,11.24,103,0
SVIIF.US,D,20241224,000000,11.2247,11.2247,11.2247,11.2247,928,0
SVIIF.US,D,20241230,000000,11.26,11.26,11.26,11.26,1681,0
SVIIF.US,D,20241231,000000,11.26,11.26,11.26,11.26,828,0
SVIIF.US,D,20250102,000000,11.26,11.26,11.26,11.26,39202,0
SVIIF.US,D,20250108,000000,11.26,11.26,11.26,11.26,4462,0
SVIIF.US,D,20250117,000000,11.27,11.27,11.27,11.27,872,0
SVIIF.US,D,20250121,000000,11.28,11.28,11.28,11.28,25005,0
SVIIF.US,D,20250122,000000,11.29,11.35,11.29,11.35,84015,0
SVIIF.US,D,20250129,000000,11.35,11.35,11.35,11.35,1689,0
SVIIF.US,D,20250205,000000,11.33,11.33,11.33,11.33,2055,0
SVIIF.US,D,20250212,000000,11.31,11.31,11.31,11.31,2091,0
SVIIF.US,D,20250218,000000,11.33,11.33,11.33,11.33,335,0
SVIIF.US,D,20250224,000000,11.35,11.35,11.35,11.35,279,0
SVIIF.US,D,20250225,000000,11.35,11.36,11.35,11.36,13445,0
SVIIF.US,D,20250226,000000,11.37,11.37,11.365,11.37,19222,0
SVIIF.US,D,20250227,000000,11.4,11.4,11.37,11.37,1105,0
SVIIF.US,D,20250228,000000,11.37,11.45,11.37,11.37,696,0
SVIIF.US,D,20250303,000000,11.37,11.37,11.37,11.37,103,0
SVIIF.US,D,20250304,000000,11.38,11.38,11.38,11.38,702,0
SVIIF.US,D,20250305,000000,11.4,11.4,11.4,11.4,5791,0
SVIIF.US,D,20250306,000000,11.42,11.42,11.42,11.42,397,0
SVIIF.US,D,20250307,000000,11.43,11.43,11.43,11.43,6071,0
SVIIF.US,D,20250310,000000,11.45,11.45,11.43,11.45,8543,0
SVIIF.US,D,20250312,000000,11.5,11.5,11.49,11.49,427,0
SVIIF.US,D,20250313,000000,11.49,11.5,11.49,11.5,52928,0
SVIIF.US,D,20250314,000000,11.49,11.5,11.49,11.5,40846,0
SVIIF.US,D,20250317,000000,11.49,11.49,11.49,11.49,100001,0
SVIIF.US,D,20250319,000000,11.53,11.53,11.53,11.53,182,0
SVIIF.US,D,20250321,000000,11.52,11.52,11.52,11.52,108,0
SVIIF.US,D,20250325,000000,11.52,11.52,11.52,11.52,5007,0
SVIIF.US,D,20250326,000000,11.52,11.52,11.5199,11.52,13875,0
SVIIF.US,D,20250327,000000,11.53,11.53,11.53,11.53,642,0
SVIIF.US,D,20250328,000000,11.52,11.52,11.52,11.52,2005,0
SVIIF.US,D,20250407,000000,11.5,11.51,11.5,11.51,50579,0
SVIIF.US,D,20250408,000000,11.45,11.5247,11.45,11.5,5608,0
SVIIF.US,D,20250409,000000,11.45,11.45,11.45,11.45,198,0
SVIIF.US,D,20250410,000000,11.47,11.47,11.44,11.44,53589,0
SVIIF.US,D,20250411,000000,11.45,11.45,11.45,11.45,2033,0
SVIIF.US,D,20250414,000000,11.49,11.51,11.49,11.5,7111,0
SVIIF.US,D,20250416,000000,11.55,11.55,11.55,11.55,627,0
SVIIF.US,D,20250417,000000,11.49,11.49,11.49,11.49,102,0
SVIIF.US,D,20250421,000000,11.49,11.49,11.48,11.49,10702,0
SVIIF.US,D,20250424,000000,11.55,11.66,11.55,11.6,37647,0
SVIIF.US,D,20250428,000000,11.6358,11.69,11.625,11.67,30916,0
SVIIF.US,D,20250429,000000,11.67,11.67,11.67,11.67,10095,0
SVIIF.US,D,20250502,000000,11.63,11.67,11.63,11.67,1392,0
SVIIF.US,D,20250516,000000,11.67,11.67,11.64,11.67,15146,0
SVIIF.US,D,20250523,000000,11.67,11.79,11.665,11.79,158398,0
SVIIF.US,D,20250527,000000,11.79,11.9,11.7,11.73,24750,0
SVIIF.US,D,20250528,000000,11.88,11.88,11.71,11.73,9819,0
SVIIF.US,D,20250529,000000,11.71,11.78,11.71,11.7201,25051,0
SVIIF.US,D,20250530,000000,11.78,11.78,11.71,11.71,1919,0
SVIIF.US,D,20250602,000000,11.73,11.79,11.73,11.7696,6959,0
SVIIF.US,D,20250603,000000,11.74,11.75,11.74,11.75,663,0
SVIIF.US,D,20250604,000000,11.74,11.82,11.73,11.73,6505,0
SVIIF.US,D,20250605,000000,11.72,11.8,11.66,11.73,3592,0
SVIIF.US,D,20250606,000000,11.85,11.885,11.7,11.75,9233,0
SVIIF.US,D,20250609,000000,11.76,11.78,11.72,11.78,567,0
SVIIF.US,D,20250610,000000,11.72,11.72,11.71,11.71,473,0
SVIIF.US,D,20250611,000000,11.8169,11.8169,11.69,11.72,1088,0
SVIIF.US,D,20250612,000000,11.7084,11.72,11.7084,11.72,379,0
SVIIF.US,D,20250613,000000,11.72,11.8,11.65,11.8,23493,0
SVIIF.US,D,20250616,000000,11.73,11.73,11.73,11.73,269,0
SVIIF.US,D,20250617,000000,11.68,11.78,11.68,11.7,429,0
SVIIF.US,D,20250618,000000,11.68,11.68,11.68,11.68,249,0
SVIIF.US,D,20250620,000000,11.7,11.72,11.7,11.71,5591,0
SVIIF.US,D,20250623,000000,11.69,11.78,11.66,11.67,5065,0
SVIIF.US,D,20250624,000000,11.67,11.73,11.67,11.68,3994,0
SVIIF.US,D,20250625,000000,11.68,11.705,11.5,11.54,13200,0
SVIIF.US,D,20250626,000000,11.6,11.728,11.6,11.728,11968,0
SVIIF.US,D,20250627,000000,11.62,11.73,11.62,11.73,3492,0
SVIIF.US,D,20250630,000000,11.62,11.7501,11.62,11.75,3051,0
SVIIF.US,D,20250701,000000,11.69,11.75,11.69,11.75,305,0
SVIIF.US,D,20250702,000000,11.7,11.78,11.638,11.7,9977,0
SVIIF.US,D,20250703,000000,11.67,11.73,11.67,11.73,602,0
SVIIF.US,D,20250707,000000,11.67,11.75,11.67,11.75,344,0
SVIIF.US,D,20250708,000000,11.67,11.76,11.67,11.73,6674,0
SVIIF.US,D,20250709,000000,11.67,11.76,11.67,11.76,2917,0
SVIIF.US,D,20250710,000000,11.71,11.87,11.71,11.87,14820,0
SVIIF.US,D,20250715,000000,11.85,11.85,11.85,11.85,257,0
SVIIF.US,D,20250721,000000,11.77,11.87,11.77,11.87,816,0
SVIIF.US,D,20250723,000000,11.84,11.85,11.83,11.83,2427,0
SVIIF.US,D,20250724,000000,11.87,11.87,11.75,11.85,2262,0
SVIIF.US,D,20250729,000000,11.84,11.99,11.84,11.9,50131,0
SVIIF.US,D,20250730,000000,11.9,12,11.9,12,6794,0
SVIIF.US,D,20250731,000000,12.24,12.74,11.95,12.17,398850,0
SVIIF.US,D,20250801,000000,12.25,12.25,12.02,12.1487,83127,0
SVIIF.US,D,20250804,000000,12.18,12.29,12.0801,12.25,34579,0
SVIIF.US,D,20250805,000000,12.3,12.45,12.12,12.2222,184427,0
SVIIF.US,D,20250806,000000,12.3,12.3,11.86,11.87,62436,0
SVIIF.US,D,20250807,000000,12,12.05,11.8601,11.87,37685,0
SVIIF.US,D,20250808,000000,12,12.05,11.85,11.87,13503,0
SVIIF.US,D,20250811,000000,12.15,12.15,11.9,11.9451,29845,0
SVIIF.US,D,20250812,000000,11.88,12.25,11.85,12.15,289795,0
SVIIF.US,D,20250813,000000,12.2,12.2,12.1,12.1,12647,0
SVIIF.US,D,20250814,000000,12.1605,12.1605,12.03,12.1,31543,0
SVIIF.US,D,20250815,000000,12.05,12.07,12,12,6163,0
SVIIF.US,D,20250818,000000,12.09,12.2,11.95,12.0764,146996,0
SVIIF.US,D,20250819,000000,12.08,12.08,11.95,11.98,43345,0
SVIIF.US,D,20250820,000000,12.0053,12.05,11.9523,12,22679,0
SVIIF.US,D,20250821,000000,12.05,12.08,11.95,11.9999,41241,0
SVIIF.US,D,20250822,000000,12.09,12.49,11.95,12.34,28424,0
SVIIF.US,D,20250825,000000,12.28,12.28,12.0201,12.14,31225,0
SVIIF.US,D,20250826,000000,12.03,12.1499,11.94,12.12,21636,0
SVIIF.US,D,20250827,000000,12.1,12.1,12.05,12.05,3921,0
SVIIF.US,D,20250828,000000,12.02,12.0201,11.95,12,13678,0
SVIIF.US,D,20250829,000000,11.9636,11.98,11.95,11.96,8775,0
SVIIF.US,D,20250902,000000,11.91,12.01,11.91,11.99,5918,0
SVIIF.US,D,20250903,000000,12.09,12.09,12,12.04,4505,0
SVIIF.US,D,20250904,000000,12.06,12.0672,11.9832,11.9832,15374,0
SVIIF.US,D,20250905,000000,12.0074,12.0126,11.97,11.97,6787,0
SVIIF.US,D,20250908,000000,12.05,12.085,11.97,12.085,19737,0
SVIIF.US,D,20250909,000000,12.0133,12.09,12.005,12.0385,13922,0
SVIIF.US,D,20250910,000000,12.0499,12.35,12.01,12.06,20293,0
SVIIF.US,D,20250911,000000,12.0499,12.1,12.0499,12.05,6164,0
SVIIF.US,D,20250912,000000,12.076,12.08,12.04,12.05,11298,0
SVIIF.US,D,20250915,000000,12.0957,12.19,12.0688,12.19,156765,0
SVIIF.US,D,20250916,000000,12.17,12.17,12.105,12.1109,11412,0
SVIIF.US,D,20250917,000000,12.15,12.18,12.07,12.1,42183,0
SVIIF.US,D,20250918,000000,12.13,12.48,12.13,12.3,35020,0
SVIIF.US,D,20250919,000000,12.3,12.5,12.2,12.32,212367,0
SVIIF.US,D,20250922,000000,12.69,12.69,12.3,12.32,126898,0
SVIIF.US,D,20250923,000000,12.36,12.45,12.31,12.35,77139,0
SVIIF.US,D,20250924,000000,12.37,12.7,12.2201,12.47,101617,0
SVIIF.US,D,20250925,000000,12.51,13.39,12.35,13.08,241302,0
SVIIF.US,D,20250926,000000,13.13,13.13,12.570278,12.63,55813,0
SVIIF.US,D,20250929,000000,12.567,12.695,12.4341,12.695,27315,0
SVIIF.US,D,20250930,000000,12.56,12.6263,12.22,12.51,50741,0
SVIIF.US,D,20251001,000000,12.4,12.6252,12.4,12.4,22385,0
SVIIF.US,D,20251002,000000,12.31,12.35,12.22,12.3,54759,0
SVIIF.US,D,20251003,000000,12.29,12.3,12.22,12.24,19987,0
SVIIF.US,D,20251006,000000,12.28,12.7,12.1,12.64,138848,0
SVIIF.US,D,20251007,000000,12.41,12.65,12.25,12.365,168225,0
SVIIF.US,D,20251008,000000,12.3,12.54,12.16,12.24,158467,0
SVIIF.US,D,20251009,000000,12.35,12.35,12.14,12.23,73662,0
SVIIF.US,D,20251010,000000,12.19,12.7,12.19,12.39,260902,0
SVIIF.US,D,20251013,000000,12.52,12.7,12.18,12.68,179539,0
SVIIF.US,D,20251014,000000,12.9,14.8,12.7001,14.11,547364,0
SVIIF.US,D,20251015,000000,14.78,14.78,13.79,14.2,377399,0
SVIIF.US,D,20251016,000000,14.25,14.25,13.88,14.11,105828,0
SVIIF.US,D,20251017,000000,14.08,14.1832,13.7,13.85,104415,0
SVIIF.US,D,20251020,000000,13.51,13.576,12.56,12.7,254172,0
