<TICKER>,<PER>,<DATE>,<TIME>,<OPEN>,<HIGH>,<LOW>,<CLOSE>,<VOL>,<OPENINT>
GXIG.US,D,20250617,000000,25.1327,25.1327,25.09,25.1327,3127,0
GXIG.US,D,20250618,000000,25.27,26.36,25.14,25.21,651066,0
GXIG.US,D,20250620,000000,25.29,25.29,25.12,25.22,282454,0
GXIG.US,D,20250623,000000,25.25,25.4,25.24,25.28,183215,0
GXIG.US,D,20250624,000000,25.28,25.4191,25.22,25.3379,114095,0
GXIG.US,D,20250625,000000,25.34,25.5,25.26,25.33,597458,0
GXIG.US,D,20250626,000000,25.33,25.53,25.27,25.372,123728,0
GXIG.US,D,20250627,000000,25.33,25.58,25.31,25.39,182674,0
GXIG.US,D,20250630,000000,25.5,25.5199,25.39,25.47,223322,0
GXIG.US,D,20250701,000000,25.5,26,25.45,25.53,324797,0
GXIG.US,D,20250702,000000,25.5,25.54,25.41,25.4898,12131,0
GXIG.US,D,20250703,000000,25.46,25.51,25.4,25.47,254758,0
GXIG.US,D,20250707,000000,25.405,25.49,25.26,25.31,489439,0
GXIG.US,D,20250708,000000,25.28,25.3,25.2,25.21,93305,0
GXIG.US,D,20250709,000000,25.3,25.4,25.26,25.3664,179167,0
GXIG.US,D,20250710,000000,25.3,25.3628,25.26,25.3628,37479,0
GXIG.US,D,20250711,000000,25.29,25.4,25.19,25.19,444440,0
GXIG.US,D,20250714,000000,25.22,25.28,25.2,25.235,257899,0
GXIG.US,D,20250715,000000,25.24,25.26,25.06,25.06,201138,0
GXIG.US,D,20250716,000000,25.15,25.27,25.14,25.24,178711,0
GXIG.US,D,20250717,000000,25.21,25.22,25.15,25.22,47678,0
GXIG.US,D,20250718,000000,25.32,25.32,25.24,25.275,325716,0
GXIG.US,D,20250721,000000,25.3735,25.4,25.35,25.35,26145,0
GXIG.US,D,20250722,000000,25.35,25.47,25.31,25.47,302954,0
GXIG.US,D,20250723,000000,25.49,25.49,25.26,25.26,880167,0
GXIG.US,D,20250724,000000,25.33,25.33,25.31,25.3285,457014,0
GXIG.US,D,20250725,000000,25.34,25.41,25.34,25.41,1533,0
GXIG.US,D,20250728,000000,25.38,25.38,25.355,25.355,1004,0
GXIG.US,D,20250729,000000,25.41,25.56,25.41,25.51,29349,0
GXIG.US,D,20250730,000000,25.42,25.51,25.4073,25.48,378603,0
GXIG.US,D,20250731,000000,25.48,25.5,25.41,25.44,29584,0
GXIG.US,D,20250801,000000,25.77,25.77,25.44,25.545,42771,0
GXIG.US,D,20250804,000000,25.52,25.6,25.11,25.54,45085,0
GXIG.US,D,20250805,000000,25.5,25.6,25.42,25.55,58859,0
GXIG.US,D,20250806,000000,25.55,25.6,25.49,25.6,30275,0
GXIG.US,D,20250807,000000,25.58,25.6,25.53,25.54,21674,0
GXIG.US,D,20250808,000000,25.48,25.52,25.45,25.46,13716,0
GXIG.US,D,20250811,000000,25.48,25.52,25.47,25.52,5604,0
GXIG.US,D,20250812,000000,25.5,25.56,25.45,25.52,5015,0
GXIG.US,D,20250813,000000,25.645,25.66,25.62,25.64,14102,0
GXIG.US,D,20250814,000000,25.7,25.7,25.565,25.59,24219,0
GXIG.US,D,20250815,000000,25.6,25.6,25.47,25.56,6218,0
GXIG.US,D,20250818,000000,25.58,25.58,25.5,25.5,37609,0
GXIG.US,D,20250819,000000,25.56,25.56,25.52,25.54,19755,0
GXIG.US,D,20250820,000000,25.5,25.59,25.5,25.53,9394,0
GXIG.US,D,20250821,000000,25.52,25.52,25.45,25.465,13893,0
GXIG.US,D,20250822,000000,25.56,26,25.47,25.65,37686,0
GXIG.US,D,20250825,000000,25.63,25.65,25.59,25.6,22891,0
GXIG.US,D,20250826,000000,25.57,25.63,25.52,25.59,101422,0
GXIG.US,D,20250827,000000,25.525,25.79,25.52,25.6,92232,0
GXIG.US,D,20250828,000000,25.6,25.68,25.6,25.64,19982,0
GXIG.US,D,20250829,000000,25.65,25.7,25.42,25.57,49972,0
GXIG.US,D,20250902,000000,25.34,25.5,25.34,25.4,7061,0
GXIG.US,D,20250903,000000,25.41,25.56,25.05,25.52,59934,0
GXIG.US,D,20250904,000000,25.62,25.68,25.57,25.67,4777,0
GXIG.US,D,20250905,000000,25.7,26.21,25.7,25.8,6655,0
GXIG.US,D,20250908,000000,25.87,25.93,25.87,25.88,7828,0
GXIG.US,D,20250909,000000,25.9,25.9,25.8299,25.87,10468,0
GXIG.US,D,20250910,000000,25.87,25.99,25.87,25.93,12903,0
GXIG.US,D,20250911,000000,26,26.07,25.99,26.05,5991,0
GXIG.US,D,20250912,000000,25.8587,26,25.8587,25.9898,3572,0
GXIG.US,D,20250915,000000,26.09,26.11,26.02,26.09,46808,0
GXIG.US,D,20250916,000000,26.1,26.1,26.0534,26.0698,10174,0
GXIG.US,D,20250917,000000,26.0718,26.35,25.99,25.99,6268,0
GXIG.US,D,20250918,000000,25.95,25.97,25.93,25.9651,2970,0
GXIG.US,D,20250922,000000,25.9031,25.94,25.88,25.888,2621,0
GXIG.US,D,20250923,000000,26.22,26.23,25.9,25.93,3195,0
GXIG.US,D,20250924,000000,25.88,25.9,25.84,25.84,26353,0
GXIG.US,D,20250925,000000,25.78,25.82,25.71,25.82,13130,0
GXIG.US,D,20250926,000000,25.82,25.9,25.8,25.86,27890,0
GXIG.US,D,20250929,000000,25.91,25.959,25.87,25.92,14163,0
GXIG.US,D,20250930,000000,25.95,25.95,25.9,25.904,3322,0
GXIG.US,D,20251001,000000,25.86,25.89,25.83,25.89,2614,0
GXIG.US,D,20251002,000000,25.89,25.96,25.6,25.96,7296,0
GXIG.US,D,20251006,000000,25.8512,25.8512,25.8273,25.8273,441,0
GXIG.US,D,20251007,000000,25.856,25.87,25.856,25.87,502,0
GXIG.US,D,20251008,000000,25.88,25.88,25.8629,25.8629,128,0
GXIG.US,D,20251010,000000,25.82,25.86,25.82,25.8509,6123,0
GXIG.US,D,20251013,000000,25.81,25.93,25.8,25.93,6569,0
GXIG.US,D,20251014,000000,25.93,25.98,25.88,25.98,17255,0
GXIG.US,D,20251015,000000,25.945,26.06,25.91,25.99,78391,0
GXIG.US,D,20251016,000000,25.95,26.0743,25.95,26.0743,9155,0
GXIG.US,D,20251017,000000,26.04,26.04,25.98,26.02,21535,0
GXIG.US,D,20251020,000000,26.09,26.0952,26.05,26.0952,2794,0
GXIG.US,D,20251021,000000,26.14,26.1611,26.1,26.123,7391,0
GXIG.US,D,20251022,000000,26.07,26.1,26.07,26.1,7203,0
GXIG.US,D,20251023,000000,26.1,26.16,26.06,26.08,20030,0
GXIG.US,D,20251024,000000,26.14,26.16,26.12,26.1493,3637,0
GXIG.US,D,20251027,000000,26.1,26.1748,26.09,26.1748,37161,0
GXIG.US,D,20251028,000000,26.15,26.1861,26.1,26.1861,38536,0
GXIG.US,D,20251029,000000,26.16,26.16,26.0485,26.0485,22836,0
GXIG.US,D,20251030,000000,25.9,26,25.6,25.6,55831,0
GXIG.US,D,20251031,000000,25.84,25.91,25.801,25.8375,1066,0
GXIG.US,D,20251103,000000,25.655,25.68,25.62,25.645,6859,0
GXIG.US,D,20251104,000000,25.645,25.6786,25.645,25.6786,1058,0
GXIG.US,D,20251105,000000,25.6,25.651,25.57,25.6,14509,0
