<TICKER>,<PER>,<DATE>,<TIME>,<OPEN>,<HIGH>,<LOW>,<CLOSE>,<VOL>,<OPENINT>
XUDV.US,D,20250205,000000,25.065,25.1134,25.065,25.1134,227,0
XUDV.US,D,20250206,000000,25.03,25.03,24.9909,24.9909,1014,0
XUDV.US,D,20250214,000000,25.49,25.49,25.3802,25.3802,538,0
XUDV.US,D,20250221,000000,25.63,25.63,25.4243,25.4243,491,0
XUDV.US,D,20250224,000000,25.386,25.4804,25.361,25.4804,739,0
XUDV.US,D,20250225,000000,25.2337,25.3,25.23,25.2991,932,0
XUDV.US,D,20250226,000000,25.4499,25.4499,25.18,25.2499,507,0
XUDV.US,D,20250303,000000,25.5,25.5,25.1452,25.1452,430,0
XUDV.US,D,20250306,000000,24.79,24.81,24.61,24.789,1504,0
XUDV.US,D,20250307,000000,25.15,25.15,25.1053,25.1053,146,0
XUDV.US,D,20250310,000000,24.75,24.8031,24.75,24.8031,118,0
XUDV.US,D,20250311,000000,24.5,24.5,24.4641,24.4641,208,0
XUDV.US,D,20250314,000000,24.53,24.6696,24.53,24.6696,184,0
XUDV.US,D,20250320,000000,25.04,25.04,24.9962,24.9962,104,0
XUDV.US,D,20250321,000000,24.69,24.7812,24.6899,24.7812,409,0
XUDV.US,D,20250327,000000,24.7001,24.738,24.7,24.738,353,0
XUDV.US,D,20250331,000000,24.28,24.7151,24.2687,24.7151,486,0
XUDV.US,D,20250403,000000,23.73,23.73,23.5157,23.5157,511,0
XUDV.US,D,20250410,000000,22.39,22.39,22.16,22.2382,775,0
XUDV.US,D,20250411,000000,22.21,22.616,22.21,22.616,101,0
XUDV.US,D,20250414,000000,22.86,22.9703,22.86,22.9703,102,0
XUDV.US,D,20250415,000000,23.06,23.06,22.9465,22.9465,373,0
XUDV.US,D,20250416,000000,22.88,22.88,22.6321,22.6321,200,0
XUDV.US,D,20250422,000000,22.99,23.088,22.99,23.068,800,0
XUDV.US,D,20250423,000000,23.5,23.5,23.2571,23.2571,143,0
XUDV.US,D,20250424,000000,23.41,23.7347,23.41,23.7347,100,0
XUDV.US,D,20250425,000000,23.52,23.6416,23.52,23.6416,387,0
XUDV.US,D,20250430,000000,23.6,23.8342,23.58,23.8342,6772,0
XUDV.US,D,20250501,000000,24.09,24.09,23.85,23.85,279,0
XUDV.US,D,20250505,000000,24.06,24.1856,24.06,24.0701,919,0
XUDV.US,D,20250506,000000,24.05,24.08,23.9407,23.9407,460,0
XUDV.US,D,20250508,000000,24.25,24.2807,24.25,24.2807,259,0
XUDV.US,D,20250512,000000,24.6804,24.7014,24.6804,24.7014,515,0
XUDV.US,D,20250514,000000,24.86,25.12,24.6699,24.7057,1286755,0
XUDV.US,D,20250515,000000,24.71,24.8939,24.71,24.8939,27005,0
XUDV.US,D,20250516,000000,24.97,25.21,24.97,25.2077,3423,0
XUDV.US,D,20250519,000000,25.04,25.23,25.04,25.1998,21674,0
XUDV.US,D,20250520,000000,25.29,25.29,25.1939,25.1939,2727,0
XUDV.US,D,20250521,000000,25.0001,25.0184,24.6331,24.6331,3638,0
XUDV.US,D,20250522,000000,24.61,24.71,24.57,24.58,5827,0
XUDV.US,D,20250523,000000,24.4,24.6,24.4,24.5245,2913,0
XUDV.US,D,20250527,000000,24.7742,24.89,24.7742,24.89,2101,0
XUDV.US,D,20250528,000000,24.82,24.82,24.65,24.66,14686,0
XUDV.US,D,20250529,000000,24.6864,24.7659,24.63,24.7659,1967,0
XUDV.US,D,20250530,000000,24.774,24.8866,24.774,24.8866,425,0
XUDV.US,D,20250602,000000,24.76,24.88,24.7401,24.8544,1760,0
XUDV.US,D,20250603,000000,25.0176,25.15,25.0176,25.14,5447,0
XUDV.US,D,20250604,000000,25.074,25.08,24.9619,24.9619,4678,0
XUDV.US,D,20250605,000000,24.89,24.94,24.7962,24.7962,2173,0
XUDV.US,D,20250606,000000,25.096,25.1278,25.0884,25.1278,2183,0
XUDV.US,D,20250609,000000,25.16,25.26,25.1559,25.1559,4277,0
XUDV.US,D,20250610,000000,25.376,25.39,25.3001,25.3534,2991,0
XUDV.US,D,20250611,000000,25.3484,25.37,25.33,25.3355,1116,0
XUDV.US,D,20250612,000000,25.2833,25.2855,25.2299,25.2855,505,0
XUDV.US,D,20250613,000000,25.17,25.22,24.967,24.967,2811,0
XUDV.US,D,20250616,000000,25.19,25.19,25.08,25.1418,3217,0
XUDV.US,D,20250617,000000,25.1,25.1,24.87,24.87,2924,0
XUDV.US,D,20250618,000000,25,25.04,25,25.01,2524,0
XUDV.US,D,20250620,000000,24.86,24.8663,24.83,24.8663,1393,0
XUDV.US,D,20250623,000000,24.98,24.98,24.74,24.9617,2459,0
XUDV.US,D,20250624,000000,25.21,25.25,25.21,25.2387,748,0
XUDV.US,D,20250625,000000,25.07,25.0818,25.03,25.0818,1354,0
XUDV.US,D,20250626,000000,25.257,25.3406,25.257,25.3406,1343,0
XUDV.US,D,20250627,000000,25.4,25.4084,25.3255,25.3255,818,0
XUDV.US,D,20250630,000000,25.37,25.5216,25.37,25.5216,972,0
XUDV.US,D,20250701,000000,25.62,25.95,25.56,25.8755,3777,0
XUDV.US,D,20250702,000000,26.05,26.2,26.05,26.1778,5804,0
XUDV.US,D,20250703,000000,26.22,26.22,26.2,26.2138,1683,0
XUDV.US,D,20250707,000000,25.913,25.9456,25.8,25.9456,1212,0
XUDV.US,D,20250708,000000,26.19,26.19,26.146,26.1518,682,0
XUDV.US,D,20250709,000000,26.14,26.1985,26.14,26.1985,2055,0
XUDV.US,D,20250710,000000,26.4499,26.4499,26.3948,26.3948,539,0
XUDV.US,D,20250711,000000,26.14,26.29,26.14,26.21,16290,0
XUDV.US,D,20250714,000000,26.1,26.2023,26.1,26.2023,804,0
XUDV.US,D,20250715,000000,25.99,26.25,25.85,25.85,2374,0
XUDV.US,D,20250716,000000,25.9,25.9515,25.75,25.92,4367,0
XUDV.US,D,20250717,000000,25.9332,26.0867,25.9332,26.0867,1688,0
XUDV.US,D,20250718,000000,26.21,26.21,26.0066,26.0463,1648,0
XUDV.US,D,20250721,000000,26.14,26.1599,25.9664,25.9664,1396,0
XUDV.US,D,20250722,000000,26.089,26.27,26.089,26.2694,2425,0
XUDV.US,D,20250723,000000,26.4,26.4901,26.4,26.4901,1625,0
XUDV.US,D,20250724,000000,26.35,26.3799,26.26,26.2853,5190,0
XUDV.US,D,20250725,000000,26.38,26.4277,26.38,26.4277,414,0
XUDV.US,D,20250728,000000,26.33,26.43,26.2001,26.24,4794,0
XUDV.US,D,20250729,000000,26.18,26.19,26.0823,26.0823,6858,0
XUDV.US,D,20250730,000000,26.04,26.116,25.88,25.8933,1552,0
XUDV.US,D,20250731,000000,25.9699,25.9699,25.6985,25.6985,2102,0
XUDV.US,D,20250801,000000,25.4304,25.4384,25.41,25.4384,1121,0
XUDV.US,D,20250804,000000,25.56,25.7363,25.56,25.7363,3035,0
XUDV.US,D,20250805,000000,25.76,25.89,25.74,25.865,2567,0
XUDV.US,D,20250806,000000,25.64,25.88,25.64,25.67,1946,0
XUDV.US,D,20250807,000000,25.83,25.84,25.775,25.775,1726,0
XUDV.US,D,20250808,000000,25.804,25.8994,25.804,25.8994,1256,0
XUDV.US,D,20250811,000000,26.03,26.03,25.8847,25.8847,2182,0
XUDV.US,D,20250812,000000,26.12,26.1918,26.12,26.1918,1687,0
XUDV.US,D,20250813,000000,26.31,26.4863,26.31,26.4863,2007,0
XUDV.US,D,20250814,000000,26.264,26.421,26.264,26.421,237,0
XUDV.US,D,20250815,000000,26.3666,26.4499,26.3666,26.3704,15464,0
XUDV.US,D,20250818,000000,26.3,26.38,26.29,26.3232,2566,0
XUDV.US,D,20250819,000000,26.41,26.4959,26.28,26.3056,2637,0
XUDV.US,D,20250820,000000,26.25,26.3628,26.25,26.3628,1472,0
XUDV.US,D,20250821,000000,26.32,26.344,26.27,26.2909,1414,0
XUDV.US,D,20250822,000000,26.86,26.87,26.821,26.8393,3394,0
XUDV.US,D,20250825,000000,26.64,26.69,26.64,26.6538,2089,0
XUDV.US,D,20250826,000000,26.6273,26.682,26.6084,26.682,2333,0
XUDV.US,D,20250827,000000,26.7363,26.7919,26.7363,26.7919,544,0
XUDV.US,D,20250828,000000,26.631,26.6787,26.57,26.6787,1038,0
XUDV.US,D,20250829,000000,26.776,26.776,26.74,26.7741,3108,0
XUDV.US,D,20250902,000000,26.51,26.5368,26.37,26.5368,1914,0
XUDV.US,D,20250903,000000,26.4348,26.48,26.38,26.4439,1366,0
XUDV.US,D,20250904,000000,26.55,26.6228,26.54,26.6228,1455,0
XUDV.US,D,20250905,000000,26.4584,26.544,26.45,26.544,2784,0
XUDV.US,D,20250908,000000,26.37,26.4578,26.37,26.4578,1472,0
XUDV.US,D,20250909,000000,26.56,26.5752,26.49,26.5752,1214,0
XUDV.US,D,20250910,000000,26.6,26.6316,26.564,26.6316,860,0
XUDV.US,D,20250911,000000,26.78,26.8443,26.7799,26.8443,915,0
XUDV.US,D,20250912,000000,26.78,26.8,26.74,26.7457,1756,0
XUDV.US,D,20250915,000000,26.6244,26.6244,26.5766,26.5766,954,0
XUDV.US,D,20250916,000000,26.55,26.552,26.53,26.552,799,0
XUDV.US,D,20250917,000000,26.76,26.8,26.6816,26.6816,2196,0
XUDV.US,D,20250918,000000,26.7521,26.85,26.7521,26.8247,2501,0
XUDV.US,D,20250919,000000,26.58,26.59,26.52,26.576,4282,0
XUDV.US,D,20250922,000000,26.5045,26.52,26.4145,26.4145,1803,0
XUDV.US,D,20250923,000000,26.6,26.66,26.5114,26.5114,3153,0
XUDV.US,D,20250924,000000,26.55,26.59,26.5,26.5105,2660,0
XUDV.US,D,20250925,000000,26.224,26.236,26.2227,26.2227,853,0
XUDV.US,D,20250926,000000,26.42,26.491,26.3736,26.491,1638,0
XUDV.US,D,20250929,000000,26.46,26.5623,26.435,26.5623,1885,0
XUDV.US,D,20250930,000000,26.495,26.7171,26.495,26.7171,581,0
XUDV.US,D,20251001,000000,26.84,26.9068,26.81,26.9068,2303,0
XUDV.US,D,20251002,000000,26.97,26.97,26.77,26.8551,1987,0
XUDV.US,D,20251003,000000,26.98,27.08,26.98,27.0078,2008,0
XUDV.US,D,20251006,000000,26.8635,26.89,26.7548,26.7548,1518,0
XUDV.US,D,20251007,000000,26.79,26.79,26.64,26.6678,3132,0
XUDV.US,D,20251008,000000,26.65,26.65,26.5608,26.601,1694,0
XUDV.US,D,20251009,000000,26.4161,26.4161,26.3603,26.4047,2648,0
XUDV.US,D,20251010,000000,26.33,26.3341,25.7234,25.7234,2204,0
XUDV.US,D,20251013,000000,25.9,26.0799,25.9,26.0388,1851,0
XUDV.US,D,20251014,000000,26.2776,26.2776,26.2699,26.2699,695,0
XUDV.US,D,20251015,000000,26.3,26.3034,26.2,26.2491,1759,0
XUDV.US,D,20251016,000000,26.21,26.21,25.9196,25.9196,8228,0
XUDV.US,D,20251017,000000,25.9301,26.1228,25.9301,26.1228,747,0
XUDV.US,D,20251020,000000,26.3532,26.3781,26.33,26.3781,1312,0
XUDV.US,D,20251021,000000,26.5105,26.54,26.47,26.5148,2103,0
XUDV.US,D,20251022,000000,26.23,26.38,26.23,26.3376,2538,0
XUDV.US,D,20251023,000000,26.3095,26.37,26.3062,26.3062,4226,0
XUDV.US,D,20251024,000000,26.57,26.57,26.5433,26.5433,650478,0
XUDV.US,D,20251027,000000,26.67,26.6766,26.63,26.6766,1044,0
XUDV.US,D,20251028,000000,26.69,26.71,26.61,26.6474,15674,0
XUDV.US,D,20251029,000000,26.54,26.574,26.28,26.3424,2163,0
XUDV.US,D,20251030,000000,26.29,26.29,26.0521,26.0521,21267,0
XUDV.US,D,20251031,000000,26.2095,26.2657,26.15,26.2657,4653,0
XUDV.US,D,20251103,000000,25.8332,26.08,25.8332,26.0738,3731,0
XUDV.US,D,20251104,000000,25.87,25.91,25.78,25.78,1992,0
XUDV.US,D,20251105,000000,25.82,26.07,25.802,26,6421,0
