<TICKER>,<PER>,<DATE>,<TIME>,<OPEN>,<HIGH>,<LOW>,<CLOSE>,<VOL>,<OPENINT>
ISBA.US,D,20250513,000000,27.25,27.74,27.19,27.25,1490,0
ISBA.US,D,20250514,000000,27.25,27.7,25.65,27.7,4468,0
ISBA.US,D,20250515,000000,27.75,28.83,27.75,27.785,7746,0
ISBA.US,D,20250516,000000,27.75,28.95,27.5,27.75,1983,0
ISBA.US,D,20250519,000000,27.7154,28,27.25,27.8,6717,0
ISBA.US,D,20250520,000000,27.8,27.99,27.8,27.9,2649,0
ISBA.US,D,20250521,000000,27.7501,28.66,27.7501,27.9,1684,0
ISBA.US,D,20250522,000000,28,28.625,27.75,27.76,3233,0
ISBA.US,D,20250523,000000,27.7,28.7,24.68,27.8,9612,0
ISBA.US,D,20250527,000000,26.62,28,26.51,27.75,3221,0
ISBA.US,D,20250528,000000,27.9,27.99,27.75,27.75,1815,0
ISBA.US,D,20250529,000000,27.5,27.5,27.4,27.5,2431,0
ISBA.US,D,20250530,000000,27.4999,27.4999,27.49,27.49,1406,0
ISBA.US,D,20250602,000000,27.3,28,27.0001,27.01,2812,0
ISBA.US,D,20250603,000000,27.72,27.72,27.5,27.5,2368,0
ISBA.US,D,20250604,000000,27.4,28,27.26,27.55,6021,0
ISBA.US,D,20250605,000000,27.6,28,27.55,27.95,2245,0
ISBA.US,D,20250606,000000,27.95,27.9995,27.95,27.95,7447,0
ISBA.US,D,20250609,000000,28,29.22,27.9,29.15,29749,0
ISBA.US,D,20250610,000000,29.1,33.01,29.05,31.845,36651,0
ISBA.US,D,20250611,000000,31.9,33.605,31.35,32.05,22498,0
ISBA.US,D,20250612,000000,32.05,33.35,30.541,32.525,29300,0
ISBA.US,D,20250613,000000,32.5,33.65,32,33.015,22413,0
ISBA.US,D,20250616,000000,33.49,41.995,33.01,33.7,28876,0
ISBA.US,D,20250617,000000,33.5,37.77,33.5,35.02,45743,0
ISBA.US,D,20250618,000000,34.75,44.989,33.625,39.01,65334,0
ISBA.US,D,20250620,000000,38.55,40.37,33.26,38.42,317967,0
ISBA.US,D,20250623,000000,35.985,37.75,33.83,35.52,27024,0
ISBA.US,D,20250624,000000,35.52,37.4,33.7,35.3,30830,0
ISBA.US,D,20250625,000000,35.795,36.5999,31.66,31.66,14380,0
ISBA.US,D,20250626,000000,31.63,35.495,31.63,33.71,15735,0
ISBA.US,D,20250627,000000,34.21,35.055,30.37,31.88,16647,0
ISBA.US,D,20250630,000000,31.5,31.82,28.72,30.15,13780,0
ISBA.US,D,20250701,000000,29,30.025,28.485,28.61,9535,0
ISBA.US,D,20250702,000000,31,31.99,30.9,30.9,4001,0
ISBA.US,D,20250703,000000,31.59,33.98,28.59,28.59,11391,0
ISBA.US,D,20250707,000000,28.51,32.48,28.51,29.5,13014,0
ISBA.US,D,20250708,000000,30.99,33.5,30,32.84,14807,0
ISBA.US,D,20250709,000000,33.2534,33.2534,30.31,31.49,3317,0
ISBA.US,D,20250710,000000,30.96,32,30.41,30.88,19975,0
ISBA.US,D,20250711,000000,30.68,30.68,30.68,30.68,1268,0
ISBA.US,D,20250714,000000,29.34,31.32,29.34,31.32,4129,0
ISBA.US,D,20250715,000000,31.48,32.8731,30.69,32.02,7164,0
ISBA.US,D,20250716,000000,31.69,31.69,31.69,31.69,3018,0
ISBA.US,D,20250717,000000,31.79,33.5,30.97,30.97,23844,0
ISBA.US,D,20250718,000000,31.45,31.57,31.27,31.27,5729,0
ISBA.US,D,20250721,000000,30.63,32.5,30.63,32.5,13367,0
ISBA.US,D,20250722,000000,32.5,33.495,31.91,31.91,13672,0
ISBA.US,D,20250723,000000,31.975,32.99,31.86,32.99,4527,0
ISBA.US,D,20250724,000000,33,33.5,29.99,32.5,15092,0
ISBA.US,D,20250725,000000,33,33,30.27,32.27,16566,0
ISBA.US,D,20250728,000000,32.5,32.5,30.13,30.3,12108,0
ISBA.US,D,20250729,000000,29.13,30.48,29.04,29.35,8811,0
ISBA.US,D,20250730,000000,29,30.065,29,29.98,6841,0
ISBA.US,D,20250731,000000,31.045,31.35,30.81,30.84,5431,0
ISBA.US,D,20250801,000000,31.1,32.45,31.05,32.45,6931,0
ISBA.US,D,20250804,000000,32.75,32.75,31.93,32.47,5939,0
ISBA.US,D,20250805,000000,31.64,32.18,29.52,32.05,3433,0
ISBA.US,D,20250806,000000,32.5,32.8,32.5,32.8,4563,0
ISBA.US,D,20250807,000000,32.5,33,32.28,32.28,7533,0
ISBA.US,D,20250808,000000,31.2377,32.5,30.74,32.19,10371,0
ISBA.US,D,20250812,000000,31.63,32.5,31.5247,32.5,8908,0
ISBA.US,D,20250813,000000,31.6,32.49,31.6,32.4,1121,0
ISBA.US,D,20250814,000000,32.5,32.98,32.5,32.98,2667,0
ISBA.US,D,20250815,000000,32.51,32.6,31.66,32.5,3786,0
ISBA.US,D,20250818,000000,32.5,32.5,32.5,32.5,1587,0
ISBA.US,D,20250819,000000,32.5,32.5,31.5402,31.5402,3360,0
ISBA.US,D,20250820,000000,32.26,32.5,32.23,32.5,5020,0
ISBA.US,D,20250822,000000,29.5201,33.19,29.5201,32.49,8134,0
ISBA.US,D,20250825,000000,32.48,32.48,32.48,32.48,616,0
ISBA.US,D,20250826,000000,31.9813,32.5,31.9813,32.49,7726,0
ISBA.US,D,20250827,000000,31.05,36.6,31.05,34,43664,0
ISBA.US,D,20250828,000000,33.99,34.5711,33.65,33.65,9208,0
ISBA.US,D,20250829,000000,33.38,33.71,33.38,33.71,9558,0
ISBA.US,D,20250902,000000,32,33.5,31.49,33.13,14680,0
ISBA.US,D,20250903,000000,32.99,32.99,32,32.9,2965,0
ISBA.US,D,20250904,000000,32.475,32.475,31.95,31.95,5630,0
ISBA.US,D,20250905,000000,31.8,32.18,31.3001,32.1,4923,0
ISBA.US,D,20250908,000000,32.25,32.25,32.1,32.12,7931,0
ISBA.US,D,20250909,000000,32.5,32.829,32,32.5,17871,0
ISBA.US,D,20250910,000000,32.47,33,32.01,32.01,20432,0
ISBA.US,D,20250911,000000,31.86,33.23,31.85,32.2,9107,0
ISBA.US,D,20250912,000000,31.9,32.5,31.74,32.46,8101,0
ISBA.US,D,20250915,000000,31.85,33.25,31.85,33.25,23957,0
ISBA.US,D,20250916,000000,32.5,32.85,32.35,32.74,18205,0
ISBA.US,D,20250917,000000,31.2,33.24,31.2,32.73,56649,0
ISBA.US,D,20250918,000000,32.25,35,32.22,34.3,48463,0
ISBA.US,D,20250919,000000,33.5,35.04,33.5,35.04,89257,0
ISBA.US,D,20250922,000000,34.55,35.6,34.322,34.52,41421,0
ISBA.US,D,20250923,000000,34.41,35.06,34.41,34.96,43736,0
ISBA.US,D,20250924,000000,35.08,35.98,34.75,35.395,9134,0
ISBA.US,D,20250925,000000,35.3,35.5,35,35.48,7542,0
ISBA.US,D,20250926,000000,35.06,35.15,35.05,35.15,3192,0
ISBA.US,D,20250929,000000,35.01,35.23,34.99,35.2,2007,0
ISBA.US,D,20250930,000000,35.24,35.25,35.145,35.25,9633,0
ISBA.US,D,20251001,000000,35.25,35.96,35.0495,35.34,5012,0
ISBA.US,D,20251002,000000,35.74,35.74,34.74,35,6632,0
ISBA.US,D,20251003,000000,35.13,35.69,34.5901,35.19,11540,0
ISBA.US,D,20251006,000000,35.25,35.84,35.25,35.74,14228,0
ISBA.US,D,20251007,000000,35.75,35.985,35.34,35.95,6659,0
ISBA.US,D,20251008,000000,35.98,35.99,35.495,35.99,5150,0
ISBA.US,D,20251009,000000,36,36.95,35.4,36.94,9355,0
ISBA.US,D,20251010,000000,36.55,36.99,36.01,36.09,2682,0
ISBA.US,D,20251013,000000,36.3,36.46,35.5146,36.46,2585,0
ISBA.US,D,20251014,000000,36.65,37.3,35.771,37.23,5595,0
ISBA.US,D,20251015,000000,37.15,37.23,36.4955,37.23,5264,0
ISBA.US,D,20251016,000000,36.67,36.67,34.49,35.1,13719,0
ISBA.US,D,20251017,000000,35.5,37,35.36,35.8,9351,0
ISBA.US,D,20251020,000000,35.755,35.755,35.51,35.51,1743,0
ISBA.US,D,20251021,000000,35.77,35.77,34.95,34.95,5857,0
ISBA.US,D,20251022,000000,34.62,35.45,33.24,35.31,4572,0
ISBA.US,D,20251023,000000,35.5,35.615,35.35,35.35,5897,0
ISBA.US,D,20251024,000000,35.88,35.88,35.88,35.88,1475,0
ISBA.US,D,20251027,000000,35.76,35.76,35.76,35.76,2679,0
ISBA.US,D,20251028,000000,35.79,35.79,35.39,35.39,976,0
ISBA.US,D,20251029,000000,35.37,35.37,35.12,35.12,1487,0
ISBA.US,D,20251030,000000,35.75,35.75,34.0901,35.59,3410,0
ISBA.US,D,20251031,000000,34.92,35.7499,34.84,35.74,2250,0
ISBA.US,D,20251103,000000,35.3941,38.28,35.3941,38.28,9792,0
ISBA.US,D,20251104,000000,38,43.57,37.999,43.57,21333,0
ISBA.US,D,20251105,000000,40.09,43.95,39.305,41.8,30577,0
