<TICKER>,<PER>,<DATE>,<TIME>,<OPEN>,<HIGH>,<LOW>,<CLOSE>,<VOL>,<OPENINT>
OUSTW.US,D,20241224,000000,0.03,0.0325,0.021,0.03,24220,0
OUSTW.US,D,20241226,000000,0.025,0.035,0.025,0.035,14671,0
OUSTW.US,D,20241227,000000,0.036,0.0898,0.0211,0.0797,248657,0
OUSTW.US,D,20241230,000000,0.3383,0.3383,0.0731,0.1,196743,0
OUSTW.US,D,20241231,000000,0.07,0.0842,0.0515,0.06,55725,0
OUSTW.US,D,20250102,000000,0.0505,0.0577,0.0401,0.0559,18137,0
OUSTW.US,D,20250103,000000,0.06,0.06,0.0339,0.06,85878,0
OUSTW.US,D,20250106,000000,0.055,0.1,0.055,0.0891,28187,0
OUSTW.US,D,20250107,000000,0.1,0.1098,0.0761,0.089,70820,0
OUSTW.US,D,20250108,000000,0.0554,0.07,0.055001,0.0685,15654,0
OUSTW.US,D,20250110,000000,0.0684,0.0684,0.056,0.0561,15247,0
OUSTW.US,D,20250113,000000,0.056,0.09,0.035,0.0594,15402,0
OUSTW.US,D,20250114,000000,0.051,0.051,0.0486,0.049,3957,0
OUSTW.US,D,20250115,000000,0.05678,0.05678,0.021,0.0404,70796,0
OUSTW.US,D,20250116,000000,0.06,0.07,0.055,0.06,47699,0
OUSTW.US,D,20250117,000000,0.048,0.0648,0.048,0.048,18253,0
OUSTW.US,D,20250121,000000,0.05,0.0598,0.05,0.0598,26172,0
OUSTW.US,D,20250122,000000,0.0594,0.0598,0.0294,0.0351,39195,0
OUSTW.US,D,20250123,000000,0.03675,0.046,0.0262,0.0302,15829,0
OUSTW.US,D,20250124,000000,0.0301,0.04,0.0241,0.0336,29822,0
OUSTW.US,D,20250127,000000,0.0303,0.035001,0.03,0.035001,1969,0
OUSTW.US,D,20250128,000000,0.0301,0.030101,0.03,0.030101,1843,0
OUSTW.US,D,20250129,000000,0.0304,0.035051,0.0301,0.0302,3884,0
OUSTW.US,D,20250130,000000,0.0303,0.0303,0.0303,0.0303,101,0
OUSTW.US,D,20250131,000000,0.0301,0.0456,0.0301,0.0301,29733,0
OUSTW.US,D,20250203,000000,0.0301,0.0446,0.0301,0.0446,25560,0
OUSTW.US,D,20250204,000000,0.045,0.0501,0.0315,0.0315,26191,0
OUSTW.US,D,20250205,000000,0.0393,0.0393,0.0393,0.0393,12695,0
OUSTW.US,D,20250206,000000,0.099,0.099,0.0511,0.0724,185096,0
OUSTW.US,D,20250207,000000,0.0724,0.08,0.04,0.0601,56028,0
OUSTW.US,D,20250210,000000,0.05,0.062001,0.041,0.05,57938,0
OUSTW.US,D,20250211,000000,0.0427,0.0481,0.0401,0.0481,21118,0
OUSTW.US,D,20250212,000000,0.0401,0.0471,0.0401,0.0412,35491,0
OUSTW.US,D,20250213,000000,0.043799,0.0465,0.043799,0.0465,5496,0
OUSTW.US,D,20250214,000000,0.0402,0.045561,0.032,0.0446,97174,0
OUSTW.US,D,20250218,000000,0.0461,0.0461,0.0288,0.035,10492,0
OUSTW.US,D,20250219,000000,0.031,0.0451,0.031,0.0396,4923,0
OUSTW.US,D,20250220,000000,0.0345,0.0428,0.0345,0.0424,18212,0
OUSTW.US,D,20250221,000000,0.0344,0.0413,0.034,0.0413,4819,0
OUSTW.US,D,20250224,000000,0.0315,0.041,0.0315,0.0331,30251,0
OUSTW.US,D,20250225,000000,0.0271,0.037151,0.0271,0.031,12307,0
OUSTW.US,D,20250226,000000,0.033951,0.033951,0.0212,0.0293,40817,0
OUSTW.US,D,20250227,000000,0.0219,0.027,0.0217,0.0221,7438,0
OUSTW.US,D,20250228,000000,0.0253,0.0253,0.0253,0.0253,2135,0
OUSTW.US,D,20250303,000000,0.0221,0.029,0.0221,0.027,5892,0
OUSTW.US,D,20250304,000000,0.025,0.026212,0.025,0.026212,2640,0
OUSTW.US,D,20250305,000000,0.0211,0.0289,0.0211,0.0289,21000,0
OUSTW.US,D,20250306,000000,0.0202,0.0285,0.0202,0.0284,10071,0
OUSTW.US,D,20250307,000000,0.0283,0.033,0.0283,0.029,23865,0
OUSTW.US,D,20250310,000000,0.0284,0.032,0.0284,0.032,10099,0
OUSTW.US,D,20250311,000000,0.0287,0.04,0.0287,0.04,2533,0
OUSTW.US,D,20250312,000000,0.0325,0.035,0.0205,0.035,47163,0
OUSTW.US,D,20250313,000000,0.0232,0.024,0.023,0.024,1615,0
OUSTW.US,D,20250314,000000,0.0242,0.0289,0.024,0.0289,3577,0
OUSTW.US,D,20250317,000000,0.0264,0.0363,0.0252,0.0252,9059,0
OUSTW.US,D,20250319,000000,0.0255,0.0401,0.0255,0.04,17653,0
OUSTW.US,D,20250320,000000,0.0255,0.034,0.0255,0.0309,21343,0
OUSTW.US,D,20250321,000000,0.027918,0.0578,0.027918,0.035,45695,0
OUSTW.US,D,20250324,000000,0.0456,0.0456,0.033,0.0394,21999,0
OUSTW.US,D,20250325,000000,0.0394,0.0394,0.035,0.0351,43828,0
OUSTW.US,D,20250326,000000,0.035,0.0504,0.035,0.0458,11952,0
OUSTW.US,D,20250327,000000,0.0352,0.04,0.0352,0.04,7408,0
OUSTW.US,D,20250328,000000,0.0351,0.0361,0.0313,0.0349,22492,0
OUSTW.US,D,20250331,000000,0.029301,0.0294,0.0293,0.0293,4651,0
OUSTW.US,D,20250401,000000,0.0293,0.0317,0.028,0.028,16750,0
OUSTW.US,D,20250402,000000,0.0282,0.0283,0.028,0.0282,1133,0
OUSTW.US,D,20250403,000000,0.028,0.035,0.025,0.035,33222,0
OUSTW.US,D,20250404,000000,0.0264,0.030701,0.00955,0.0229,89394,0
OUSTW.US,D,20250407,000000,0.013,0.021799,0.01,0.0208,52335,0
OUSTW.US,D,20250408,000000,0.012,0.012,0.012,0.012,518,0
OUSTW.US,D,20250409,000000,0.0193,0.0219,0.0193,0.0219,10899,0
OUSTW.US,D,20250410,000000,0.025,0.0276,0.023,0.0238,11001,0
OUSTW.US,D,20250411,000000,0.0238,0.025,0.0238,0.025,450,0
OUSTW.US,D,20250414,000000,0.0251,0.0252,0.025,0.0251,8812,0
OUSTW.US,D,20250416,000000,0.0101,0.0249,0.0101,0.02,2200,0
OUSTW.US,D,20250417,000000,0.015,0.0248,0.015,0.0248,3400,0
OUSTW.US,D,20250421,000000,0.0186,0.0195,0.0182,0.0186,4536,0
OUSTW.US,D,20250422,000000,0.019,0.0202,0.019,0.0202,26437,0
OUSTW.US,D,20250423,000000,0.0191,0.0219,0.0191,0.0195,1987,0
OUSTW.US,D,20250424,000000,0.0196,0.0198,0.0194,0.0198,9481,0
OUSTW.US,D,20250425,000000,0.0215,0.0249,0.0215,0.0221,8353,0
OUSTW.US,D,20250428,000000,0.0225,0.0249,0.0225,0.0249,2250,0
OUSTW.US,D,20250429,000000,0.0226,0.0231,0.0226,0.02275,6894,0
OUSTW.US,D,20250430,000000,0.0205,0.022737,0.017,0.0193,3980,0
OUSTW.US,D,20250501,000000,0.0215,0.0227,0.0215,0.022099,4110,0
OUSTW.US,D,20250502,000000,0.0215,0.021683,0.017,0.0191,10168,0
OUSTW.US,D,20250505,000000,0.017,0.0186,0.017,0.0186,2926,0
OUSTW.US,D,20250506,000000,0.0186,0.019451,0.0186,0.0191,3611,0
OUSTW.US,D,20250507,000000,0.0192,0.0208,0.0192,0.0197,8328,0
OUSTW.US,D,20250508,000000,0.0101,0.0351,0.0101,0.0303,117181,0
OUSTW.US,D,20250509,000000,0.035,0.035,0.0303,0.0303,7030,0
OUSTW.US,D,20250512,000000,0.022,0.025,0.021,0.023,45570,0
OUSTW.US,D,20250513,000000,0.0215,0.0225,0.0215,0.0225,7577,0
OUSTW.US,D,20250514,000000,0.022,0.0227,0.0203,0.020401,8317,0
OUSTW.US,D,20250515,000000,0.0203,0.022,0.0202,0.021,17684,0
OUSTW.US,D,20250516,000000,0.021,0.021,0.0181,0.0182,14583,0
OUSTW.US,D,20250519,000000,0.0189,0.0205,0.0183,0.0205,12523,0
OUSTW.US,D,20250520,000000,0.0191,0.023451,0.0191,0.0206,15911,0
OUSTW.US,D,20250521,000000,0.0182,0.0191,0.0182,0.0191,300,0
OUSTW.US,D,20250522,000000,0.0186,0.0215,0.0186,0.0215,1818,0
OUSTW.US,D,20250523,000000,0.0182,0.035,0.0182,0.025051,24450,0
OUSTW.US,D,20250527,000000,0.0224,0.0243,0.0184,0.0243,17612,0
OUSTW.US,D,20250528,000000,0.0184,0.0349,0.0184,0.0349,15809,0
OUSTW.US,D,20250529,000000,0.0185,0.0342,0.0185,0.034,526,0
OUSTW.US,D,20250530,000000,0.0349,0.0349,0.03,0.032,401,0
OUSTW.US,D,20250602,000000,0.0246,0.0311,0.0246,0.0255,4017,0
OUSTW.US,D,20250603,000000,0.023,0.0231,0.0201,0.0231,8479,0
OUSTW.US,D,20250604,000000,0.022001,0.0241,0.021,0.0214,186366,0
OUSTW.US,D,20250605,000000,0.0215,0.0299,0.0214,0.0215,26038,0
OUSTW.US,D,20250606,000000,0.021601,0.023,0.0216,0.022101,16996,0
OUSTW.US,D,20250609,000000,0.0221,0.0229,0.0214,0.0214,10607,0
OUSTW.US,D,20250610,000000,0.0214,0.022,0.0212,0.022,39522,0
OUSTW.US,D,20250611,000000,0.027,0.095,0.0224,0.07,938008,0
OUSTW.US,D,20250612,000000,0.07,0.07,0.05,0.0525,60360,0
OUSTW.US,D,20250613,000000,0.0502,0.0502,0.04,0.0405,107252,0
OUSTW.US,D,20250616,000000,0.0401,0.0473,0.0401,0.041,52892,0
OUSTW.US,D,20250617,000000,0.0434,0.0451,0.025601,0.0267,69694,0
OUSTW.US,D,20250618,000000,0.0267,0.0496,0.0267,0.0402,56331,0
OUSTW.US,D,20250620,000000,0.06,0.06,0.04,0.04,34841,0
OUSTW.US,D,20250623,000000,0.0401,0.0548,0.04,0.0499,78419,0
OUSTW.US,D,20250624,000000,0.045,0.0799,0.045,0.062,172747,0
OUSTW.US,D,20250625,000000,0.0565,0.0632,0.052,0.052,28375,0
OUSTW.US,D,20250626,000000,0.052,0.058,0.05,0.052,4702,0
OUSTW.US,D,20250627,000000,0.053,0.053,0.0265,0.0387,72115,0
OUSTW.US,D,20250630,000000,0.0387,0.04,0.0272,0.0379,15891,0
OUSTW.US,D,20250701,000000,0.0272,0.03,0.0272,0.03,29460,0
OUSTW.US,D,20250702,000000,0.027,0.0404,0.02641,0.036762,21087,0
OUSTW.US,D,20250703,000000,0.0299,0.0399,0.0299,0.0399,20185,0
OUSTW.US,D,20250707,000000,0.031,0.04,0.031,0.04,34295,0
OUSTW.US,D,20250708,000000,0.0299,0.0399,0.0299,0.037,11202,0
OUSTW.US,D,20250709,000000,0.037,0.0399,0.0334,0.039899,8722,0
OUSTW.US,D,20250710,000000,0.04,0.065,0.0399,0.0401,205143,0
OUSTW.US,D,20250711,000000,0.04,0.05,0.0335,0.0389,31253,0
OUSTW.US,D,20250714,000000,0.0334,0.0417,0.02,0.026,218746,0
OUSTW.US,D,20250715,000000,0.0282,0.0327,0.023749,0.0261,32639,0
OUSTW.US,D,20250716,000000,0.0265,0.0266,0.02,0.024,150033,0
OUSTW.US,D,20250717,000000,0.025,0.0398,0.025,0.0299,100595,0
OUSTW.US,D,20250718,000000,0.027951,0.0375,0.0212,0.0262,8321,0
OUSTW.US,D,20250721,000000,0.022,0.0374,0.022,0.0234,63076,0
OUSTW.US,D,20250722,000000,0.022,0.0233,0.018,0.022951,53224,0
OUSTW.US,D,20250723,000000,0.023,0.0286,0.02,0.0226,19858,0
OUSTW.US,D,20250724,000000,0.0201,0.024751,0.0201,0.024751,32654,0
OUSTW.US,D,20250725,000000,0.022,0.0245,0.0172,0.018,42704,0
OUSTW.US,D,20250728,000000,0.0192,0.0219,0.0191,0.0215,8657,0
OUSTW.US,D,20250729,000000,0.02,0.0212,0.0182,0.0183,22677,0
OUSTW.US,D,20250730,000000,0.0234,0.0293,0.0182,0.0293,31752,0
OUSTW.US,D,20250731,000000,0.0187,0.02,0.011,0.0175,133808,0
OUSTW.US,D,20250801,000000,0.0121,0.015,0.0121,0.0145,21071,0
OUSTW.US,D,20250804,000000,0.0134,0.0143,0.0126,0.0143,45093,0
OUSTW.US,D,20250805,000000,0.0142,0.0142,0.0125,0.0125,29943,0
OUSTW.US,D,20250806,000000,0.0125,0.0125,0.0111,0.0112,8339,0
OUSTW.US,D,20250807,000000,0.0112,0.0164,0.0111,0.0111,74311,0
OUSTW.US,D,20250808,000000,0.0185,0.0185,0.0113,0.0135,66320,0
OUSTW.US,D,20250811,000000,0.0118,0.0145,0.0118,0.0142,24491,0
OUSTW.US,D,20250812,000000,0.0145,0.0145,0.011,0.014,46207,0
OUSTW.US,D,20250813,000000,0.0139,0.03,0.0111,0.0201,351829,0
OUSTW.US,D,20250814,000000,0.02,0.0315,0.0111,0.029,148510,0
OUSTW.US,D,20250815,000000,0.028,0.028,0.015,0.02,12403,0
OUSTW.US,D,20250818,000000,0.015,0.0249,0.015,0.0249,88317,0
OUSTW.US,D,20250819,000000,0.0157,0.0161,0.0154,0.0161,19275,0
OUSTW.US,D,20250820,000000,0.0153,0.017,0.0153,0.0165,12088,0
OUSTW.US,D,20250821,000000,0.015,0.0151,0.015,0.015,2155,0
OUSTW.US,D,20250822,000000,0.015,0.016,0.015,0.0151,18870,0
OUSTW.US,D,20250825,000000,0.0151,0.0161,0.0151,0.0152,11766,0
OUSTW.US,D,20250826,000000,0.015,0.0169,0.011,0.0118,51695,0
OUSTW.US,D,20250827,000000,0.011,0.0136,0.011,0.0129,43066,0
OUSTW.US,D,20250828,000000,0.013,0.01325,0.011,0.011,49138,0
OUSTW.US,D,20250829,000000,0.0101,0.0129,0.0101,0.011,32782,0
OUSTW.US,D,20250902,000000,0.01,0.0123,0.01,0.0102,7793,0
OUSTW.US,D,20250903,000000,0.0101,0.0111,0.0096,0.0101,47674,0
OUSTW.US,D,20250904,000000,0.0096,0.0108,0.0096,0.0096,59152,0
OUSTW.US,D,20250905,000000,0.0089,0.0089,0.0052,0.0073,42582,0
OUSTW.US,D,20250908,000000,0.0056,0.0094,0.0056,0.008,43304,0
OUSTW.US,D,20250909,000000,0.006,0.008,0.006,0.008,10658,0
OUSTW.US,D,20250910,000000,0.0088,0.0088,0.008,0.008,28831,0
OUSTW.US,D,20250911,000000,0.0055,0.0088,0.0041,0.0075,92533,0
OUSTW.US,D,20250912,000000,0.0075,0.0077,0.0075,0.0077,81893,0
OUSTW.US,D,20250915,000000,0.0084,0.0098,0.0075,0.0098,70471,0
OUSTW.US,D,20250916,000000,0.0046,0.0097,0.0046,0.0056,31445,0
OUSTW.US,D,20250917,000000,0.0058,0.009,0.0058,0.0073,184630,0
OUSTW.US,D,20250918,000000,0.0089,0.012,0.0043,0.0119,109807,0
OUSTW.US,D,20250919,000000,0.0065,0.015,0.0065,0.015,156241,0
OUSTW.US,D,20250922,000000,0.0051,0.02,0.0051,0.015,68535,0
OUSTW.US,D,20250923,000000,0.0072,0.0125,0.0071,0.0072,65210,0
OUSTW.US,D,20250924,000000,0.0074,0.0095,0.007,0.007,56550,0
OUSTW.US,D,20250925,000000,0.0071,0.0094,0.0033,0.0056,283413,0
OUSTW.US,D,20250926,000000,0.0042,0.012,0.0035,0.0065,321715,0
OUSTW.US,D,20250929,000000,0.0041,0.0074,0.0018,0.0018,277325,0
