<TICKER>,<PER>,<DATE>,<TIME>,<OPEN>,<HIGH>,<LOW>,<CLOSE>,<VOL>,<OPENINT>
PCAPU.US,D,20250521,000000,10.9,11.2,10.6,10.7,11441854,0
PCAPU.US,D,20250522,000000,10.94,10.94,10.77,10.79,1606967,0
PCAPU.US,D,20250523,000000,10.84,10.85,10.66,10.72,685706,0
PCAPU.US,D,20250527,000000,10.83,10.8304,10.71,10.73,460358,0
PCAPU.US,D,20250528,000000,10.76,10.77,10.61,10.7,189846,0
PCAPU.US,D,20250529,000000,10.7,10.7,10.62,10.63,94127,0
PCAPU.US,D,20250530,000000,10.6381,10.71,10.61,10.71,123863,0
PCAPU.US,D,20250602,000000,10.75,10.83,10.67,10.83,391667,0
PCAPU.US,D,20250603,000000,10.83,11.04,10.815,11.01,1220841,0
PCAPU.US,D,20250604,000000,11.01,11.04,10.9,10.91,276716,0
PCAPU.US,D,20250605,000000,10.9,11.095,10.9,11.05,1272307,0
PCAPU.US,D,20250606,000000,11.05,11.205,11.05,11.17,983947,0
PCAPU.US,D,20250609,000000,11.22,11.35,11.22,11.29,318812,0
PCAPU.US,D,20250610,000000,11.35,11.3899,11.25,11.3,160747,0
PCAPU.US,D,20250611,000000,11.35,11.35,11.28,11.3,267119,0
PCAPU.US,D,20250612,000000,11.102,11.35,11.102,11.275,33043,0
PCAPU.US,D,20250613,000000,11.42,11.71,11.33,11.53,482237,0
PCAPU.US,D,20250616,000000,11.6,11.7,11.38,11.59,180895,0
PCAPU.US,D,20250617,000000,11.6,11.775,11.6,11.75,489338,0
PCAPU.US,D,20250618,000000,11.7085,11.85,11.7,11.85,199028,0
PCAPU.US,D,20250620,000000,12,12.275,11.775,11.92,332704,0
PCAPU.US,D,20250623,000000,11.66,11.7,11.0225,11.27,756660,0
PCAPU.US,D,20250624,000000,11.29,11.4,11.16,11.21,236325,0
PCAPU.US,D,20250625,000000,11.2,11.2,10.7,10.77,776032,0
PCAPU.US,D,20250626,000000,10.7,10.8,10.62,10.69,1508692,0
PCAPU.US,D,20250627,000000,10.7,10.76,10.62,10.75,71801,0
PCAPU.US,D,20250630,000000,10.8,10.8,10.67,10.72,73891,0
PCAPU.US,D,20250701,000000,10.62,10.83,10.62,10.65,276922,0
PCAPU.US,D,20250702,000000,10.65,10.6991,10.5,10.58,313968,0
PCAPU.US,D,20250703,000000,10.525,10.6283,10.525,10.595,11781,0
PCAPU.US,D,20250707,000000,10.51,10.61,10.47,10.55,888002,0
PCAPU.US,D,20250708,000000,10.62,10.64,10.47,10.54,111275,0
PCAPU.US,D,20250709,000000,10.62,10.62,10.5,10.55,167655,0
PCAPU.US,D,20250710,000000,10.58,10.69,10.5,10.62,121500,0
PCAPU.US,D,20250711,000000,10.66,10.77,10.65,10.7,39839,0
PCAPU.US,D,20250714,000000,10.84,10.84,10.47,10.625,139503,0
PCAPU.US,D,20250715,000000,10.61,10.72,10.61,10.65,7756,0
PCAPU.US,D,20250716,000000,10.66,10.72,10.6,10.6,60098,0
PCAPU.US,D,20250717,000000,10.6,10.74,10.6,10.61,47206,0
PCAPU.US,D,20250718,000000,10.6,10.7,10.6,10.7,37574,0
PCAPU.US,D,20250721,000000,10.7,10.7,10.63,10.68,23912,0
PCAPU.US,D,20250722,000000,10.73,10.74,10.65,10.66,44003,0
PCAPU.US,D,20250723,000000,10.7389,10.75,10.63,10.74,60531,0
PCAPU.US,D,20250724,000000,10.688,10.8,10.67,10.71,11410,0
PCAPU.US,D,20250725,000000,10.7476,10.7476,10.65,10.68,26248,0
PCAPU.US,D,20250728,000000,10.65,10.7594,10.65,10.72,22579,0
PCAPU.US,D,20250729,000000,10.71,10.72,10.61,10.69,16890,0
PCAPU.US,D,20250730,000000,10.63,10.6806,10.59,10.59,3393,0
PCAPU.US,D,20250731,000000,10.65,10.68,10.54,10.68,17004,0
PCAPU.US,D,20250801,000000,10.55,10.63,10.46,10.57,42464,0
PCAPU.US,D,20250804,000000,10.5764,10.6,10.44,10.6,22103,0
PCAPU.US,D,20250805,000000,10.65,10.65,10.62,10.62,2988,0
PCAPU.US,D,20250806,000000,10.68,10.68,10.54,10.61,5063,0
PCAPU.US,D,20250807,000000,10.625,10.65,10.585,10.615,3622,0
PCAPU.US,D,20250808,000000,10.61,10.6951,10.515,10.515,15161,0
PCAPU.US,D,20250811,000000,10.57,10.6499,10.42,10.4825,20869,0
PCAPU.US,D,20250812,000000,10.49,10.5,10.45,10.5,17850,0
PCAPU.US,D,20250813,000000,10.5,10.83,10.42,10.53,37823,0
PCAPU.US,D,20250814,000000,10.5,10.535,10.46,10.505,2659,0
PCAPU.US,D,20250815,000000,10.51,10.55,10.497,10.55,4105,0
PCAPU.US,D,20250818,000000,10.62,10.62,10.46,10.6,4071,0
PCAPU.US,D,20250819,000000,10.5735,10.5735,10.32,10.39,30277,0
PCAPU.US,D,20250820,000000,10.43,10.52,10.33,10.37,74041,0
PCAPU.US,D,20250821,000000,10.39,10.44,10.37,10.44,5340,0
PCAPU.US,D,20250822,000000,10.4,10.41,10.37,10.38,4654,0
PCAPU.US,D,20250825,000000,10.39,10.4285,10.3,10.31,7493,0
PCAPU.US,D,20250826,000000,10.35,10.4,10.27,10.4,7669,0
PCAPU.US,D,20250827,000000,10.35,10.35,10.25,10.32,28253,0
PCAPU.US,D,20250828,000000,10.36,10.427,10.27,10.42,20300,0
PCAPU.US,D,20250829,000000,10.45,10.48,10.37,10.43,5727,0
PCAPU.US,D,20250902,000000,10.4,10.4,10.35,10.37,270557,0
PCAPU.US,D,20250903,000000,10.37,10.41,10.37,10.4,7500,0
PCAPU.US,D,20250904,000000,10.41,10.41,10.35,10.37,10910,0
PCAPU.US,D,20250905,000000,10.35,10.4,10.32,10.32,40853,0
PCAPU.US,D,20250908,000000,10.3511,10.37,10.35,10.37,2677,0
PCAPU.US,D,20250909,000000,10.3492,10.4208,10.325,10.4208,1890,0
PCAPU.US,D,20250910,000000,10.33,10.41,10.33,10.41,984,0
PCAPU.US,D,20250911,000000,10.4,10.41,10.35,10.4,2359,0
PCAPU.US,D,20250912,000000,10.38,10.4699,10.38,10.44,10745,0
PCAPU.US,D,20250915,000000,10.5,10.5,10.42,10.45,14174,0
PCAPU.US,D,20250916,000000,10.36,10.45,10.36,10.4,4860,0
PCAPU.US,D,20250917,000000,10.39,10.42,10.39,10.39,1320,0
PCAPU.US,D,20250918,000000,10.45,10.45,10.39,10.39,10543,0
PCAPU.US,D,20250919,000000,10.3901,10.41,10.14,10.35,73867,0
PCAPU.US,D,20250922,000000,10.43,10.44,10.36,10.4,14461,0
PCAPU.US,D,20250923,000000,10.35,10.43,10.35,10.42,9639,0
PCAPU.US,D,20250924,000000,10.4085,10.45,10.3501,10.425,3219,0
PCAPU.US,D,20250925,000000,10.365,10.415,10.35,10.38,10903,0
PCAPU.US,D,20250926,000000,10.38,10.44,10.35,10.42,6859,0
PCAPU.US,D,20250929,000000,10.42,10.435,10.37,10.435,3193,0
PCAPU.US,D,20250930,000000,10.48,10.59,10.38,10.5,332700,0
PCAPU.US,D,20251001,000000,10.2948,10.52,10.28,10.48,9305,0
PCAPU.US,D,20251002,000000,10.5,10.7169,10.48,10.65,28517,0
PCAPU.US,D,20251003,000000,10.56,10.63,10.54,10.55,8447,0
PCAPU.US,D,20251006,000000,10.55,10.64,10.54,10.563,8020,0
PCAPU.US,D,20251007,000000,10.8,10.8,10.55,10.63,2679,0
PCAPU.US,D,20251008,000000,10.62,10.6361,10.56,10.6,18660,0
PCAPU.US,D,20251009,000000,11,11.0002,10.55,10.58,9653,0
PCAPU.US,D,20251010,000000,10.58,10.7086,10.56,10.56,2910,0
PCAPU.US,D,20251013,000000,10.57,10.63,10.56,10.56,1273,0
PCAPU.US,D,20251015,000000,10.7042,10.7042,10.5599,10.6,55316,0
PCAPU.US,D,20251016,000000,10.62,10.6479,10.6,10.6352,5008,0
PCAPU.US,D,20251017,000000,10.61,10.634,10.53,10.55,16682,0
PCAPU.US,D,20251020,000000,10.59,10.645,10.58,10.6,42244,0
PCAPU.US,D,20251021,000000,10.65,10.7799,10.65,10.7799,4414,0
PCAPU.US,D,20251022,000000,10.65,10.65,10.535,10.56,26224,0
PCAPU.US,D,20251023,000000,10.6,10.72,10.56,10.67,40346,0
PCAPU.US,D,20251024,000000,10.61,10.7,10.48,10.7,10270,0
PCAPU.US,D,20251027,000000,10.61,10.685,10.61,10.685,1190,0
PCAPU.US,D,20251028,000000,10.66,10.6697,10.66,10.6697,371,0
PCAPU.US,D,20251029,000000,10.64,10.6473,10.63,10.63,1420,0
PCAPU.US,D,20251030,000000,10.55,10.55,10.55,10.55,6957,0
PCAPU.US,D,20251031,000000,10.54,10.6298,10.505,10.53,3517,0
PCAPU.US,D,20251103,000000,10.6455,10.6455,10.51,10.55,7597,0
PCAPU.US,D,20251104,000000,10.54,10.55,10.4998,10.54,34284,0
PCAPU.US,D,20251105,000000,10.5401,10.5401,10.54,10.54,545,0
