<TICKER>,<PER>,<DATE>,<TIME>,<OPEN>,<HIGH>,<LOW>,<CLOSE>,<VOL>,<OPENINT>
STAI.US,D,20250106,000000,2.45,2.9,2.23,2.23,1603221,0
STAI.US,D,20250107,000000,2.25,3.34,2.2,2.77,3304808,0
STAI.US,D,20250108,000000,2.7,2.8,1.7575,2.18,4001559,0
STAI.US,D,20250110,000000,2.71,2.8758,2.02,2.28,6864952,0
STAI.US,D,20250113,000000,2.06,2.1,1.91,1.97,820215,0
STAI.US,D,20250114,000000,1.94,2.4,1.915,2.18,759104,0
STAI.US,D,20250115,000000,2.16,2.26,2.02,2.06,303217,0
STAI.US,D,20250116,000000,1.96,2.06,1.9,1.945,353145,0
STAI.US,D,20250117,000000,1.99,1.99,1.57,1.75,532943,0
STAI.US,D,20250121,000000,1.75,1.8254,1.4123,1.47,941081,0
STAI.US,D,20250122,000000,1.48,2.81,1.47,2.16,51847229,0
STAI.US,D,20250123,000000,2.1,2.1389,1.7606,1.89,3062167,0
STAI.US,D,20250124,000000,2.04,2.04,1.7,1.71,1401528,0
STAI.US,D,20250127,000000,1.71,1.73,1.55,1.56,675311,0
STAI.US,D,20250128,000000,1.55,1.71,1.45,1.55,530915,0
STAI.US,D,20250129,000000,1.55,1.5908,1.47,1.5,288373,0
STAI.US,D,20250130,000000,1.84,1.87,1.31,1.38,22857594,0
STAI.US,D,20250131,000000,1.44,1.58,1.37,1.49,1249548,0
STAI.US,D,20250203,000000,1.42,1.5224,1.35,1.48,893231,0
STAI.US,D,20250204,000000,1.46,1.48,1.37,1.4,752484,0
STAI.US,D,20250205,000000,1.35,1.42,1.33,1.37,1125620,0
STAI.US,D,20250206,000000,1.33,1.42,1.33,1.4,675900,0
STAI.US,D,20250207,000000,1.42,1.45,1.35,1.45,521740,0
STAI.US,D,20250210,000000,1.43,1.45,1.37,1.43,568483,0
STAI.US,D,20250211,000000,1.38,1.4,1.34,1.35,404751,0
STAI.US,D,20250212,000000,1.3,1.46,1.23,1.43,697830,0
STAI.US,D,20250213,000000,1.44,1.7194,1.36,1.68,4796864,0
STAI.US,D,20250214,000000,2.31,2.38,1.7,2.05,43293175,0
STAI.US,D,20250218,000000,2.13,4.4099,2.12,3.51,147713090,0
STAI.US,D,20250219,000000,2.94,3.6,2.7658,3.14,8234180,0
STAI.US,D,20250220,000000,3.42,5.2,3.26,3.63,67096986,0
STAI.US,D,20250221,000000,4.13,4.24,3.05,3.29,7609881,0
STAI.US,D,20250224,000000,3.21,3.23,2.06,2.1401,5142553,0
STAI.US,D,20250225,000000,2.17,3.18,2.17,2.57,12321251,0
STAI.US,D,20250226,000000,2.43,2.748,2.34,2.51,2852228,0
STAI.US,D,20250227,000000,2.54,2.7,2.38,2.42,1591939,0
STAI.US,D,20250228,000000,2.32,2.43,2.13,2.31,1193633,0
STAI.US,D,20250303,000000,2.35,2.49,1.99,2,1370722,0
STAI.US,D,20250304,000000,1.78,2.05,1.76,2.01,1076502,0
STAI.US,D,20250305,000000,2.04,2.14,2,2.05,604632,0
STAI.US,D,20250306,000000,1.98,2.1297,1.9,1.91,719687,0
STAI.US,D,20250307,000000,1.91,1.91,1.71,1.84,704888,0
STAI.US,D,20250310,000000,1.93,1.9629,1.7001,1.73,440053,0
STAI.US,D,20250311,000000,1.71,1.8499,1.71,1.82,450131,0
STAI.US,D,20250312,000000,1.85,1.93,1.66,1.7,657398,0
STAI.US,D,20250313,000000,1.73,1.815,1.7,1.74,341116,0
STAI.US,D,20250314,000000,1.74,1.905,1.72,1.9,520594,0
STAI.US,D,20250317,000000,1.99,2.3,1.965,2.16,1324985,0
STAI.US,D,20250318,000000,2.11,2.24,1.98,2.22,441627,0
STAI.US,D,20250319,000000,2.27,2.557263,2.21,2.43,936169,0
STAI.US,D,20250320,000000,2.4,3,2.4,2.88,1598940,0
STAI.US,D,20250321,000000,2.81,2.92,2.45,2.81,895410,0
STAI.US,D,20250324,000000,2.86,2.88,2.54,2.61,521906,0
STAI.US,D,20250325,000000,2.54,2.73,2.35,2.69,775968,0
STAI.US,D,20250326,000000,2.64,2.65,2.42,2.42,371428,0
STAI.US,D,20250327,000000,2.37,2.42,2.16,2.33,355741,0
STAI.US,D,20250328,000000,2.27,2.2748,2.06,2.16,280747,0
STAI.US,D,20250331,000000,2.44,2.45,1.63,2.03,3854566,0
STAI.US,D,20250401,000000,2.03,2.07,1.9,1.97,435403,0
STAI.US,D,20250402,000000,1.97,2.269,1.9,2.24,987168,0
STAI.US,D,20250403,000000,2.03,2.24,2.01,2.03,386340,0
STAI.US,D,20250404,000000,2.01,2.01,1.72,1.78,844748,0
STAI.US,D,20250407,000000,1.65,1.8274,1.62,1.73,533261,0
STAI.US,D,20250408,000000,1.805,1.88,1.55,1.61,615368,0
STAI.US,D,20250409,000000,1.61,1.87,1.5,1.85,763501,0
STAI.US,D,20250410,000000,1.77,1.81,1.6833,1.74,193786,0
STAI.US,D,20250411,000000,1.71,1.785,1.68,1.71,265428,0
STAI.US,D,20250414,000000,1.73,1.96,1.73,1.84,395590,0
STAI.US,D,20250415,000000,1.78,1.91,1.76,1.85,230992,0
STAI.US,D,20250416,000000,1.85,1.96,1.7,1.78,808582,0
STAI.US,D,20250417,000000,1.79,1.82,1.7,1.77,146350,0
STAI.US,D,20250421,000000,1.71,1.75,1.6503,1.73,216768,0
STAI.US,D,20250422,000000,1.71,1.72,1.66,1.69,105115,0
STAI.US,D,20250423,000000,1.75,1.7799,1.68,1.71,226079,0
STAI.US,D,20250424,000000,1.71,1.72,1.68,1.7,233233,0
STAI.US,D,20250425,000000,1.72,1.74,1.61,1.67,299199,0
STAI.US,D,20250428,000000,1.65,1.68,1.55,1.58,306778,0
STAI.US,D,20250429,000000,1.56,1.58,1.52,1.55,180261,0
STAI.US,D,20250430,000000,1.56,1.64,1.49,1.6,187534,0
STAI.US,D,20250501,000000,1.64,1.6401,1.55,1.59,187625,0
STAI.US,D,20250502,000000,1.58,1.62,1.53,1.6,225726,0
STAI.US,D,20250505,000000,1.6,1.72,1.6,1.65,227761,0
STAI.US,D,20250506,000000,1.6,1.62,1.5445,1.57,155505,0
STAI.US,D,20250507,000000,1.56,1.565,1.47,1.53,178202,0
STAI.US,D,20250508,000000,1.74,2.11,1.35,1.46,6285427,0
STAI.US,D,20250509,000000,1.41,1.53,1.38,1.42,567499,0
STAI.US,D,20250512,000000,1.45,1.45,1.2745,1.3,1165655,0
STAI.US,D,20250513,000000,1.27,1.3,1.05,1.11,1576430,0
STAI.US,D,20250514,000000,1.13,1.18,1.01,1.09,821071,0
STAI.US,D,20250515,000000,1.08,1.09,0.9,1,1022062,0
STAI.US,D,20250516,000000,0.995,0.9955,0.95,0.9541,387776,0
STAI.US,D,20250519,000000,0.95,1.2299,0.9,1.05,1782040,0
STAI.US,D,20250520,000000,1.13,1.16,1.03,1.09,1124751,0
STAI.US,D,20250521,000000,1.09,1.0986,1.01,1.04,538198,0
STAI.US,D,20250522,000000,1.04,1.04,0.99,1.005,525799,0
STAI.US,D,20250523,000000,1,1.01,0.9601,0.9645,365075,0
STAI.US,D,20250527,000000,0.99,1,0.93,0.9601,508848,0
STAI.US,D,20250528,000000,0.96,0.97,0.9,0.9139,460427,0
STAI.US,D,20250529,000000,0.9,0.9493,0.781001,0.7926,819152,0
STAI.US,D,20250530,000000,0.7844,0.8057,0.7,0.7285,680164,0
STAI.US,D,20250602,000000,0.725,0.765,0.725,0.751,518303,0
STAI.US,D,20250603,000000,0.765,0.77,0.684,0.71,606199,0
STAI.US,D,20250604,000000,0.7,0.899,0.7,0.7899,4162961,0
STAI.US,D,20250605,000000,0.81,0.8658,0.74,0.7689,1259602,0
STAI.US,D,20250606,000000,0.7454,0.795299,0.74,0.779,291673,0
STAI.US,D,20250609,000000,0.78,0.82,0.76,0.7874,413654,0
STAI.US,D,20250610,000000,0.7739,0.83,0.76,0.815,321274,0
STAI.US,D,20250611,000000,0.83,0.83,0.75425,0.76,475865,0
STAI.US,D,20250612,000000,0.7566,0.78,0.71,0.7377,352657,0
STAI.US,D,20250613,000000,0.73,0.7999,0.682,0.767,1050667,0
STAI.US,D,20250616,000000,0.78,0.818,0.6915,0.742,1289565,0
STAI.US,D,20250617,000000,0.7,0.7228,0.661,0.7095,787314,0
STAI.US,D,20250618,000000,0.717,0.7568,0.7,0.715,400015,0
STAI.US,D,20250620,000000,0.73,0.76,0.7021,0.7251,244906,0
STAI.US,D,20250623,000000,0.71,0.73,0.6847,0.69,241560,0
STAI.US,D,20250624,000000,0.7,0.72499,0.6759,0.7019,358688,0
STAI.US,D,20250625,000000,0.6936,0.7008,0.6615,0.6835,330275,0
STAI.US,D,20250626,000000,0.6682,0.69,0.66,0.6698,381718,0
STAI.US,D,20250627,000000,0.67,0.6891,0.6512,0.66,417505,0
STAI.US,D,20250630,000000,0.68,0.68,0.62001,0.6683,351311,0
STAI.US,D,20250701,000000,0.6518,0.6642,0.63,0.633,425052,0
STAI.US,D,20250702,000000,0.63,0.653,0.63,0.649,210793,0
STAI.US,D,20250703,000000,0.6661,0.749,0.6543,0.721,703843,0
STAI.US,D,20250707,000000,0.7499,0.75,0.6966,0.71,550686,0
STAI.US,D,20250708,000000,0.7101,0.73,0.681,0.7053,262426,0
STAI.US,D,20250709,000000,0.7059,0.71,0.6622,0.6735,378581,0
STAI.US,D,20250710,000000,0.669,0.6885,0.6501,0.659,513291,0
STAI.US,D,20250711,000000,0.66,0.7,0.66,0.692,450391,0
STAI.US,D,20250714,000000,0.69,0.7745,0.6683,0.74,659590,0
STAI.US,D,20250715,000000,0.75,0.8309,0.71,0.7112,767266,0
STAI.US,D,20250716,000000,0.7065,0.7098,0.6358,0.6496,749517,0
STAI.US,D,20250717,000000,0.6519,0.721,0.6519,0.7135,903760,0
STAI.US,D,20250718,000000,0.73,0.7327,0.69,0.699,342081,0
STAI.US,D,20250721,000000,0.7,0.72,0.67,0.686,387425,0
STAI.US,D,20250722,000000,0.675,0.6945,0.65,0.6661,455487,0
STAI.US,D,20250723,000000,0.6709,0.69,0.6709,0.6811,195485,0
STAI.US,D,20250724,000000,0.6811,0.6898,0.6424,0.6426,461435,0
STAI.US,D,20250725,000000,0.656,0.66,0.62,0.6399,483010,0
STAI.US,D,20250728,000000,0.64,0.697,0.64,0.669,31200868,0
STAI.US,D,20250729,000000,0.9669,1.54,0.92,1.19,319087543,0
STAI.US,D,20250730,000000,1.05,1.12,0.7136,0.7136,22023288,0
STAI.US,D,20250731,000000,0.7074,0.83,0.565,0.6407,12004227,0
STAI.US,D,20250801,000000,0.586,0.6234,0.563,0.5779,2920239,0
STAI.US,D,20250804,000000,0.56,0.6199,0.56,0.5883,1850875,0
STAI.US,D,20250805,000000,0.585,0.63,0.5251,0.6108,3429883,0
STAI.US,D,20250806,000000,0.6305,0.645,0.5901,0.618,1432371,0
STAI.US,D,20250807,000000,0.613,0.62469,0.5617,0.5688,1589089,0
STAI.US,D,20250808,000000,0.557,0.5688,0.5116,0.5382,1623793,0
STAI.US,D,20250811,000000,0.526,0.56,0.5201,0.5323,816693,0
STAI.US,D,20250812,000000,0.51,0.52,0.4446,0.4841,2303194,0
STAI.US,D,20250813,000000,0.4748,0.4943,0.43,0.4682,2462703,0
STAI.US,D,20250814,000000,0.4488,0.5791,0.4488,0.52,5310304,0
STAI.US,D,20250815,000000,0.5345,0.5345,0.4801,0.5091,1475152,0
STAI.US,D,20250818,000000,0.5054,0.525,0.49,0.4999,554080,0
STAI.US,D,20250819,000000,0.49,0.5127,0.4527,0.469,24444738,0
STAI.US,D,20250820,000000,0.5728,0.583,0.4252,0.4262,58841335,0
STAI.US,D,20250821,000000,0.4363,0.4881,0.4167,0.4397,5605767,0
STAI.US,D,20250822,000000,0.423,0.4798,0.422,0.46,3657761,0
STAI.US,D,20250825,000000,0.4348,0.4858,0.4348,0.4603,1939216,0
STAI.US,D,20250826,000000,0.46,0.4827,0.435,0.441,2022056,0
STAI.US,D,20250827,000000,0.45,0.47,0.4349,0.4351,2651287,0
STAI.US,D,20250828,000000,0.448,0.45,0.4217,0.4314,1309301,0
STAI.US,D,20250829,000000,0.44,0.445,0.4169,0.4228,1138863,0
STAI.US,D,20250902,000000,0.4139,0.4513,0.3634,0.38,3352207,0
STAI.US,D,20250903,000000,0.3745,0.4099,0.363,0.38,4967772,0
STAI.US,D,20250904,000000,0.376,0.3899,0.3542,0.3691,1300694,0
STAI.US,D,20250905,000000,0.36,0.37,0.3542,0.3679,758191,0
STAI.US,D,20250908,000000,0.36,0.3774,0.3592,0.3677,841567,0
STAI.US,D,20250909,000000,0.36,0.3952,0.3529,0.389,1308131,0
STAI.US,D,20250910,000000,0.3915,0.3992,0.3784,0.3886,1190939,0
STAI.US,D,20250911,000000,0.38,0.4454,0.3781,0.4425,2672035,0
STAI.US,D,20250912,000000,0.431,0.4479,0.410201,0.4146,1493653,0
STAI.US,D,20250915,000000,0.413,0.4479,0.4102,0.428,1370607,0
STAI.US,D,20250916,000000,0.44,0.4987,0.43,0.4899,2403771,0
STAI.US,D,20250917,000000,0.4995,0.5,0.44,0.442,4170652,0
STAI.US,D,20250918,000000,0.4608,0.4931,0.4475,0.4475,2678020,0
STAI.US,D,20250919,000000,0.4715,0.58,0.4491,0.4871,12334787,0
STAI.US,D,20250922,000000,0.4579,0.53,0.45,0.508,3751046,0
STAI.US,D,20250923,000000,0.5,0.55,0.49,0.5013,2713616,0
STAI.US,D,20250924,000000,0.5,0.5199,0.4651,0.47,1547671,0
STAI.US,D,20250925,000000,0.4404,0.473999,0.425,0.4472,1666519,0
STAI.US,D,20250926,000000,0.4436,0.4499,0.41,0.4188,1889986,0
STAI.US,D,20250929,000000,0.4242,0.4342,0.404,0.4129,1632677,0
STAI.US,D,20250930,000000,0.42,0.426199,0.4022,0.415,1220864,0
STAI.US,D,20251001,000000,0.419,0.42,0.395,0.414,1664929,0
STAI.US,D,20251002,000000,0.415,0.4288,0.4002,0.4085,2183550,0
STAI.US,D,20251003,000000,0.4289,0.4623,0.4108,0.4419,3782403,0
STAI.US,D,20251006,000000,0.44,0.4671,0.4336,0.453,2204488,0
STAI.US,D,20251007,000000,0.444,0.4649,0.42,0.4364,1453795,0
STAI.US,D,20251008,000000,0.44,0.4666,0.44,0.4522,1633804,0
STAI.US,D,20251009,000000,0.446,0.4685,0.4289,0.4482,923992,0
STAI.US,D,20251010,000000,0.5738,0.91,0.552,0.625,228870836,0
STAI.US,D,20251013,000000,0.594,0.63,0.5,0.53,11373048,0
STAI.US,D,20251014,000000,0.5381,0.59,0.53,0.5544,4857321,0
STAI.US,D,20251015,000000,0.6355,0.6387,0.5655,0.592,7427982,0
STAI.US,D,20251016,000000,0.615,0.65,0.511,0.52,6715240,0
STAI.US,D,20251017,000000,0.52,0.547899,0.5101,0.533,2030869,0
STAI.US,D,20251020,000000,0.55,0.59,0.5401,0.5782,2584149,0
STAI.US,D,20251021,000000,0.58,0.5855,0.5251,0.5339,2326562,0
STAI.US,D,20251022,000000,0.5283,0.56379,0.4815,0.5198,3224524,0
STAI.US,D,20251023,000000,0.509,0.57,0.509,0.5618,2040784,0
STAI.US,D,20251024,000000,0.5785,0.605,0.5601,0.5914,2871600,0
STAI.US,D,20251027,000000,0.61,0.73,0.6049,0.652,8011637,0
STAI.US,D,20251028,000000,0.665,0.6796,0.5755,0.59,3921503,0
STAI.US,D,20251029,000000,0.58,0.596,0.5109,0.5337,2803601,0
STAI.US,D,20251030,000000,0.5188,0.5378,0.502,0.5087,1318917,0
STAI.US,D,20251031,000000,0.514,0.5221,0.4884,0.5035,1642547,0
STAI.US,D,20251103,000000,0.5093,0.51,0.455,0.4617,1730772,0
STAI.US,D,20251104,000000,0.441,0.441,0.4102,0.4378,1779264,0
STAI.US,D,20251105,000000,0.4339,0.472799,0.4339,0.4668,641581,0
