<TICKER>,<PER>,<DATE>,<TIME>,<OPEN>,<HIGH>,<LOW>,<CLOSE>,<VOL>,<OPENINT>
BPI.US,D,20250403,000000,33.7,34.21,33.7,33.879,7737,0
BPI.US,D,20250404,000000,34.2373,34.4096,34,34.4096,2917,0
BPI.US,D,20250407,000000,32.48,32.945,32.09,32.512,2613,0
BPI.US,D,20250408,000000,33.2399,33.2399,31.7,31.91,2709,0
BPI.US,D,20250409,000000,32.05,34.1,32.05,34.0031,930,0
BPI.US,D,20250410,000000,33.3,33.3,32.99,33.0971,1615,0
BPI.US,D,20250411,000000,34.25,34.57,33.9245,34.4873,3353,0
BPI.US,D,20250414,000000,34.71,35.19,34.71,35.0183,5258,0
BPI.US,D,20250415,000000,35.4,35.4,34.87,34.9092,2684,0
BPI.US,D,20250416,000000,34.85,35.215,34.77,34.9974,2616,0
BPI.US,D,20250417,000000,35.01,35.3001,34.86,35.3001,3440,0
BPI.US,D,20250421,000000,36.14,36.41,35.835,36.086,25341,0
BPI.US,D,20250422,000000,37.0138,37.48,37.0138,37.3724,11277,0
BPI.US,D,20250423,000000,38.16,38.16,37.5,37.931,8126,0
BPI.US,D,20250424,000000,37.93,38.15,37.885,38.1449,11112,0
BPI.US,D,20250425,000000,38.475,38.64,38.47,38.64,3400,0
BPI.US,D,20250428,000000,38.5474,38.71,38.17,38.5282,1620,0
BPI.US,D,20250429,000000,38.675,38.85,38.675,38.8,3163,0
BPI.US,D,20250430,000000,37.7,38.11,37.7,38.0959,8199,0
BPI.US,D,20250501,000000,38.5512,38.98,38.49,38.8107,4042,0
BPI.US,D,20250502,000000,38.98,39.05,38.881,38.92,1801,0
BPI.US,D,20250505,000000,38.23,38.62,38.11,38.47,2573,0
BPI.US,D,20250506,000000,38.41,38.6245,38.39,38.6245,1138,0
BPI.US,D,20250507,000000,39.29,39.29,38.9988,38.9988,518,0
BPI.US,D,20250508,000000,39.702,39.92,39.702,39.8231,5283,0
BPI.US,D,20250509,000000,40.13,40.15,39.97,40.0229,4456,0
BPI.US,D,20250512,000000,40.26,40.26,40.04,40.085,6971,0
BPI.US,D,20250513,000000,40.12,40.28,40.12,40.2516,8180,0
BPI.US,D,20250514,000000,40.32,40.33,40.2148,40.2148,2627,0
BPI.US,D,20250515,000000,39.895,40.0346,39.86,40.0346,1679,0
BPI.US,D,20250516,000000,40.3211,40.5,40.29,40.3757,1639,0
BPI.US,D,20250519,000000,40.1,40.8705,40.09,40.8705,3225,0
BPI.US,D,20250520,000000,40.63,41.3653,40.63,41.3653,1266,0
BPI.US,D,20250521,000000,40.9,41.59,40.82,41.3873,3233,0
BPI.US,D,20250522,000000,42.13,42.29,41.9,42.08,7145,0
BPI.US,D,20250523,000000,41.5,41.89,41.38,41.38,5474,0
BPI.US,D,20250527,000000,41.95,42.235,41.88,42.075,13801,0
BPI.US,D,20250528,000000,41.38,41.83,41.1317,41.1751,5267,0
BPI.US,D,20250529,000000,41.36,41.36,40.762,40.762,6673,0
BPI.US,D,20250530,000000,40.71,40.92,40.46,40.4621,2644,0
BPI.US,D,20250602,000000,40.2717,40.45,40.09,40.448,2247,0
BPI.US,D,20250603,000000,40.875,41.37,40.69,41.0739,13041,0
BPI.US,D,20250604,000000,40.715,40.865,40.37,40.6765,16959,0
BPI.US,D,20250605,000000,40.77,40.81,39.39,39.41,15828,0
BPI.US,D,20250606,000000,40.177,40.69,40.177,40.2813,4527,0
BPI.US,D,20250609,000000,41.29,41.905,41.29,41.8752,5729,0
BPI.US,D,20250610,000000,41.78,42.49,41.78,42.33,7319,0
BPI.US,D,20250611,000000,42.43,42.67,41.96,42.0038,7362,0
BPI.US,D,20250612,000000,41.3,41.54,41.3,41.3195,1163,0
BPI.US,D,20250613,000000,40.66,40.94,40.34,40.61,9236,0
BPI.US,D,20250616,000000,41.411,42.1387,41.41,42.0277,4843,0
BPI.US,D,20250617,000000,40.79,40.79,40.01,40.59,4843,0
BPI.US,D,20250618,000000,40.69,40.72,40.2346,40.2346,4784,0
BPI.US,D,20250620,000000,40.05,40.05,39.55,39.8477,1603,0
BPI.US,D,20250623,000000,38.91,39.788,38.65,39.788,8332,0
BPI.US,D,20250624,000000,40.5,40.69,40.4,40.6483,7272,0
BPI.US,D,20250625,000000,40.72,40.73,40.47,40.7026,7637,0
BPI.US,D,20250626,000000,40.45,40.7389,40.45,40.6662,2810,0
BPI.US,D,20250627,000000,40.48,40.51,40.27,40.4396,3511,0
BPI.US,D,20250630,000000,40.48,40.62,40.3393,40.3553,7590,0
BPI.US,D,20250701,000000,40.38,40.38,40.0317,40.176,4780,0
BPI.US,D,20250702,000000,41.01,41.41,40.85,41.3927,7292,0
BPI.US,D,20250703,000000,41.535,41.535,41.36,41.3958,874,0
BPI.US,D,20250707,000000,41.01,41.17,40.85,40.9698,767,0
BPI.US,D,20250708,000000,41.225,41.4299,41.02,41.2646,9732,0
BPI.US,D,20250709,000000,41.59,42.3717,41.31,42.3717,3729,0
BPI.US,D,20250710,000000,42.14,42.9025,42.07,42.9025,6675,0
BPI.US,D,20250711,000000,44.24,44.2925,43.75,44.2925,13501,0
BPI.US,D,20250714,000000,45.34,45.34,44.7,44.8224,4357,0
BPI.US,D,20250715,000000,44.3135,44.47,43.8113,44.1066,3807,0
BPI.US,D,20250716,000000,44.7699,45.0387,44.76,44.9028,2996,0
BPI.US,D,20250717,000000,44.54,45.08,44.52,44.9233,17252,0
BPI.US,D,20250718,000000,44.71,44.71,44.3225,44.3225,2805,0
BPI.US,D,20250721,000000,44.84,44.97,44.0346,44.0346,12487,0
BPI.US,D,20250722,000000,44.8,45.1114,44.8,44.8519,1037,0
BPI.US,D,20250723,000000,43.4,43.7286,43.4,43.7286,1544,0
BPI.US,D,20250724,000000,43.7,43.99,43.62,43.9242,1476,0
BPI.US,D,20250725,000000,42.73,43.21,42.6028,43.1458,3038,0
BPI.US,D,20250728,000000,43.66,43.66,43.435,43.6036,2613,0
BPI.US,D,20250729,000000,43.63,43.63,43.4445,43.4445,414,0
BPI.US,D,20250730,000000,43.442,43.97,42.9442,43.2469,6693,0
BPI.US,D,20250731,000000,43.8341,43.8341,43.198,43.198,1741,0
BPI.US,D,20250801,000000,42.25,42.7491,41.9511,41.9511,4269,0
BPI.US,D,20250804,000000,42.4778,42.8199,42.415,42.5036,1826,0
BPI.US,D,20250805,000000,42.14,42.1669,41.89,42.1508,2103,0
BPI.US,D,20250806,000000,42.27,42.87,42.27,42.77,2331,0
BPI.US,D,20250807,000000,43.12,43.6,43.07,43.5636,4284,0
BPI.US,D,20250808,000000,43.19,43.2489,43.13,43.1542,6236,0
BPI.US,D,20250811,000000,44.05,44.5434,43.9391,43.9391,6862,0
BPI.US,D,20250812,000000,44.3,44.34,43.93,44.2921,6579,0
BPI.US,D,20250813,000000,44.73,45.3637,44.68,45.3637,5184,0
BPI.US,D,20250814,000000,43.68,43.77,43.29,43.5,8619,0
BPI.US,D,20250815,000000,43.465,43.51,43.1018,43.1018,1721,0
BPI.US,D,20250818,000000,42.75,43.06,42.495,42.99,3446,0
BPI.US,D,20250819,000000,42.71,42.71,41.8869,41.8869,3306,0
BPI.US,D,20250820,000000,42.32,42.32,42.3037,42.3037,1444,0
BPI.US,D,20250821,000000,42.12,42.12,41.5435,41.5435,860,0
BPI.US,D,20250822,000000,41.497,43.164,41.497,43.0758,1767,0
BPI.US,D,20250825,000000,41.3115,41.81,41.1385,41.1385,2588,0
BPI.US,D,20250826,000000,40.9179,41.2189,40.7,41.2189,1447,0
BPI.US,D,20250827,000000,41.61,41.61,41.5,41.5581,1117,0
BPI.US,D,20250828,000000,41.31,41.31,40.8912,40.8912,1201,0
BPI.US,D,20250829,000000,39.94,39.94,39.44,39.5847,10824,0
BPI.US,D,20250902,000000,40.51,40.79,40.415,40.46,3809,0
BPI.US,D,20250903,000000,40.5923,41.02,40.5923,40.9925,2637,0
BPI.US,D,20250904,000000,40.38,40.38,40.05,40.2814,3877,0
BPI.US,D,20250905,000000,40.75,40.9992,39.13,40.4801,4698,0
BPI.US,D,20250908,000000,40.84,40.96,40.6101,40.7038,7048,0
BPI.US,D,20250909,000000,40.88,40.88,40.4159,40.5456,1012,0
BPI.US,D,20250910,000000,41.38,41.38,41.1683,41.1683,600,0
BPI.US,D,20250911,000000,41.44,41.4889,41.44,41.4889,335,0
BPI.US,D,20250912,000000,41.33,41.75,41.3,41.6946,1361,0
BPI.US,D,20250915,000000,41.12,41.4015,41.12,41.4015,2202,0
BPI.US,D,20250916,000000,41.39,41.7865,41.39,41.7865,3880,0
BPI.US,D,20250917,000000,41.59,41.59,41.45,41.5617,2274,0
BPI.US,D,20250918,000000,42.2429,42.2429,42.14,42.1401,987,0
BPI.US,D,20250919,000000,41.8698,41.8698,41.5852,41.5852,2347,0
BPI.US,D,20250922,000000,40.74,41.06,40.5721,40.5721,4159,0
BPI.US,D,20250923,000000,40.87,40.87,40.36,40.3878,831,0
BPI.US,D,20250924,000000,41.1554,41.1554,40.9817,41.0231,2129,0
BPI.US,D,20250925,000000,40.1187,40.3503,39.58,39.7588,1931,0
BPI.US,D,20250926,000000,39.933,39.96,39.6017,39.6017,2437,0
BPI.US,D,20250929,000000,40.19,41.0277,40.19,41.0277,2516,0
BPI.US,D,20250930,000000,40.83,41.0414,40.6213,41.0414,1125,0
BPI.US,D,20251001,000000,41.6681,41.9413,41.6681,41.8885,5541,0
BPI.US,D,20251002,000000,42.4,43,42.4,42.8531,1813,0
BPI.US,D,20251003,000000,42.74,43.2847,42.74,43.2847,1267,0
BPI.US,D,20251006,000000,43.58,44.01,43.5613,43.9318,2138,0
BPI.US,D,20251007,000000,43.65,43.69,43.08,43.183,4176,0
BPI.US,D,20251008,000000,43.5556,43.7068,43.5556,43.7068,1594,0
BPI.US,D,20251009,000000,43.4463,43.4463,43.1006,43.1006,1583,0
BPI.US,D,20251010,000000,42.41,42.41,41.55,41.7893,834,0
BPI.US,D,20251013,000000,41.23,41.5605,41.12,41.5605,4775,0
BPI.US,D,20251014,000000,39.93,40.0152,39.59,40.0152,2896,0
BPI.US,D,20251015,000000,39.93,39.93,39.24,39.516,926,0
BPI.US,D,20251016,000000,39.23,39.23,38.463,38.463,2630,0
BPI.US,D,20251017,000000,37.56,37.87,37.2583,37.7434,27958,0
BPI.US,D,20251020,000000,39.227,39.2535,38.99,39.0705,2164,0
BPI.US,D,20251021,000000,38.28,39.42,38.28,39.3903,2142,0
BPI.US,D,20251022,000000,38.1621,38.38,38.154,38.2217,1881,0
BPI.US,D,20251023,000000,38.78,39.19,38.7001,38.9951,998,0
BPI.US,D,20251024,000000,39.12,39.2987,39.12,39.2254,1538,0
BPI.US,D,20251027,000000,40.36,40.63,40.36,40.5086,919,0
BPI.US,D,20251028,000000,40.79,40.79,40.2068,40.2068,9056,0
BPI.US,D,20251029,000000,39.43,39.43,38.9167,38.9167,1221,0
BPI.US,D,20251030,000000,38.12,38.12,37.6007,37.6007,742,0
BPI.US,D,20251031,000000,38.65,38.7293,38.37,38.7293,2012,0
BPI.US,D,20251103,000000,37.96,37.96,37.426,37.6397,2749,0
BPI.US,D,20251104,000000,36.4,36.755,35.5,35.6849,9218,0
BPI.US,D,20251105,000000,36.7,36.7,36.67,36.67,699,0
