<TICKER>,<PER>,<DATE>,<TIME>,<OPEN>,<HIGH>,<LOW>,<CLOSE>,<VOL>,<OPENINT>
CORX.US,D,20241211,000000,16.41,16.41,16.34,16.34,102,0
CORX.US,D,20241212,000000,16.07,16.1,16.02,16.02,446,0
CORX.US,D,20241220,000000,16.145,16.1982,15.95,16.19,6672,0
CORX.US,D,20241223,000000,16.21,16.2688,16.21,16.2688,6810,0
CORX.US,D,20241226,000000,16.5842,16.76,16.5842,16.71,3991,0
CORX.US,D,20241230,000000,17.07,17.07,16.645,16.645,1378,0
CORX.US,D,20250102,000000,17,17.15,17,17.15,2069,0
CORX.US,D,20250106,000000,17.1,17.1,16.96,16.96,348,0
CORX.US,D,20250110,000000,17.73,17.73,17.73,17.73,455,0
CORX.US,D,20250114,000000,18.54,18.54,18.26,18.26,197,0
CORX.US,D,20250115,000000,18.541,18.6,18.541,18.6,379,0
CORX.US,D,20250121,000000,19.4,19.45,19.4,19.45,411,0
CORX.US,D,20250131,000000,19.07,19.115,18.8255,18.8255,638,0
CORX.US,D,20250203,000000,19.171,19.171,19.171,19.171,400,0
CORX.US,D,20250210,000000,19.264,19.49,19.264,19.49,671,0
CORX.US,D,20250211,000000,19.8209,19.8209,18.895,18.895,981,0
CORX.US,D,20250212,000000,19.3,19.415,19.3,19.415,250,0
CORX.US,D,20250213,000000,19.41,19.525,19.29,19.525,353,0
CORX.US,D,20250214,000000,19.751,19.751,19.751,19.751,307,0
CORX.US,D,20250221,000000,19.6896,19.6896,19.4348,19.4348,114,0
CORX.US,D,20250225,000000,18.35,18.6998,18.35,18.6998,2018,0
CORX.US,D,20250226,000000,18.751,18.751,18.52,18.58,2016,0
CORX.US,D,20250303,000000,16.55,16.55,15.815,15.815,711,0
CORX.US,D,20250304,000000,15.07,15.55,15.07,15.55,617,0
CORX.US,D,20250305,000000,15.6541,15.805,15.6541,15.805,717,0
CORX.US,D,20250319,000000,16.071,16.205,16.07,16.205,803,0
CORX.US,D,20250325,000000,15.9,15.945,15.9,15.945,891,0
CORX.US,D,20250402,000000,15.85,15.89,15.81,15.85,811,0
CORX.US,D,20250403,000000,15.95,15.95,15.875,15.875,870,0
CORX.US,D,20250407,000000,16.3999,16.3999,16.343,16.343,160,0
CORX.US,D,20250408,000000,16.541,16.541,16.4991,16.4991,157,0
CORX.US,D,20250410,000000,17.47,17.66,17.47,17.6171,835,0
CORX.US,D,20250411,000000,18.08,18.199,18.07,18.16,4503,0
CORX.US,D,20250414,000000,18,18.16,17.86,17.86,675,0
CORX.US,D,20250416,000000,17.741,17.775,17.741,17.775,1051,0
CORX.US,D,20250422,000000,17.3545,17.3545,17.155,17.155,305,0
CORX.US,D,20250423,000000,17.0001,17.0001,16.905,16.905,1308,0
CORX.US,D,20250425,000000,17.3,17.3,17.275,17.275,606,0
CORX.US,D,20250428,000000,17.2,17.2,17.095,17.095,117,0
CORX.US,D,20250429,000000,17.03,17.03,16.225,16.225,751,0
CORX.US,D,20250430,000000,16.72,16.72,16.485,16.485,284,0
CORX.US,D,20250501,000000,16.47,16.47,16.305,16.305,210,0
CORX.US,D,20250505,000000,15.89,15.89,15.085,15.085,854,0
CORX.US,D,20250507,000000,15.15,15.15,14.785,14.785,200,0
CORX.US,D,20250512,000000,14.971,14.971,14.615,14.615,5840,0
CORX.US,D,20250513,000000,14.14,14.359,14.14,14.31,3864,0
CORX.US,D,20250514,000000,14.4,14.4699,14.4,14.4699,362,0
CORX.US,D,20250515,000000,14.5,14.73,14.47,14.7,3853,0
CORX.US,D,20250516,000000,14.7212,14.7212,14.3352,14.3352,544,0
CORX.US,D,20250519,000000,14.419,14.5993,14.396,14.5993,2355,0
CORX.US,D,20250520,000000,14.6,15.13,14.6,15.13,11235,0
CORX.US,D,20250521,000000,15.55,15.55,15.455,15.455,7803,0
CORX.US,D,20250523,000000,15.2,15.39,15.19,15.39,2984,0
CORX.US,D,20250528,000000,14.76,14.76,14.72,14.73,5218,0
CORX.US,D,20250529,000000,14.42,14.5404,14.3712,14.5404,4254,0
CORX.US,D,20250530,000000,14.54,14.54,14.33,14.33,192,0
CORX.US,D,20250605,000000,13.97,13.99,13.86,13.99,560,0
CORX.US,D,20250606,000000,14.2484,14.2484,14.205,14.205,146,0
CORX.US,D,20250611,000000,13.96,13.96,13.811,13.84,1803,0
CORX.US,D,20250613,000000,14,14.095,14,14.095,316,0
CORX.US,D,20250616,000000,13.73,13.73,13.505,13.505,1019,0
CORX.US,D,20250620,000000,14.07,14.07,13.9,13.925,1141,0
CORX.US,D,20250623,000000,13.3184,13.379,13.3184,13.3518,2046,0
CORX.US,D,20250624,000000,13.329,13.329,13.01,13.01,526,0
CORX.US,D,20250626,000000,12.5235,12.5235,12.49,12.49,268,0
CORX.US,D,20250627,000000,12.831,12.88,12.831,12.88,329,0
CORX.US,D,20250702,000000,13.2395,13.55,13.2,13.3444,35557,0
CORX.US,D,20250703,000000,13.52,13.82,13.34,13.5637,9344,0
CORX.US,D,20250707,000000,12.71,12.82,12.42,12.44,9209,0
CORX.US,D,20250708,000000,12.05,12.44,12.05,12.095,2245,0
CORX.US,D,20250709,000000,12.05,12.19,12.01,12.15,2484,0
CORX.US,D,20250710,000000,12.13,12.15,12.13,12.135,685,0
CORX.US,D,20250711,000000,12.04,12.04,11.965,11.965,1089,0
CORX.US,D,20250714,000000,12.21,12.23,12.146,12.23,6071,0
CORX.US,D,20250715,000000,11.99,12.28,11.89,12.22,2731,0
CORX.US,D,20250716,000000,12.41,12.5446,12.4,12.52,865,0
CORX.US,D,20250717,000000,12.52,12.52,12.2519,12.285,2607,0
CORX.US,D,20250718,000000,12.71,12.7799,12.71,12.735,1385,0
CORX.US,D,20250721,000000,12.33,12.42,12.22,12.42,1390,0
CORX.US,D,20250722,000000,12.2601,12.2601,12.16,12.16,1062,0
CORX.US,D,20250723,000000,12.12,12.12,12.095,12.095,605,0
CORX.US,D,20250724,000000,12.23,12.3195,12.16,12.295,985,0
CORX.US,D,20250725,000000,12.19,12.19,12.1,12.165,1605,0
CORX.US,D,20250728,000000,11.84,11.84,11.72,11.76,845,0
CORX.US,D,20250729,000000,10.97,11.22,10.9113,10.98,2027,0
CORX.US,D,20250730,000000,11.111,11.18,11.0758,11.125,5078,0
CORX.US,D,20250731,000000,10.98,11.27,10.95,11.27,2842,0
CORX.US,D,20250801,000000,11.3,11.3,10.9833,10.985,4879,0
CORX.US,D,20250804,000000,11.09,11.09,10.855,10.855,7524,0
CORX.US,D,20250805,000000,10.745,10.745,10.49,10.505,3615,0
CORX.US,D,20250806,000000,10.44,10.52,10.22,10.495,8505,0
CORX.US,D,20250807,000000,10.71,10.79,10.679,10.75,4097,0
CORX.US,D,20250808,000000,10.93,10.93,10.65,10.665,5595,0
CORX.US,D,20250811,000000,10.7,10.8499,10.7,10.789,3868,0
CORX.US,D,20250812,000000,10.559,10.6,9.93,10.05,18832,0
CORX.US,D,20250813,000000,10.14,10.24,10.05,10.145,2017,0
CORX.US,D,20250814,000000,10.01,10.245,10.01,10.245,1005,0
CORX.US,D,20250815,000000,10.29,10.585,10.29,10.585,990,0
CORX.US,D,20250818,000000,10.56,10.705,10.56,10.645,3542,0
CORX.US,D,20250819,000000,10.55,10.55,10.46,10.46,1062,0
CORX.US,D,20250820,000000,10.49,10.6,10.48,10.515,4864,0
CORX.US,D,20250821,000000,10.67,11,10.62,10.975,17425,0
CORX.US,D,20250822,000000,10.92,11.02,10.85,10.91,5654,0
CORX.US,D,20250825,000000,11.14,11.155,10.88,10.94,3920,0
CORX.US,D,20250826,000000,10.89,10.89,10.77,10.785,4922,0
CORX.US,D,20250827,000000,10.5,10.5,10.29,10.29,6551,0
CORX.US,D,20250828,000000,10.24,10.5595,10.24,10.5595,3471,0
CORX.US,D,20250829,000000,10.6799,11.0199,10.66,10.995,6421,0
CORX.US,D,20250902,000000,10.784014,11.155,10.75,11.155,19754,0
CORX.US,D,20250903,000000,11.11,11.12,10.84,10.925,4910,0
CORX.US,D,20250904,000000,10.796,11.069,10.74,11.045,2062,0
CORX.US,D,20250905,000000,11.12,11.186,10.895,10.895,2454,0
CORX.US,D,20250908,000000,10.83,11.0996,10.78,11.0996,10758,0
CORX.US,D,20250909,000000,11.04,11.08,10.9848,10.9848,1690,0
CORX.US,D,20250910,000000,10.99,10.99,10.845,10.845,2051,0
CORX.US,D,20250911,000000,10.88,11.0046,10.88,11.0046,665,0
CORX.US,D,20250912,000000,11.23,11.53,11.06,11.42,13917,0
CORX.US,D,20250915,000000,11.349,11.3986,11.15,11.1946,10296,0
CORX.US,D,20250916,000000,11.38,11.61,11.37,11.4889,9970,0
CORX.US,D,20250917,000000,11.5496,11.5496,11.37,11.45,6801,0
CORX.US,D,20250918,000000,11.29,11.36,11.235,11.25,1364,0
CORX.US,D,20250919,000000,11.33,11.33,11.2354,11.2354,489,0
CORX.US,D,20250922,000000,11.0456,11.2,10.9501,11.1015,6119,0
CORX.US,D,20250923,000000,11.199,11.32,11.199,11.3199,2555,0
CORX.US,D,20250924,000000,11.2796,11.305,11.2202,11.2202,3678,0
CORX.US,D,20250925,000000,11.35,11.35,11.35,11.35,643,0
CORX.US,D,20250926,000000,10.89,10.96,10.7959,10.7959,1869,0
CORX.US,D,20250929,000000,10.7,10.81,10.67,10.78,2008,0
CORX.US,D,20250930,000000,10.5,10.52,10.48,10.5,2177,0
CORX.US,D,20251001,000000,10.306,10.6133,10.28,10.6133,2562,0
CORX.US,D,20251002,000000,10.45,10.78,10.45,10.7503,642,0
CORX.US,D,20251003,000000,10.7,10.8116,10.68,10.7,4099,0
CORX.US,D,20251007,000000,10.7,10.7,10.6714,10.6714,445,0
CORX.US,D,20251008,000000,10.789,10.84,10.759,10.8001,684,0
CORX.US,D,20251009,000000,10.8494,10.8494,10.61,10.61,665,0
CORX.US,D,20251010,000000,10.5,10.5,10.325,10.3604,2949,0
CORX.US,D,20251013,000000,10.36,10.37,10.25,10.27,2668,0
CORX.US,D,20251014,000000,10.27,10.3468,10.27,10.3468,394,0
CORX.US,D,20251015,000000,10.3396,10.57,10.3396,10.57,2377,0
CORX.US,D,20251016,000000,10.5512,10.83,10.5512,10.7898,1364,0
CORX.US,D,20251017,000000,10.8459,10.8459,10.8219,10.8414,292,0
CORX.US,D,20251020,000000,10.8,10.895,10.71,10.895,705,0
CORX.US,D,20251021,000000,10.685,10.685,10.685,10.685,617,0
CORX.US,D,20251022,000000,10.82,10.905,10.82,10.8768,1135,0
CORX.US,D,20251023,000000,10.905,11.0769,10.89,11.0769,689,0
CORX.US,D,20251024,000000,10.91,10.9188,10.88,10.9188,1959,0
CORX.US,D,20251028,000000,11.329,11.44,11.14,11.2717,3942,0
CORX.US,D,20251029,000000,11.06,11.1319,11.01,11.1319,577,0
CORX.US,D,20251030,000000,11.01,11.17,10.91,10.92,4580,0
CORX.US,D,20251031,000000,10.88,10.98,10.88,10.98,1121,0
CORX.US,D,20251103,000000,10.926,11.18,10.926,11.141,8037,0
CORX.US,D,20251104,000000,10.901,10.96,10.9,10.95,1794,0
CORX.US,D,20251105,000000,11.0784,11.16,11.0784,11.16,914,0
