<TICKER>,<PER>,<DATE>,<TIME>,<OPEN>,<HIGH>,<LOW>,<CLOSE>,<VOL>,<OPENINT>
DEXC.US,D,20241119,000000,49.89,50.08,49.89,50.03,22372,0
DEXC.US,D,20241120,000000,49.75,49.78,49.54,49.7725,26166,0
DEXC.US,D,20241121,000000,49.68,49.89,49.6058,49.8194,16450,0
DEXC.US,D,20241122,000000,50.11,50.2324,50.02,50.2324,36706,0
DEXC.US,D,20241125,000000,50.4522,50.5395,50.32,50.475,23479,0
DEXC.US,D,20241126,000000,50.35,50.4,50.295,50.396,41218,0
DEXC.US,D,20241127,000000,50.2567,50.28,49.99,50.0459,30404,0
DEXC.US,D,20241129,000000,49.94,50.18,49.94,50.1772,13768,0
DEXC.US,D,20241202,000000,50.0276,50.27,50.0172,50.24,39980,0
DEXC.US,D,20241203,000000,50.13,50.36,50.13,50.3599,21397,0
DEXC.US,D,20241204,000000,50.54,50.7,50.525,50.6558,19981,0
DEXC.US,D,20241205,000000,50.87,50.8732,50.85,50.86,17170,0
DEXC.US,D,20241206,000000,50.79,50.79,50.5685,50.71,45729,0
DEXC.US,D,20241209,000000,50.75,50.7894,50.6,50.6044,18369,0
DEXC.US,D,20241210,000000,50.53,50.53,50.44,50.44,31091,0
DEXC.US,D,20241211,000000,50.88,51.07,50.8001,50.88,28513,0
DEXC.US,D,20241212,000000,50.61,50.66,50.47,50.47,34949,0
DEXC.US,D,20241213,000000,50.6786,50.6786,50.61,50.6497,17954,0
DEXC.US,D,20241216,000000,50.62,50.74,50.56,50.56,48335,0
DEXC.US,D,20241217,000000,49.9896,50.2,49.9896,50.1445,43266,0
DEXC.US,D,20241218,000000,50.22,50.22,48.85,48.85,40796,0
DEXC.US,D,20241219,000000,49.47,49.475,49.2,49.2,33741,0
DEXC.US,D,20241220,000000,48.88,49.42,48.87,49.26,33823,0
DEXC.US,D,20241223,000000,49.29,49.43,49.23,49.4291,88468,0
DEXC.US,D,20241224,000000,49.2854,49.4859,49.2854,49.4859,38030,0
DEXC.US,D,20241226,000000,49.16,49.28,49.12,49.2644,55344,0
DEXC.US,D,20241227,000000,48.97,49.06,48.88,49.05,61816,0
DEXC.US,D,20241230,000000,48.66,48.88,48.56,48.76,35514,0
DEXC.US,D,20241231,000000,48.785,48.85,48.5956,48.64,27330,0
DEXC.US,D,20250102,000000,49.06,49.13,48.775,48.87,57688,0
DEXC.US,D,20250103,000000,49.16,49.2999,49.1599,49.25,46712,0
DEXC.US,D,20250106,000000,49.68,49.81,49.5,49.5,49859,0
DEXC.US,D,20250107,000000,51.73,51.73,49.2,49.2505,135516,0
DEXC.US,D,20250108,000000,48.95,49.11,48.906,49.08,21603,0
DEXC.US,D,20250110,000000,49,49,48.1004,48.22,118547,0
DEXC.US,D,20250113,000000,47.7,47.73,47.41,47.73,65323,0
DEXC.US,D,20250114,000000,48.1,48.36,47.8267,48.0236,21479,0
DEXC.US,D,20250115,000000,48.5,48.6341,48.45,48.535,31393,0
DEXC.US,D,20250116,000000,48.75,49.26,48.53,48.59,52962,0
DEXC.US,D,20250117,000000,48.91,48.91,48.7468,48.7468,32488,0
DEXC.US,D,20250121,000000,49.61,49.61,48.99,49.17,26989,0
DEXC.US,D,20250122,000000,49.35,49.51,49.27,49.35,33529,0
DEXC.US,D,20250123,000000,49.285,49.5399,49.285,49.53,26213,0
DEXC.US,D,20250124,000000,49.47,49.522,49.37,49.44,32131,0
DEXC.US,D,20250127,000000,48.18,51.3,48.18,48.3,33034,0
DEXC.US,D,20250128,000000,48.16,48.445,47.83,48.43,22488,0
DEXC.US,D,20250129,000000,48.58,48.657,48.14,48.5471,16880,0
DEXC.US,D,20250130,000000,48.93,49.11,48.72,48.9802,31905,0
DEXC.US,D,20250131,000000,48.94,49.1299,48.49,48.49,74254,0
DEXC.US,D,20250203,000000,47.92,48.43,47.72,48.19,36390,0
DEXC.US,D,20250204,000000,48.605,48.93,48.58,48.865,41458,0
DEXC.US,D,20250205,000000,48.69,49.0999,48.69,49.05,32503,0
DEXC.US,D,20250206,000000,48.92,49.08,48.89,49.08,36471,0
DEXC.US,D,20250207,000000,49.08,49.27,48.5927,48.6092,19895,0
DEXC.US,D,20250210,000000,48.93,49.09,48.88,48.9595,18364,0
DEXC.US,D,20250211,000000,48.7,48.81,48.7,48.8,16979,0
DEXC.US,D,20250212,000000,48.36,48.7599,48.36,48.67,52879,0
DEXC.US,D,20250213,000000,48.73,49.14,48.68,49.14,80858,0
DEXC.US,D,20250214,000000,48.92,48.959,48.82,48.9192,20442,0
DEXC.US,D,20250218,000000,49.14,49.22,49.055,49.16,36565,0
DEXC.US,D,20250219,000000,49.16,49.21,49.09,49.2,60867,0
DEXC.US,D,20250220,000000,49.4,49.58,49.35,49.55,85882,0
DEXC.US,D,20250221,000000,49.45,49.465,48.94,49,45508,0
DEXC.US,D,20250224,000000,49.06,49.1067,48.81,48.85,42376,0
DEXC.US,D,20250225,000000,48.92,51.49,48.51,48.6645,51074,0
DEXC.US,D,20250226,000000,48.8,48.95,48.63,48.74,74408,0
DEXC.US,D,20250227,000000,48.23,48.23,47.615,47.615,77590,0
DEXC.US,D,20250228,000000,46.88,47.13,46.81,47.09,46451,0
DEXC.US,D,20250303,000000,47.5,47.54,46.72,46.89,20305,0
DEXC.US,D,20250304,000000,46.94,47.48,46.7378,47.13,22247,0
DEXC.US,D,20250305,000000,47.81,48.27,47.8,48.2232,26906,0
DEXC.US,D,20250306,000000,47.91,48.14,47.735,47.75,24688,0
DEXC.US,D,20250307,000000,47.93,48.1041,47.68,48.06,19265,0
DEXC.US,D,20250310,000000,47.4476,47.4476,46.82,47.16,20081,0
DEXC.US,D,20250311,000000,47.31,47.505,47.11,47.23,21201,0
DEXC.US,D,20250312,000000,47.3962,47.71,47.3962,47.62,30753,0
DEXC.US,D,20250313,000000,47.21,47.42,47.1731,47.26,42788,0
DEXC.US,D,20250314,000000,47.68,47.99,47.68,47.99,15082,0
DEXC.US,D,20250317,000000,48.31,48.5752,48.2527,48.48,24402,0
DEXC.US,D,20250318,000000,48.21,48.45,48.21,48.4,20259,0
DEXC.US,D,20250319,000000,48.48,48.75,48.352,48.56,20036,0
DEXC.US,D,20250320,000000,48.59,48.61,48.4771,48.5537,13373,0
DEXC.US,D,20250321,000000,48.64,48.8,48.58,48.79,15655,0
DEXC.US,D,20250324,000000,49.05,49.07,48.925,49.05,11250,0
DEXC.US,D,20250325,000000,48.8396,48.9494,48.8256,48.8885,10880,0
DEXC.US,D,20250326,000000,48.86,48.86,48.4365,48.54,15493,0
DEXC.US,D,20250327,000000,47.4,48.7038,46.8,48.7,14121,0
DEXC.US,D,20250328,000000,48.29,48.29,47.78,47.86,17291,0
DEXC.US,D,20250331,000000,47.3045,47.676,47.28,47.6743,4560,0
DEXC.US,D,20250401,000000,47.58,47.96,47.56,47.9123,9428,0
DEXC.US,D,20250402,000000,47.86,48.27,47.86,48.13,18629,0
DEXC.US,D,20250403,000000,47.31,47.38,47.07,47.07,13595,0
DEXC.US,D,20250404,000000,45.37,45.39,44.62,44.8188,25055,0
DEXC.US,D,20250407,000000,43.27,44.82,43.26,43.9114,149614,0
DEXC.US,D,20250408,000000,44.51,44.62,43.0075,43.0575,110660,0
DEXC.US,D,20250409,000000,42.78,46.12,42.6765,45.867,46990,0
DEXC.US,D,20250410,000000,45.3,45.412,44.44,45.0984,61589,0
DEXC.US,D,20250411,000000,45.82,46.28,45.6584,46.1997,18716,0
DEXC.US,D,20250414,000000,46.49,46.72,46.41,46.5866,23204,0
DEXC.US,D,20250415,000000,46.93,47.04,46.77,46.81,30949,0
DEXC.US,D,20250416,000000,46.765,46.89,46.3999,46.5753,31190,0
DEXC.US,D,20250417,000000,47.0184,47.23,46.99,47.01,12221,0
DEXC.US,D,20250421,000000,47.2376,47.2376,46.73,46.9959,6843,0
DEXC.US,D,20250422,000000,47.4,47.515,47.4,47.4649,2351,0
DEXC.US,D,20250423,000000,48.05,48.05,47.7644,47.8287,14211,0
DEXC.US,D,20250424,000000,48.07,48.57,48.07,48.5376,7253,0
DEXC.US,D,20250425,000000,48.035,48.2373,47.93,48.2373,21237,0
DEXC.US,D,20250428,000000,48.4058,48.4445,48.1901,48.4445,5141,0
DEXC.US,D,20250429,000000,48.71,48.88,48.71,48.7476,3670,0
DEXC.US,D,20250430,000000,48.55,48.88,48.45,48.7961,7586,0
DEXC.US,D,20250501,000000,48.95,48.95,48.7044,48.7396,25876,0
DEXC.US,D,20250502,000000,50.09,50.13,50.015,50.0961,12109,0
DEXC.US,D,20250505,000000,51.13,51.13,50.635,50.6363,56761,0
DEXC.US,D,20250506,000000,49.9,50.18,49.9,50.1034,9179,0
DEXC.US,D,20250507,000000,49.8,49.92,49.5467,49.7764,13828,0
DEXC.US,D,20250508,000000,49.58,49.6991,49.2757,49.2795,11501,0
DEXC.US,D,20250509,000000,49.87,49.97,49.87,49.9176,4217,0
DEXC.US,D,20250512,000000,50.85,50.85,50.67,50.7857,4966,0
DEXC.US,D,20250513,000000,50.73,51.1201,50.73,51.0486,6866,0
DEXC.US,D,20250514,000000,51.3528,51.4,51.2157,51.279,5167,0
DEXC.US,D,20250515,000000,51.5328,51.62,51.5328,51.6182,3921,0
DEXC.US,D,20250516,000000,51.4755,51.69,51.4755,51.6745,5532,0
DEXC.US,D,20250519,000000,51.58,51.769,51.58,51.7539,8444,0
DEXC.US,D,20250520,000000,51.39,51.5,51.33,51.411,4442,0
DEXC.US,D,20250521,000000,51.87,51.87,51.4438,51.4438,1650,0
DEXC.US,D,20250522,000000,51.19,51.55,51.19,51.2893,14923,0
DEXC.US,D,20250523,000000,51.33,51.77,51.33,51.6721,37666,0
DEXC.US,D,20250527,000000,51.79,51.87,51.787,51.8459,5925,0
DEXC.US,D,20250528,000000,51.85,51.91,51.76,51.7962,14915,0
DEXC.US,D,20250529,000000,51.94,51.98,51.86,51.9352,9531,0
DEXC.US,D,20250530,000000,51.52,51.59,51.27,51.52,6845,0
DEXC.US,D,20250602,000000,51.69,51.93,51.63,51.9206,13800,0
DEXC.US,D,20250603,000000,51.67,51.94,51.62,51.882,8633,0
DEXC.US,D,20250604,000000,52.325,52.4531,52.312,52.35,12303,0
DEXC.US,D,20250605,000000,52.77,52.9299,52.6,52.6088,17624,0
DEXC.US,D,20250606,000000,52.83,52.93,52.72,52.8713,163775,0
DEXC.US,D,20250609,000000,53.05,53.31,53.04,53.2332,14106,0
DEXC.US,D,20250610,000000,53.49,53.61,53.45,53.5719,10018,0
DEXC.US,D,20250611,000000,53.72,53.9099,53.6,53.6807,38925,0
DEXC.US,D,20250612,000000,53.65,53.83,53.63,53.7864,36691,0
DEXC.US,D,20250613,000000,52.88,53.17,52.82,52.9664,8097,0
DEXC.US,D,20250616,000000,53.6,53.8543,53.5172,53.5172,7268,0
DEXC.US,D,20250617,000000,53.18,53.23,52.755,52.85,21895,0
DEXC.US,D,20250618,000000,53,53.13,52.88,53.01,23791,0
DEXC.US,D,20250620,000000,53.01,53.01,52.517,52.517,7437,0
DEXC.US,D,20250623,000000,52.45,52.98,52.34,52.96,8512,0
DEXC.US,D,20250624,000000,53.35,53.8,53.35,53.72,4501,0
DEXC.US,D,20250625,000000,53.79,53.8992,53.76,53.8616,9217,0
DEXC.US,D,20250626,000000,54.21,54.48,54.2,54.3827,12208,0
DEXC.US,D,20250627,000000,54.33,54.46,54.185,54.3412,3837,0
DEXC.US,D,20250630,000000,54.39,54.5688,54.39,54.5688,5108,0
DEXC.US,D,20250701,000000,54.73,54.73,54.53,54.6241,9213,0
DEXC.US,D,20250702,000000,54.62,55.02,54.341,55.02,14925,0
DEXC.US,D,20250703,000000,55.43,55.47,55.3267,55.4026,24464,0
DEXC.US,D,20250707,000000,54.73,54.73,54.37,54.403,10937,0
DEXC.US,D,20250708,000000,54.575,54.75,54.575,54.7048,8862,0
DEXC.US,D,20250709,000000,54.7821,54.81,54.62,54.7964,5136,0
DEXC.US,D,20250710,000000,54.7137,54.8399,54.7137,54.8372,4974,0
DEXC.US,D,20250711,000000,54.6995,54.7699,54.6394,54.6394,10223,0
DEXC.US,D,20250714,000000,54.64,54.6999,54.57,54.6802,6641,0
DEXC.US,D,20250715,000000,54.93,54.93,54.7,54.75,5895,0
DEXC.US,D,20250716,000000,54.6792,55.0899,54.6792,55.0899,13020,0
DEXC.US,D,20250717,000000,55.0936,55.33,55.0936,55.3095,5199,0
DEXC.US,D,20250718,000000,55.21,55.21,54.9419,54.9664,1641,0
DEXC.US,D,20250721,000000,55.5001,55.5001,55.3622,55.3622,3628,0
DEXC.US,D,20250722,000000,54.73,55.02,54.73,54.9804,12862,0
DEXC.US,D,20250723,000000,55.25,55.63,55.25,55.6012,10109,0
DEXC.US,D,20250724,000000,55.19,55.26,55.1601,55.1791,10298,0
DEXC.US,D,20250725,000000,54.83,55.0237,54.83,55.0054,14826,0
DEXC.US,D,20250728,000000,54.47,54.54,54.3863,54.4476,10770,0
DEXC.US,D,20250729,000000,54.6,54.7041,54.52,54.6925,9670,0
DEXC.US,D,20250730,000000,54.5,54.63,54.32,54.3505,6567,0
DEXC.US,D,20250731,000000,54.175,54.2411,53.9763,53.9763,5240,0
DEXC.US,D,20250801,000000,53.79,53.86,53.64,53.8393,3732,0
DEXC.US,D,20250804,000000,54.37,54.41,54.2,54.2787,25822,0
DEXC.US,D,20250805,000000,54.48,54.5399,54.33,54.3968,14784,0
DEXC.US,D,20250806,000000,54.37,54.59,54.16,54.556,11098,0
DEXC.US,D,20250807,000000,55.15,55.15,54.89,54.9692,5302,0
DEXC.US,D,20250808,000000,54.852,54.95,54.852,54.8706,14084,0
DEXC.US,D,20250811,000000,54.88,54.898,54.7331,54.7614,11130,0
DEXC.US,D,20250812,000000,55.2568,55.39,55.07,55.3584,4172,0
DEXC.US,D,20250813,000000,55.5169,55.58,55.3901,55.44,16371,0
DEXC.US,D,20250814,000000,54.9888,55.09,54.92,55.054,7130,0
DEXC.US,D,20250815,000000,55.125,55.22,55.0501,55.0894,5399,0
DEXC.US,D,20250818,000000,55.22,55.3593,55.22,55.3593,1806,0
DEXC.US,D,20250819,000000,55.1554,55.2237,54.94,54.964,5417,0
DEXC.US,D,20250820,000000,54.64,54.83,54.55,54.8251,5493,0
DEXC.US,D,20250821,000000,54.6637,54.68,54.5759,54.67,3706,0
DEXC.US,D,20250822,000000,55.23,55.44,55.23,55.44,4225,0
DEXC.US,D,20250825,000000,55.2599,55.31,55.05,55.06,9762,0
DEXC.US,D,20250826,000000,54.83,54.87,54.765,54.81,3058,0
DEXC.US,D,20250827,000000,54.64,54.95,54.64,54.95,2655,0
DEXC.US,D,20250828,000000,54.9718,55.17,54.9718,55.1227,3734,0
DEXC.US,D,20250829,000000,54.5381,54.5999,54.48,54.53,5659,0
DEXC.US,D,20250902,000000,54.2,54.299,53.94,54.27,52746,0
DEXC.US,D,20250903,000000,54.54,54.69,54.54,54.69,13349,0
DEXC.US,D,20250904,000000,54.559,54.84,54.525,54.84,21364,0
DEXC.US,D,20250905,000000,55.369,55.37,54.95,55.17,7746,0
DEXC.US,D,20250908,000000,55.37,55.57,55.37,55.57,8868,0
DEXC.US,D,20250909,000000,55.64,55.72,55.59,55.59,5006,0
DEXC.US,D,20250910,000000,56.32,56.3899,56.11,56.21,3414,0
DEXC.US,D,20250911,000000,56.525,56.57,56.42,56.45,5212,0
DEXC.US,D,20250912,000000,56.57,56.57,56.49,56.51,1870,0
DEXC.US,D,20250915,000000,56.81,56.98,56.81,56.9,7267,0
DEXC.US,D,20250916,000000,57.3792,57.43,57.2301,57.4,8415,0
DEXC.US,D,20250917,000000,57.49,57.7,57.45,57.45,5739,0
DEXC.US,D,20250918,000000,57.39,57.57,57.39,57.56,6383,0
DEXC.US,D,20250919,000000,57.43,57.4935,57.3901,57.47,4460,0
DEXC.US,D,20250922,000000,57.48,57.8,57.48,57.74,4092,0
DEXC.US,D,20250923,000000,57.42,57.5896,57.31,57.42,5711,0
DEXC.US,D,20250924,000000,56.91,56.91,56.7601,56.8,4882,0
DEXC.US,D,20250925,000000,56.3,56.489,56.2417,56.34,13895,0
DEXC.US,D,20250926,000000,56.0234,56.18,56.0234,56.18,4052,0
DEXC.US,D,20250929,000000,56.51,56.5896,56.38,56.38,5418,0
DEXC.US,D,20250930,000000,56.4,56.56,56.4,56.56,7070,0
DEXC.US,D,20251001,000000,57.0792,57.11,57.04,57.1,4324,0
DEXC.US,D,20251002,000000,57.025,57.12,56.86,57.08,11082,0
DEXC.US,D,20251003,000000,57.47,57.47,57.33,57.34,4402,0
DEXC.US,D,20251006,000000,57.66,57.6707,57.56,57.56,3420,0
DEXC.US,D,20251007,000000,57.73,57.73,57.27,57.27,3078,0
DEXC.US,D,20251008,000000,57.4,57.79,57.39,57.76,10439,0
DEXC.US,D,20251009,000000,57.63,57.63,57.3128,57.33,4813,0
DEXC.US,D,20251010,000000,56.27,56.27,55.88,55.88,2688,0
DEXC.US,D,20251013,000000,57.19,57.44,57.09,57.35,4917,0
DEXC.US,D,20251014,000000,56.52,57.135,56.52,56.89,4951,0
DEXC.US,D,20251015,000000,57.72,57.92,57.5792,57.91,8214,0
DEXC.US,D,20251016,000000,58.35,58.545,58.13,58.3,4695,0
DEXC.US,D,20251017,000000,58.16,58.31,57.83,58.28,6786,0
DEXC.US,D,20251020,000000,58.78,59.025,58.78,58.92,4793,0
DEXC.US,D,20251021,000000,58.45,58.5844,58.3658,58.3658,3326,0
DEXC.US,D,20251022,000000,58.7,58.76,58.5264,58.55,3325,0
DEXC.US,D,20251023,000000,58.75,58.97,58.75,58.88,36977,0
DEXC.US,D,20251024,000000,59.25,59.26,59.13,59.19,10291,0
DEXC.US,D,20251027,000000,59.4001,59.59,59.39,59.59,8863,0
DEXC.US,D,20251028,000000,59.41,59.82,59.41,59.72,4753,0
DEXC.US,D,20251029,000000,60.3,60.3,59.92,59.93,4722,0
DEXC.US,D,20251030,000000,59.57,59.66,59.4873,59.4873,2530,0
DEXC.US,D,20251031,000000,59.55,59.66,59.445,59.56,3884,0
DEXC.US,D,20251103,000000,59.93,60.175,59.93,60.1,7768,0
DEXC.US,D,20251104,000000,59.35,59.38,58.85,58.91,17683,0
DEXC.US,D,20251105,000000,59.17,59.58,59.17,59.46,10344,0
