<TICKER>,<PER>,<DATE>,<TIME>,<OPEN>,<HIGH>,<LOW>,<CLOSE>,<VOL>,<OPENINT>
FTBI.US,D,20250613,000000,20.2228,20.36,20.2228,20.2228,5223,0
FTBI.US,D,20250616,000000,20.345,20.37,20.3046,20.3046,1330,0
FTBI.US,D,20250618,000000,20.36,20.36,20.2601,20.2601,1202,0
FTBI.US,D,20250620,000000,20.2207,20.25,20.205,20.2187,5656,0
FTBI.US,D,20250623,000000,20.2,20.41,20.2,20.41,42900,0
FTBI.US,D,20250624,000000,20.44,20.53,20.44,20.48,9460,0
FTBI.US,D,20250625,000000,20.5,20.51,20.455,20.455,1641,0
FTBI.US,D,20250626,000000,20.44,20.54,20.36,20.4998,797649,0
FTBI.US,D,20250627,000000,20.46,20.46,20.44,20.4428,4759,0
FTBI.US,D,20250630,000000,20.4838,20.5357,20.4838,20.5357,4258,0
FTBI.US,D,20250701,000000,20.57,20.6299,20.535,20.578,7462,0
FTBI.US,D,20250702,000000,20.64,20.65,20.6213,20.6213,1043,0
FTBI.US,D,20250703,000000,20.7,20.7,20.66,20.66,1968,0
FTBI.US,D,20250707,000000,20.61,20.63,20.53,20.613,17606,0
FTBI.US,D,20250708,000000,20.62,20.62,20.5822,20.585,5169,0
FTBI.US,D,20250710,000000,20.64,20.73,20.64,20.67,5596,0
FTBI.US,D,20250711,000000,20.6981,20.6981,20.53,20.6,14009,0
FTBI.US,D,20250714,000000,20.55,20.66,20.55,20.605,3085,0
FTBI.US,D,20250715,000000,20.6388,20.6388,20.49,20.5395,25012,0
FTBI.US,D,20250716,000000,20.5471,20.61,20.47,20.5677,14054,0
FTBI.US,D,20250721,000000,20.8,20.83,20.6816,20.6816,16019,0
FTBI.US,D,20250722,000000,20.64,20.75,20.6,20.705,33270,0
FTBI.US,D,20250723,000000,20.65,20.66,20.595,20.595,2166,0
FTBI.US,D,20250724,000000,20.4901,20.575,20.4901,20.562,278,0
FTBI.US,D,20250728,000000,20.65,20.66,20.64,20.66,4750,0
FTBI.US,D,20250730,000000,20.58,20.5975,20.58,20.5975,144,0
FTBI.US,D,20250731,000000,20.68,20.72,20.58,20.5821,13933,0
FTBI.US,D,20250801,000000,20.5298,20.56,20.5,20.5,2456,0
FTBI.US,D,20250804,000000,20.67,20.71,20.6603,20.6603,11493,0
FTBI.US,D,20250805,000000,20.66,20.66,20.6464,20.6464,1202,0
FTBI.US,D,20250806,000000,20.6465,20.6785,20.6465,20.6785,292,0
FTBI.US,D,20250808,000000,20.76,20.8,20.75,20.75,3317,0
FTBI.US,D,20250811,000000,20.8209,20.8209,20.69,20.7149,3389,0
FTBI.US,D,20250812,000000,20.8199,20.8899,20.75,20.8505,19705,0
FTBI.US,D,20250813,000000,20.9797,20.9797,20.9405,20.9405,5222,0
FTBI.US,D,20250814,000000,20.91,20.9599,20.86,20.8744,7868,0
FTBI.US,D,20250815,000000,20.88,20.88,20.805,20.805,3988,0
FTBI.US,D,20250818,000000,20.8182,20.8182,20.81,20.81,2006,0
FTBI.US,D,20250819,000000,20.81,20.84,20.7603,20.7603,7348,0
FTBI.US,D,20250820,000000,20.74,20.7758,20.74,20.7758,1411,0
FTBI.US,D,20250821,000000,20.65,20.77,20.64,20.7208,19292,0
FTBI.US,D,20250822,000000,20.89,20.9,20.8244,20.8244,2601,0
FTBI.US,D,20250825,000000,20.8196,20.8196,20.786,20.786,3900,0
FTBI.US,D,20250826,000000,20.86,20.87,20.82,20.8291,8373,0
FTBI.US,D,20250827,000000,20.82,20.87,20.8007,20.87,857,0
FTBI.US,D,20250828,000000,20.9499,20.9499,20.872,20.9,1493,0
FTBI.US,D,20250829,000000,20.91,20.9187,20.8246,20.8246,3038,0
FTBI.US,D,20250902,000000,20.6401,20.78,20.6401,20.7771,7405,0
FTBI.US,D,20250903,000000,20.73,20.84,20.73,20.84,107,0
FTBI.US,D,20250904,000000,20.94,21.08,20.94,20.96,2722,0
FTBI.US,D,20250908,000000,21.1299,21.1299,21.0902,21.0961,2397,0
FTBI.US,D,20250911,000000,21.27,21.32,21.27,21.3121,6364,0
FTBI.US,D,20250912,000000,21.28,21.29,21.2339,21.2339,3523,0
FTBI.US,D,20250915,000000,21.31,21.34,21.263,21.27,17865,0
FTBI.US,D,20250916,000000,21.235,21.25,21.2123,21.2123,2326,0
FTBI.US,D,20250917,000000,21.35,21.35,21.26,21.2955,2983,0
FTBI.US,D,20250918,000000,21.257,21.2603,21.257,21.2603,2084,0
FTBI.US,D,20250922,000000,21.37,21.41,21.34,21.3683,5113,0
FTBI.US,D,20250924,000000,21.38,21.4186,21.3011,21.3011,13235,0
FTBI.US,D,20250925,000000,21.15,21.31,21.135,21.2751,6637,0
FTBI.US,D,20250926,000000,21.2,21.24,21.2,21.23,4804,0
FTBI.US,D,20250929,000000,21.3,21.31,21.2101,21.2101,7503,0
FTBI.US,D,20250930,000000,21.29,21.3,21.16,21.2504,10655,0
FTBI.US,D,20251001,000000,21.31,21.31,21.3076,21.3076,261,0
FTBI.US,D,20251002,000000,21.3599,21.38,21.31,21.31,4434,0
FTBI.US,D,20251003,000000,21.3344,21.49,21.3108,21.3108,2323,0
FTBI.US,D,20251006,000000,21.35,21.43,21.3448,21.3448,6479,0
FTBI.US,D,20251007,000000,21.2821,21.29,21.28,21.29,1054,0
FTBI.US,D,20251008,000000,21.375,21.38,21.37,21.38,3709,0
FTBI.US,D,20251009,000000,21.28,21.3015,21.23,21.3015,403,0
FTBI.US,D,20251010,000000,21.355,21.46,21.0665,21.0665,6015,0
FTBI.US,D,20251013,000000,21.2585,21.29,21.2585,21.29,155,0
FTBI.US,D,20251014,000000,21.2732,21.42,21.2732,21.3302,1005,0
FTBI.US,D,20251015,000000,21.375,21.71,21.3613,21.379,5016,0
FTBI.US,D,20251016,000000,21.3775,21.39,21.3547,21.3547,811,0
FTBI.US,D,20251017,000000,21.32,21.42,21.32,21.3723,2121,0
FTBI.US,D,20251020,000000,21.49,21.54,21.48,21.51,11430,0
FTBI.US,D,20251021,000000,21.52,21.52,21.4699,21.4699,4294,0
FTBI.US,D,20251022,000000,21.34,21.34,21.25,21.2603,3516,0
FTBI.US,D,20251023,000000,21.2996,21.3,21.2996,21.3,276,0
FTBI.US,D,20251024,000000,21.45,21.48,21.3993,21.3993,6197,0
FTBI.US,D,20251027,000000,21.443,21.52,21.443,21.52,415,0
FTBI.US,D,20251029,000000,21.52,21.78,21.3794,21.3794,318,0
FTBI.US,D,20251030,000000,21.42,21.42,21.3202,21.3202,1676,0
FTBI.US,D,20251031,000000,21.3986,21.4,21.29,21.3094,10006,0
FTBI.US,D,20251103,000000,21.35,21.3599,21.26,21.3079,5457,0
FTBI.US,D,20251104,000000,21.193,21.285,21.1894,21.1894,2056,0
FTBI.US,D,20251105,000000,21.27,21.3499,21.26,21.29,72198,0
