<TICKER>,<PER>,<DATE>,<TIME>,<OPEN>,<HIGH>,<LOW>,<CLOSE>,<VOL>,<OPENINT>
GQGU.US,D,20250714,000000,25.0593,25.09,25.02,25.0852,2437,0
GQGU.US,D,20250715,000000,25,25.02,24.9,24.9217,4286,0
GQGU.US,D,20250716,000000,24.935,25.065,24.9,25.04,8233,0
GQGU.US,D,20250717,000000,25,25,24.86,24.9412,3079,0
GQGU.US,D,20250718,000000,24.9,24.97,24.8555,24.865,13235,0
GQGU.US,D,20250721,000000,25.0334,25.13,25.03,25.0315,206790,0
GQGU.US,D,20250722,000000,25.02,25.02,24.92,24.9881,15493,0
GQGU.US,D,20250723,000000,24.897,24.944,24.86,24.944,9943,0
GQGU.US,D,20250724,000000,24.88,24.88,24.8293,24.865,48792,0
GQGU.US,D,20250725,000000,24.897,24.95,24.87,24.935,4503,0
GQGU.US,D,20250728,000000,24.75,24.76,24.55,24.5774,6836,0
GQGU.US,D,20250729,000000,24.633,24.79,24.633,24.6898,7799,0
GQGU.US,D,20250730,000000,24.81,24.85,24.6804,24.7462,50506,0
GQGU.US,D,20250731,000000,24.89,24.96,24.7601,24.7601,68688,0
GQGU.US,D,20250801,000000,24.7701,24.7701,24.6699,24.715,75790,0
GQGU.US,D,20250804,000000,24.82,24.9,24.82,24.9,30142,0
GQGU.US,D,20250805,000000,24.92,24.94,24.81,24.824,203857,0
GQGU.US,D,20250806,000000,25.0399,25.0399,24.89,24.89,23419,0
GQGU.US,D,20250807,000000,24.94,24.96,24.8799,24.9272,9650,0
GQGU.US,D,20250808,000000,25.11,25.1197,25.038,25.0698,13567,0
GQGU.US,D,20250811,000000,25.18,25.18,25.04,25.0988,2407,0
GQGU.US,D,20250812,000000,25.21,25.63,25.03,25.1129,11012,0
GQGU.US,D,20250813,000000,25.13,25.1912,25.1196,25.1912,10238,0
GQGU.US,D,20250814,000000,25.22,25.25,25.15,25.2314,65676,0
GQGU.US,D,20250815,000000,25.31,25.33,25.2,25.28,136900,0
GQGU.US,D,20250818,000000,25.25,25.28,25.18,25.23,14472,0
GQGU.US,D,20250819,000000,25.24,25.45,25.21,25.45,16733,0
GQGU.US,D,20250820,000000,25.61,25.73,25.61,25.6365,20161,0
GQGU.US,D,20250821,000000,25.65,25.65,25.5812,25.5812,16638,0
GQGU.US,D,20250822,000000,25.7253,25.74,25.51,25.5407,13161,0
GQGU.US,D,20250825,000000,25.55,25.55,25.31,25.3459,89035,0
GQGU.US,D,20250826,000000,25.33,25.34,25.193,25.2604,195825,0
GQGU.US,D,20250827,000000,25.32,25.32,25.22,25.2708,5851,0
GQGU.US,D,20250828,000000,25.2,25.22,25.0847,25.202,3603,0
GQGU.US,D,20250829,000000,25.24,25.34,25.24,25.293,135216,0
GQGU.US,D,20250902,000000,25.25,25.25,25.1692,25.2069,8604,0
GQGU.US,D,20250903,000000,25.06,25.1232,25.01,25.1232,3025,0
GQGU.US,D,20250904,000000,25.28,25.28,25.1399,25.1849,27964,0
GQGU.US,D,20250905,000000,25.19,25.19,24.95,25.0297,101356,0
GQGU.US,D,20250908,000000,24.92,24.96,24.81,24.8796,89771,0
GQGU.US,D,20250909,000000,24.88,25.04,24.88,24.9864,70371,0
GQGU.US,D,20250910,000000,24.98,25.52,24.88,24.9766,159926,0
GQGU.US,D,20250911,000000,25.07,25.19,25.01,25.18,2509805,0
GQGU.US,D,20250912,000000,25.18,25.1899,25.11,25.144,23991,0
GQGU.US,D,20250915,000000,25.19,25.19,24.96,24.9652,13555,0
GQGU.US,D,20250916,000000,25.01,25.01,24.8735,24.8735,11496,0
GQGU.US,D,20250917,000000,24.96,25.09,24.9599,25.0004,14095,0
GQGU.US,D,20250918,000000,24.94,25.41,24.8535,24.869,44950,0
GQGU.US,D,20250919,000000,24.85,25.02,24.83,24.8793,11510,0
GQGU.US,D,20250922,000000,24.8403,24.8403,24.696,24.7916,56105,0
GQGU.US,D,20250923,000000,24.81,24.91,24.77,24.8963,147848,0
GQGU.US,D,20250924,000000,24.9,24.9921,24.9,24.9799,27919,0
GQGU.US,D,20250925,000000,25.11,25.14,24.92,24.93,150991,0
GQGU.US,D,20250926,000000,25.05,25.1212,25.0199,25.1098,108836,0
GQGU.US,D,20250929,000000,25.05,25.08,24.96,25.0625,126012,0
GQGU.US,D,20250930,000000,25.18,25.25,25.15,25.25,2883,0
GQGU.US,D,20251001,000000,25.2098,25.2434,25.12,25.16,15688,0
GQGU.US,D,20251002,000000,25.083,25.11,25,25.0268,31320,0
GQGU.US,D,20251003,000000,25.11,25.29,25.11,25.2149,51319,0
GQGU.US,D,20251006,000000,25.115,25.15,25.05,25.1097,41393,0
GQGU.US,D,20251007,000000,25.21,25.37,25.1845,25.34,97017,0
GQGU.US,D,20251008,000000,25.34,25.43,25.2311,25.3201,26959,0
GQGU.US,D,20251009,000000,25.36,25.36,25.19,25.2104,22148,0
GQGU.US,D,20251010,000000,25.28,25.3,25.15,25.1579,46694,0
GQGU.US,D,20251013,000000,25.02,25.1,24.98,25.0474,22614,0
GQGU.US,D,20251014,000000,25.16,25.29,25.16,25.288,96116,0
GQGU.US,D,20251015,000000,25.2239,25.25,25,25.13,28078,0
GQGU.US,D,20251016,000000,25.08,25.12,24.85,24.8518,52608,0
GQGU.US,D,20251017,000000,24.99,25.1,24.955,25.0771,14753,0
GQGU.US,D,20251020,000000,25.19,25.19,25.0365,25.1478,71935,0
GQGU.US,D,20251021,000000,25.15,25.15,24.91,25.0423,36174,0
GQGU.US,D,20251022,000000,25.04,25.15,25,25.1194,19605,0
GQGU.US,D,20251023,000000,25,25.05,24.945,24.9799,17873,0
GQGU.US,D,20251024,000000,25.01,25.05,24.97,24.979,18298,0
GQGU.US,D,20251027,000000,24.95,25.03,24.8988,25.01,18689,0
GQGU.US,D,20251028,000000,24.9,24.929,24.75,24.7555,41852,0
GQGU.US,D,20251029,000000,24.8,24.8,24.51,24.55,28222,0
GQGU.US,D,20251030,000000,24.28,24.28,24.08,24.0801,34819,0
GQGU.US,D,20251031,000000,24.04,24.04,23.962,23.962,11502,0
GQGU.US,D,20251103,000000,23.95,23.95,23.73,23.9304,443595,0
GQGU.US,D,20251104,000000,23.961,24.12,23.961,24.1185,38921,0
GQGU.US,D,20251105,000000,24.24,24.24,24.065,24.065,36751,0
