<TICKER>,<PER>,<DATE>,<TIME>,<OPEN>,<HIGH>,<LOW>,<CLOSE>,<VOL>,<OPENINT>
GUMI.US,D,20250319,000000,50.189,50.23,50.08,50.186,43600,0
GUMI.US,D,20250326,000000,50.22,50.22,50.205,50.205,202,0
GUMI.US,D,20250328,000000,50.18,50.22,50.18,50.22,101,0
GUMI.US,D,20250331,000000,50.191,50.2155,50.19,50.21,8871,0
GUMI.US,D,20250401,000000,50.15,50.15,50.0901,50.125,2518,0
GUMI.US,D,20250404,000000,50.15,50.1736,50.15,50.1736,36235,0
GUMI.US,D,20250408,000000,50.17,50.17,50.09,50.09,1104,0
GUMI.US,D,20250409,000000,50.03,50.03,49.96,50.0289,3582,0
GUMI.US,D,20250410,000000,50.12,54.585,49.3,50.0417,24466,0
GUMI.US,D,20250417,000000,50.31,50.31,50.035,50.035,206,0
GUMI.US,D,20250422,000000,50.015,50.015,49.98,50.015,955,0
GUMI.US,D,20250423,000000,50.11,50.13,50.07,50.07,13985,0
GUMI.US,D,20250428,000000,50.16,50.16,50.125,50.125,203,0
GUMI.US,D,20250509,000000,50.1583,50.1583,50.085,50.085,6762,0
GUMI.US,D,20250512,000000,50.07,50.07,50.04,50.04,2541,0
GUMI.US,D,20250513,000000,50.06,50.105,50.031,50.105,10038,0
GUMI.US,D,20250521,000000,50.199,50.2,50.135,50.135,5120,0
GUMI.US,D,20250522,000000,50.25,50.25,50.135,50.135,1004,0
GUMI.US,D,20250523,000000,50.2,50.28,50.18,50.18,539,0
GUMI.US,D,20250527,000000,50.26,50.26,50.195,50.195,387,0
GUMI.US,D,20250528,000000,50.14,50.175,50.14,50.175,133,0
GUMI.US,D,20250529,000000,50.16,50.27,50.16,50.1905,20534,0
GUMI.US,D,20250603,000000,50.24,50.24,50.08,50.08,203,0
GUMI.US,D,20250612,000000,50.21,50.22,50.21,50.22,4197,0
GUMI.US,D,20250613,000000,50.2,50.2,50.14,50.14,359,0
GUMI.US,D,20250618,000000,50.23,50.23,50.1738,50.1738,133,0
GUMI.US,D,20250625,000000,50.2152,50.26,50.2152,50.22,733,0
GUMI.US,D,20250627,000000,50.2352,50.28,50.2352,50.245,1203,0
GUMI.US,D,20250702,000000,50.15,50.15,50.135,50.135,19874,0
GUMI.US,D,20250708,000000,50.18,50.21,50.155,50.155,1064,0
GUMI.US,D,20250709,000000,50.165,50.24,50.165,50.1786,791,0
GUMI.US,D,20250710,000000,50.175,50.23,50.175,50.185,1256,0
GUMI.US,D,20250711,000000,50.23,50.24,50.23,50.24,5364,0
GUMI.US,D,20250714,000000,50.24,50.24,50.19,50.19,939,0
GUMI.US,D,20250715,000000,50.2489,50.25,50.248,50.248,1122,0
GUMI.US,D,20250716,000000,50.2,50.25,50.2,50.25,1455,0
GUMI.US,D,20250717,000000,50.2591,50.2591,50.19,50.19,909,0
GUMI.US,D,20250721,000000,50.31,50.32,50.26,50.32,1322,0
GUMI.US,D,20250723,000000,50.1966,50.29,50.1966,50.23,10914,0
GUMI.US,D,20250725,000000,50.29,50.3,50.245,50.245,10666,0
GUMI.US,D,20250728,000000,50.3,50.32,50.275,50.32,1068,0
GUMI.US,D,20250729,000000,50.2986,50.32,50.29,50.29,1754,0
GUMI.US,D,20250731,000000,50.33,50.33,50.275,50.275,1585,0
GUMI.US,D,20250801,000000,50.25,50.26,50.22,50.22,1760,0
GUMI.US,D,20250804,000000,50.2491,50.25,50.21,50.21,11185,0
GUMI.US,D,20250805,000000,50.2481,50.2481,50.215,50.215,421,0
GUMI.US,D,20250806,000000,50.195,50.2,50.1404,50.2,2246,0
GUMI.US,D,20250807,000000,50.26,50.26,50.21,50.21,243,0
GUMI.US,D,20250808,000000,50.195,50.26,50.195,50.215,701,0
GUMI.US,D,20250811,000000,50.2799,50.29,50.24,50.24,4028,0
GUMI.US,D,20250812,000000,50.2583,50.28,50.22,50.22,1228,0
GUMI.US,D,20250813,000000,50.2999,50.2999,50.1901,50.25,569,0
GUMI.US,D,20250814,000000,50.29,50.96,50.285,50.285,30504,0
GUMI.US,D,20250815,000000,50.2989,50.31,50.265,50.265,1721,0
GUMI.US,D,20250818,000000,50.31,50.32,50.21,50.21,3493,0
GUMI.US,D,20250819,000000,50.265,50.295,50.265,50.295,231,0
GUMI.US,D,20250820,000000,50.3195,50.3195,50.27,50.28,387,0
GUMI.US,D,20250821,000000,50.2111,50.32,50.2111,50.255,2108,0
GUMI.US,D,20250822,000000,50.349,50.349,50.3006,50.31,1929,0
GUMI.US,D,20250825,000000,50.34,50.34,50.25,50.25,2742,0
GUMI.US,D,20250826,000000,50.34,50.34,50.29,50.29,1103,0
GUMI.US,D,20250827,000000,50.3483,50.35,50.315,50.315,848,0
GUMI.US,D,20250828,000000,50.339,50.36,50.24,50.31,5964,0
GUMI.US,D,20250829,000000,50.3489,50.35,50.315,50.315,1438,0
GUMI.US,D,20250902,000000,50.23,50.25,50.215,50.25,2279,0
GUMI.US,D,20250903,000000,50.21,50.235,50.21,50.235,240,0
GUMI.US,D,20250904,000000,50.26,50.26,50.24,50.245,16382,0
GUMI.US,D,20250905,000000,50.3088,50.3088,50.265,50.265,1005,0
GUMI.US,D,20250908,000000,50.32,50.32,50.285,50.285,422,0
GUMI.US,D,20250912,000000,50.339,50.44,50.285,50.43,17333,0
GUMI.US,D,20250915,000000,50.34,50.43,50.31,50.33,23432,0
GUMI.US,D,20250916,000000,50.3693,50.41,50.321,50.375,3927,0
GUMI.US,D,20250917,000000,50.38,50.39,50.345,50.345,1447,0
GUMI.US,D,20250918,000000,50.31,50.3507,50.31,50.35,1727,0
GUMI.US,D,20250919,000000,50.3495,50.37,50.3322,50.335,2732,0
GUMI.US,D,20250922,000000,50.3546,50.36,50.3546,50.36,1651,0
GUMI.US,D,20250923,000000,50.3594,50.37,50.32,50.32,9079,0
GUMI.US,D,20250924,000000,50.33,50.3375,50.33,50.3321,785,0
GUMI.US,D,20250925,000000,50.335,50.36,50.3347,50.335,1606,0
GUMI.US,D,20250926,000000,50.35,50.37,50.33,50.33,4323,0
GUMI.US,D,20250929,000000,50.34,50.44,50.34,50.44,8846,0
GUMI.US,D,20250930,000000,50.35,50.395,50.3,50.395,12347,0
GUMI.US,D,20251001,000000,50.23,50.23,50.16,50.2,11764,0
GUMI.US,D,20251002,000000,50.2083,50.2083,50.175,50.175,543,0
GUMI.US,D,20251003,000000,50.22,50.22,50.11,50.18,2023,0
GUMI.US,D,20251006,000000,50.12,50.22,50.12,50.22,1115,0
GUMI.US,D,20251007,000000,50.25,50.31,50.24,50.31,11885,0
GUMI.US,D,20251008,000000,50.1828,50.185,50.1828,50.185,656,0
GUMI.US,D,20251009,000000,50.2396,50.24,50.2172,50.2199,1698,0
GUMI.US,D,20251010,000000,50.259,50.33,50.18,50.2088,3445,0
GUMI.US,D,20251013,000000,50.07,50.3,50.07,50.2394,1434,0
GUMI.US,D,20251014,000000,50.205,50.26,50.16,50.215,2516,0
GUMI.US,D,20251015,000000,50.208,50.22,50.18,50.22,2229,0
GUMI.US,D,20251016,000000,50.18,50.2899,50.15,50.225,15203,0
GUMI.US,D,20251020,000000,50.18,50.3,50.18,50.24,12937,0
GUMI.US,D,20251021,000000,50.29,50.29,50.24,50.28,1565,0
GUMI.US,D,20251022,000000,50.2009,50.235,50.2,50.235,433,0
GUMI.US,D,20251023,000000,50.215,50.225,50.215,50.225,249,0
GUMI.US,D,20251024,000000,50.2036,50.33,50.2036,50.255,77443,0
GUMI.US,D,20251027,000000,50.27,50.62,50.22,50.3,11460,0
GUMI.US,D,20251028,000000,50.2001,50.27,50.2001,50.27,1540,0
GUMI.US,D,20251029,000000,50.19,50.3,50.19,50.285,4848,0
GUMI.US,D,20251030,000000,50.27,50.31,50.245,50.2607,23130,0
GUMI.US,D,20251031,000000,50.2,50.26,50.2,50.26,1614,0
GUMI.US,D,20251103,000000,50.17,50.21,50.11,50.16,3423,0
GUMI.US,D,20251104,000000,50.13,50.22,50.11,50.17,7446,0
GUMI.US,D,20251105,000000,50.21,50.22,50.21,50.22,16224,0
