<TICKER>,<PER>,<DATE>,<TIME>,<OPEN>,<HIGH>,<LOW>,<CLOSE>,<VOL>,<OPENINT>
HGRO.US,D,20250613,000000,24.96,25.02,24.77,24.7911,50639,0
HGRO.US,D,20250616,000000,25.05,25.169,24.99,25.0712,20215,0
HGRO.US,D,20250617,000000,24.99,25.08,24.89,24.935,39426,0
HGRO.US,D,20250618,000000,24.95,25.1,24.935,24.97,39968,0
HGRO.US,D,20250620,000000,25.0782,25.08,24.865,24.95,23586,0
HGRO.US,D,20250623,000000,24.92,25.1497,24.84,25.1497,28196,0
HGRO.US,D,20250624,000000,25.3436,25.525,25.3436,25.525,24639,0
HGRO.US,D,20250625,000000,25.5922,25.6394,25.51,25.5393,45003,0
HGRO.US,D,20250626,000000,25.65,25.8176,25.65,25.8172,8537,0
HGRO.US,D,20250627,000000,25.89,26.0205,25.835,25.9656,14810,0
HGRO.US,D,20250630,000000,26.06,26.18,26.02,26.1713,60155,0
HGRO.US,D,20250701,000000,26.0971,26.129,25.78,25.9157,39376,0
HGRO.US,D,20250702,000000,25.8645,26.02,25.8645,25.9905,63847,0
HGRO.US,D,20250703,000000,26.1586,26.29,26.15,26.2563,18349,0
HGRO.US,D,20250707,000000,26.25,26.31,26,26.158,78084,0
HGRO.US,D,20250708,000000,26.16,26.16,25.9604,26.0398,66865,0
HGRO.US,D,20250709,000000,26.1874,26.26,26.12,26.1645,36267,0
HGRO.US,D,20250710,000000,26.23,26.26,26.08,26.2216,82397,0
HGRO.US,D,20250711,000000,26.15,26.22,26.06,26.22,26436,0
HGRO.US,D,20250714,000000,26.1,26.26,26.07,26.231,53143,0
HGRO.US,D,20250715,000000,26.34,26.34,26.155,26.19,27834,0
HGRO.US,D,20250716,000000,26.1768,26.29,26,26.28,27201,0
HGRO.US,D,20250717,000000,26.22,26.37,26.2,26.3513,20787,0
HGRO.US,D,20250718,000000,26.41,26.5,26.33,26.378,53752,0
HGRO.US,D,20250721,000000,26.375,26.5,26.35,26.3889,26448,0
HGRO.US,D,20250722,000000,26.34,26.39,26.12,26.25,43408,0
HGRO.US,D,20250723,000000,26.37,26.52,26.29,26.48,21716,0
HGRO.US,D,20250724,000000,26.625,26.7,26.58,26.65,33489,0
HGRO.US,D,20250725,000000,26.664,26.75,26.65,26.72,27731,0
HGRO.US,D,20250728,000000,26.7336,26.77,26.65,26.67,32664,0
HGRO.US,D,20250729,000000,26.735,26.78,26.585,26.6,36567,0
HGRO.US,D,20250730,000000,26.65,26.77,26.53,26.67,47717,0
HGRO.US,D,20250731,000000,26.7918,26.9,26.5,26.62,42164,0
HGRO.US,D,20250801,000000,26.21,26.26,25.9302,26.0408,142324,0
HGRO.US,D,20250804,000000,26.2428,26.43,26.2187,26.43,31385,0
HGRO.US,D,20250805,000000,26.44,26.49,26.2,26.23,26953,0
HGRO.US,D,20250806,000000,26.139,26.37,26.139,26.37,17661,0
HGRO.US,D,20250807,000000,26.475,26.509,26.18,26.32,32282,0
HGRO.US,D,20250808,000000,26.3299,26.5,26.3299,26.49,30079,0
HGRO.US,D,20250811,000000,26.49,26.52,26.39,26.39,22656,0
HGRO.US,D,20250812,000000,26.6,26.7,26.4974,26.68,51970,0
HGRO.US,D,20250813,000000,26.8,26.8225,26.5888,26.6903,30557,0
HGRO.US,D,20250814,000000,26.7075,26.79,26.7075,26.78,24814,0
HGRO.US,D,20250815,000000,26.7835,26.7835,26.6307,26.67,16431,0
HGRO.US,D,20250818,000000,26.6,26.68,26.57,26.65,32200,0
HGRO.US,D,20250819,000000,26.55,26.6199,26.32,26.39,60929,0
HGRO.US,D,20250820,000000,26.33,26.35,26.04,26.33,42536,0
HGRO.US,D,20250821,000000,26.19,26.329,26.1668,26.22,28266,0
HGRO.US,D,20250822,000000,26.35,26.6008,26.295,26.56,34112,0
HGRO.US,D,20250825,000000,26.56,26.67,26.52,26.52,8402,0
HGRO.US,D,20250826,000000,26.55,26.68,26.48,26.68,12401,0
HGRO.US,D,20250827,000000,26.67,26.7732,26.65,26.72,17289,0
HGRO.US,D,20250828,000000,26.84,26.9497,26.7474,26.9,22792,0
HGRO.US,D,20250829,000000,26.82,26.88,26.61,26.7,37131,0
HGRO.US,D,20250902,000000,26.65,26.65,26.21,26.5,53111,0
HGRO.US,D,20250903,000000,26.57,26.6573,26.492,26.6,16860,0
HGRO.US,D,20250904,000000,26.64,26.92,26.64,26.884,28396,0
HGRO.US,D,20250905,000000,27.11,27.11,26.58,26.76,55630,0
HGRO.US,D,20250908,000000,26.8327,26.88,26.7601,26.86,29554,0
HGRO.US,D,20250909,000000,26.86,26.88,26.783,26.87,35615,0
HGRO.US,D,20250910,000000,27.0326,27.1375,26.97,27.03,50474,0
HGRO.US,D,20250911,000000,27.13,27.25,27.091,27.17,29845,0
HGRO.US,D,20250912,000000,27.148,27.19,27.13,27.15,17103,0
HGRO.US,D,20250915,000000,27.2375,27.34,27.2375,27.34,49912,0
HGRO.US,D,20250916,000000,27.3399,27.3599,27.2704,27.32,33172,0
HGRO.US,D,20250917,000000,27.26,27.36,27.0606,27.27,27382,0
HGRO.US,D,20250918,000000,27.34,27.53,27.34,27.53,20392,0
HGRO.US,D,20250919,000000,27.51,27.665,27.4523,27.665,31608,0
HGRO.US,D,20250922,000000,27.589,27.73,27.535,27.72,32889,0
HGRO.US,D,20250923,000000,27.6994,27.71,27.4494,27.48,46053,0
HGRO.US,D,20250924,000000,27.475,27.48,27.259,27.33,76703,0
HGRO.US,D,20250925,000000,27.075,27.2797,27.0001,27.226,43901,0
HGRO.US,D,20250926,000000,27.3035,27.37,27.17,27.356,45642,0
HGRO.US,D,20250929,000000,27.455,27.51,27.36,27.456,22925,0
HGRO.US,D,20250930,000000,27.39,27.55,27.3016,27.44,43199,0
HGRO.US,D,20251001,000000,27.39,27.71,27.3899,27.63,193227,0
HGRO.US,D,20251002,000000,27.73,27.73,27.55,27.69,49676,0
HGRO.US,D,20251003,000000,27.7026,27.83,27.63,27.6799,67676,0
HGRO.US,D,20251006,000000,27.77,27.8427,27.67,27.82,36463,0
HGRO.US,D,20251007,000000,27.8125,27.8379,27.54,27.61,46454,0
HGRO.US,D,20251008,000000,27.77,27.9,27.7106,27.89,37508,0
HGRO.US,D,20251009,000000,27.8425,27.9,27.7,27.77,43770,0
HGRO.US,D,20251010,000000,27.9,27.92,26.954,27.07,55790,0
HGRO.US,D,20251013,000000,27.321,27.496,27.295,27.44,44157,0
HGRO.US,D,20251014,000000,27.05,27.4392,26.8583,27.254,48804,0
HGRO.US,D,20251015,000000,27.51,27.6395,27.18,27.41,47433,0
HGRO.US,D,20251016,000000,27.53,27.58,27.135,27.27,39071,0
HGRO.US,D,20251017,000000,27.16,27.34,27,27.2795,50193,0
HGRO.US,D,20251020,000000,27.4684,27.64,27.44,27.6,25603,0
HGRO.US,D,20251021,000000,27.58,27.58,27.45,27.49,55801,0
HGRO.US,D,20251022,000000,27.4286,27.53,27.023,27.24,38033,0
HGRO.US,D,20251023,000000,27.309,27.51,27.309,27.49,23943,0
HGRO.US,D,20251024,000000,27.64,27.81,27.64,27.75,31240,0
HGRO.US,D,20251027,000000,28.02,28.13,27.9625,28.13,21490,0
HGRO.US,D,20251028,000000,28.24,28.32,28.1354,28.29,57205,0
HGRO.US,D,20251029,000000,28.5,28.59,28.36,28.54,44132,0
HGRO.US,D,20251030,000000,28.34,28.53,28.29,28.31,36474,0
HGRO.US,D,20251031,000000,28.56,28.59,28.3004,28.4,36627,0
HGRO.US,D,20251103,000000,28.67,28.72,28.36,28.49,136577,0
HGRO.US,D,20251104,000000,28.12,28.36,28.068,28.12,85136,0
HGRO.US,D,20251105,000000,28.07,28.38,28.02,28.2,47206,0
