<TICKER>,<PER>,<DATE>,<TIME>,<OPEN>,<HIGH>,<LOW>,<CLOSE>,<VOL>,<OPENINT>
HOLA.US,D,20250714,000000,50.0933,50.1262,49.81,50.0428,4401,0
HOLA.US,D,20250715,000000,49.91,49.96,49.35,49.5712,14617,0
HOLA.US,D,20250716,000000,49.52,49.8299,49.46,49.7635,10073,0
HOLA.US,D,20250717,000000,49.76,49.905,49.7499,49.8037,4564,0
HOLA.US,D,20250718,000000,49.9,50.25,49.76,49.9095,100575,0
HOLA.US,D,20250721,000000,49.852,50.01,49.852,49.9582,58563,0
HOLA.US,D,20250722,000000,49.816,50.0391,49.77,50.0391,19114,0
HOLA.US,D,20250723,000000,50.63,50.94,50.51,50.84,17629,0
HOLA.US,D,20250724,000000,50.78,50.845,50.64,50.6982,9079,0
HOLA.US,D,20250725,000000,50.3799,50.85,50.205,50.3956,27731,0
HOLA.US,D,20250728,000000,50.03,50.08,49.8087,49.9004,8488,0
HOLA.US,D,20250729,000000,49.99,50,49.885,49.9271,7881,0
HOLA.US,D,20250730,000000,49.73,49.91,49.5,49.6186,11460,0
HOLA.US,D,20250731,000000,49.4,49.41,49.14,49.25,5447,0
HOLA.US,D,20250801,000000,48.82,49.12,46.05,49.074,26317,0
HOLA.US,D,20250804,000000,49.72,49.72,49.47,49.6259,5854,0
HOLA.US,D,20250805,000000,49.565,49.69,49.24,49.5355,11262,0
HOLA.US,D,20250806,000000,49.72,49.8,49.535,49.7091,10964,0
HOLA.US,D,20250807,000000,50.26,50.27,49.93,50.19,21207,0
HOLA.US,D,20250808,000000,50.34,50.3897,50.2,50.2939,6653,0
HOLA.US,D,20250811,000000,50.15,50.265,50.085,50.1323,8875,0
HOLA.US,D,20250812,000000,50.32,50.6,50.24,50.5801,5917,0
HOLA.US,D,20250813,000000,50.77,50.92,50.6,50.8665,80319,0
HOLA.US,D,20250814,000000,50.735,51.0099,50.72,50.96,77747,0
HOLA.US,D,20250815,000000,51.2599,51.2599,50.96,51.0864,13559,0
HOLA.US,D,20250818,000000,51.69,51.69,51.0005,51.051,12259,0
HOLA.US,D,20250819,000000,51.23,51.27,51,51.1,12922,0
HOLA.US,D,20250820,000000,51.09,51.335,50.95,51.3033,10317,0
HOLA.US,D,20250821,000000,51.08,51.21,51.05,51.1288,5534,0
HOLA.US,D,20250822,000000,51.1501,51.52,51.1501,51.51,9056,0
HOLA.US,D,20250825,000000,51.33,51.47,51.06,51.1677,8057,0
HOLA.US,D,20250826,000000,50.99,51.0354,50.9262,51.0354,5003,0
HOLA.US,D,20250827,000000,50.74,50.92,50.74,50.8756,6080,0
HOLA.US,D,20250828,000000,51.025,51.08,50.83,50.9388,26353,0
HOLA.US,D,20250829,000000,50.65,50.7,50.524,50.6444,7816,0
HOLA.US,D,20250902,000000,50.49,50.49,50.285,50.4476,14457,0
HOLA.US,D,20250903,000000,50.2511,50.4,50.2511,50.3525,11649,0
HOLA.US,D,20250904,000000,50.59,50.6999,50.41,50.5897,15084,0
HOLA.US,D,20250905,000000,50.86,50.895,50.65,50.7712,14018,0
HOLA.US,D,20250908,000000,50.89,51.059,50.78,51.018,11458,0
HOLA.US,D,20250909,000000,50.9499,50.95,50.82,50.8642,18494,0
HOLA.US,D,20250910,000000,50.92,51.01,50.7905,50.8081,7321,0
HOLA.US,D,20250911,000000,51.179,51.179,51.01,51.1453,3215,0
HOLA.US,D,20250912,000000,51.05,51.31,50.94,50.9928,7249,0
HOLA.US,D,20250915,000000,51.1,51.2493,51.01,51.1972,12866,0
HOLA.US,D,20250916,000000,51.175,51.24,51.005,51.1308,5818,0
HOLA.US,D,20250917,000000,51.22,51.335,50.98,51.0291,11479,0
HOLA.US,D,20250918,000000,51.31,51.46,51.144,51.2785,13603,0
HOLA.US,D,20250919,000000,51.22,51.45,51.15,51.2354,10668,0
HOLA.US,D,20250922,000000,51.22,51.4,51.22,51.3179,12246,0
HOLA.US,D,20250923,000000,51.3855,51.48,51.2,51.2244,8967,0
HOLA.US,D,20250924,000000,51.04,51.23,50.91,51.1071,8519,0
HOLA.US,D,20250925,000000,51,51.01,50.6701,50.9843,10294,0
HOLA.US,D,20250926,000000,51.1,51.28,51.0525,51.2479,2232,0
HOLA.US,D,20250929,000000,51.36,51.41,51.1701,51.4,4842,0
HOLA.US,D,20250930,000000,51.34,51.5715,51.2676,51.5715,7313,0
HOLA.US,D,20251001,000000,51.6682,51.82,51.54,51.8167,10650,0
HOLA.US,D,20251002,000000,51.86,51.95,51.67,51.8882,10801,0
HOLA.US,D,20251003,000000,52.2599,52.2599,51.8801,51.9818,6205,0
HOLA.US,D,20251006,000000,52.12,52.17,52,52.0916,14948,0
HOLA.US,D,20251007,000000,52.12,52.12,51.75,51.9677,7983,0
HOLA.US,D,20251008,000000,52.1512,52.3,51.8746,52.2991,16165,0
HOLA.US,D,20251009,000000,52.06,52.12,51.75,51.8149,6510,0
HOLA.US,D,20251010,000000,51.7646,52.0298,51.435,51.478,17329,0
HOLA.US,D,20251013,000000,51.7,52.02,51.68,51.8616,12446,0
HOLA.US,D,20251014,000000,51.63,52.032,51.53,51.9025,4254,0
HOLA.US,D,20251015,000000,51.93,52.2071,51.919,52.161,14579,0
HOLA.US,D,20251016,000000,52.63,52.63,52.04,52.2411,26835,0
HOLA.US,D,20251017,000000,52.1429,52.33,51.98,52.3151,7145,0
HOLA.US,D,20251020,000000,52.529,52.86,52.255,52.45,19373,0
HOLA.US,D,20251021,000000,52.459,52.565,52.28,52.4674,43088,0
HOLA.US,D,20251022,000000,52.4153,52.56,51.89,52.2376,138677,0
HOLA.US,D,20251023,000000,52.47,52.47,52.12,52.1886,64329,0
HOLA.US,D,20251024,000000,52.24,52.41,52.19,52.3173,9721,0
HOLA.US,D,20251027,000000,52.68,52.73,52.63,52.7244,4756,0
HOLA.US,D,20251028,000000,52.65,52.77,52.37,52.7139,8513,0
HOLA.US,D,20251029,000000,52.62,52.73,52.28,52.3467,26524,0
HOLA.US,D,20251030,000000,51.8992,52.89,51.8992,52.4669,7911,0
HOLA.US,D,20251031,000000,52.3044,53.1,52.18,52.3809,7914,0
HOLA.US,D,20251103,000000,52.32,52.39,52.23,52.3497,5364,0
HOLA.US,D,20251104,000000,51.86,52.59,51.86,52.0031,11142,0
HOLA.US,D,20251105,000000,52.08,52.61,52.05,52.2271,8841,0
