<TICKER>,<PER>,<DATE>,<TIME>,<OPEN>,<HIGH>,<LOW>,<CLOSE>,<VOL>,<OPENINT>
FMTM.US,D,20250320,000000,25.14,25.36,25.12,25.1999,4839,0
FMTM.US,D,20250321,000000,24.98,25.1298,24.98,25.0813,4140,0
FMTM.US,D,20250324,000000,25.35,25.5,25.348,25.4949,2299,0
FMTM.US,D,20250325,000000,25.53,25.59,25.513,25.513,82458,0
FMTM.US,D,20250326,000000,25.65,25.71,25.48,25.565,11048,0
FMTM.US,D,20250327,000000,25.42,25.7,25.42,25.596,150239,0
FMTM.US,D,20250328,000000,25.37,25.37,25.1798,25.2356,2436,0
FMTM.US,D,20250331,000000,25.13,25.5031,25.13,25.5031,1367,0
FMTM.US,D,20250401,000000,25.5,25.6,25.38,25.5012,1408,0
FMTM.US,D,20250402,000000,25.4287,25.6,25.4097,25.5965,17299,0
FMTM.US,D,20250403,000000,25.5066,25.6501,25.45,25.4609,125210,0
FMTM.US,D,20250404,000000,25.13,25.13,23.8066,23.8066,43761,0
FMTM.US,D,20250407,000000,23.153,24.03,22.96,23.4951,17457,0
FMTM.US,D,20250408,000000,23.95,24.18,23.145,23.2564,15664,0
FMTM.US,D,20250409,000000,23.1,24.34,22.99,24.3323,8887,0
FMTM.US,D,20250410,000000,24.21,24.22,24,24.1233,8358,0
FMTM.US,D,20250411,000000,24.11,24.4581,24.0372,24.4581,3994,0
FMTM.US,D,20250414,000000,24.7,24.88,24.7,24.7919,14361,0
FMTM.US,D,20250415,000000,24.98,24.98,24.7219,24.7219,16786,0
FMTM.US,D,20250416,000000,24.73,24.82,24.48,24.5243,8047,0
FMTM.US,D,20250417,000000,24.57,24.69,24.5122,24.5122,4838,0
FMTM.US,D,20250421,000000,24.45,24.45,23.7999,23.9631,4139,0
FMTM.US,D,20250422,000000,24.3244,24.63,24.3244,24.611,1295,0
FMTM.US,D,20250423,000000,24.81,24.91,24.62,24.7122,6172,0
FMTM.US,D,20250424,000000,24.78,24.85,24.74,24.81,152064,0
FMTM.US,D,20250425,000000,24.63,24.6435,24.49,24.6435,3800,0
FMTM.US,D,20250428,000000,24.775,24.8359,24.71,24.8359,6001,0
FMTM.US,D,20250429,000000,24.785,25.02,24.77,25.0007,19786,0
FMTM.US,D,20250430,000000,24.83,25.375,24.83,25.2613,17191,0
FMTM.US,D,20250501,000000,25.1508,25.345,25.1508,25.204,9556,0
FMTM.US,D,20250502,000000,25.48,25.58,25.44,25.47,23579,0
FMTM.US,D,20250505,000000,25.37,25.65,25.37,25.57,6802,0
FMTM.US,D,20250506,000000,25.51,25.64,25.51,25.57,2698,0
FMTM.US,D,20250507,000000,25.76,25.86,25.7,25.7754,11904,0
FMTM.US,D,20250508,000000,25.72,25.7699,25.51,25.51,5067,0
FMTM.US,D,20250509,000000,25.43,25.4428,25.43,25.4428,1728,0
FMTM.US,D,20250512,000000,25.42,25.42,24.93,25.1416,2603,0
FMTM.US,D,20250513,000000,25.15,25.2,24.9879,24.9879,3137,0
FMTM.US,D,20250514,000000,24.96,24.96,24.82,24.82,4665,0
FMTM.US,D,20250515,000000,25.035,25.36,25.035,25.3545,17008,0
FMTM.US,D,20250516,000000,25.5,25.71,25.5,25.71,4339,0
FMTM.US,D,20250519,000000,25.6896,25.86,25.6896,25.8219,7909,0
FMTM.US,D,20250520,000000,25.85,25.87,25.79,25.8331,2094,0
FMTM.US,D,20250521,000000,25.67,25.7992,25.6357,25.6357,7222,0
FMTM.US,D,20250522,000000,25.61,25.61,25.43,25.4321,3074,0
FMTM.US,D,20250523,000000,25.47,25.61,25.47,25.559,3013,0
FMTM.US,D,20250527,000000,25.6,25.72,25.6,25.7152,3150,0
FMTM.US,D,20250528,000000,25.69,25.69,25.54,25.54,216996,0
FMTM.US,D,20250529,000000,25.46,25.57,25.4599,25.5385,5381,0
FMTM.US,D,20250530,000000,25.55,25.8354,25.55,25.8354,3657,0
FMTM.US,D,20250602,000000,25.64,25.92,25.64,25.8887,4135,0
FMTM.US,D,20250603,000000,25.83,25.99,25.775,25.9524,9645,0
FMTM.US,D,20250604,000000,25.91,26,25.8669,25.8669,15305,0
FMTM.US,D,20250605,000000,25.85,25.94,25.78,25.84,37699,0
FMTM.US,D,20250606,000000,25.99,26.05,25.933,26.0378,8216,0
FMTM.US,D,20250609,000000,25.71,25.92,25.71,25.8,16280,0
FMTM.US,D,20250610,000000,25.79,25.79,25.52,25.562,5867,0
FMTM.US,D,20250611,000000,25.67,25.83,25.67,25.78,35868,0
FMTM.US,D,20250612,000000,25.85,25.98,25.8459,25.9658,1005,0
FMTM.US,D,20250613,000000,25.89,26.06,25.81,25.88,11112,0
FMTM.US,D,20250616,000000,26.0991,26.16,25.96,25.9646,7594,0
FMTM.US,D,20250617,000000,25.9494,25.95,25.82,25.8788,2760,0
FMTM.US,D,20250618,000000,25.9304,26.02,25.8539,25.8539,6306,0
FMTM.US,D,20250620,000000,26.12,26.12,25.8299,25.8857,13509,0
FMTM.US,D,20250623,000000,26.04,26.1243,25.94,26.1243,1868,0
FMTM.US,D,20250624,000000,26.1196,26.33,26.1196,26.2993,2152,0
FMTM.US,D,20250625,000000,26.1695,26.1695,26.11,26.1111,2239,0
FMTM.US,D,20250626,000000,26.34,26.38,26.3399,26.3674,1134,0
FMTM.US,D,20250627,000000,26.37,26.5236,26.364,26.4307,9069,0
FMTM.US,D,20250630,000000,26.5,26.7,26.475,26.6728,21466,0
FMTM.US,D,20250701,000000,26.63,26.63,26.23,26.3367,12170,0
FMTM.US,D,20250702,000000,26.21,26.4707,26.21,26.4707,14374,0
FMTM.US,D,20250703,000000,26.6903,26.81,26.6903,26.7534,3137,0
FMTM.US,D,20250707,000000,26.7,26.79,26.51,26.5714,36957,0
FMTM.US,D,20250708,000000,26.56,26.57,26.452,26.452,8826,0
FMTM.US,D,20250709,000000,26.55,26.55,26.4467,26.5187,7874,0
FMTM.US,D,20250710,000000,26.5204,26.61,26.5204,26.5242,10325,0
FMTM.US,D,20250711,000000,26.365,26.38,26.26,26.32,9339,0
FMTM.US,D,20250714,000000,26.45,26.4825,26.45,26.4825,258,0
FMTM.US,D,20250715,000000,26.53,26.53,26.2338,26.2338,589,0
FMTM.US,D,20250716,000000,26.26,26.3,26.021,26.2981,6525,0
FMTM.US,D,20250717,000000,26.51,26.659,26.51,26.659,867,0
FMTM.US,D,20250718,000000,26.7597,26.7597,26.67,26.6903,593,0
FMTM.US,D,20250721,000000,26.79,26.8399,26.5365,26.5365,8541,0
FMTM.US,D,20250722,000000,26.52,26.76,26.5,26.7382,2660,0
FMTM.US,D,20250723,000000,26.85,26.98,26.82,26.9792,5652,0
FMTM.US,D,20250724,000000,26.98,27.025,26.9456,26.9456,555,0
FMTM.US,D,20250725,000000,26.92,27.148,26.9199,27.148,1437,0
FMTM.US,D,20250728,000000,27.14,27.14,27.06,27.0824,6023,0
FMTM.US,D,20250729,000000,27.385,27.385,27.25,27.2597,1851,0
FMTM.US,D,20250730,000000,27.29,27.365,27.217,27.217,4957,0
FMTM.US,D,20250731,000000,27.4461,27.4461,27.12,27.1441,9488,0
FMTM.US,D,20250801,000000,26.48,26.7925,26.48,26.7925,3899,0
FMTM.US,D,20250804,000000,27.05,27.29,27.05,27.2799,2351,0
FMTM.US,D,20250805,000000,27.42,27.42,26.9734,27.1767,2125,0
FMTM.US,D,20250806,000000,27.15,27.15,27.0499,27.1367,1499,0
FMTM.US,D,20250807,000000,27.14,27.14,26.885,26.9719,643,0
FMTM.US,D,20250808,000000,27.22,27.22,27.0753,27.0753,2064,0
FMTM.US,D,20250811,000000,26.99,26.99,26.9648,26.9648,1348,0
FMTM.US,D,20250812,000000,27.32,27.5263,27.3199,27.5263,3923,0
FMTM.US,D,20250813,000000,27.5655,27.5655,27.19,27.4688,5061,0
FMTM.US,D,20250814,000000,27.26,27.44,27.26,27.3579,7493,0
FMTM.US,D,20250815,000000,27.04,27.08,27.04,27.0581,1437,0
FMTM.US,D,20250818,000000,27.08,27.1922,27.0763,27.1922,918,0
FMTM.US,D,20250819,000000,27.14,27.14,26.93,26.9358,1937,0
FMTM.US,D,20250820,000000,26.72,26.82,26.66,26.7894,6356,0
FMTM.US,D,20250821,000000,26.81,26.81,26.71,26.7438,1895,0
FMTM.US,D,20250822,000000,26.85,27.3201,26.85,27.3131,1238,0
FMTM.US,D,20250825,000000,27.37,27.53,27.37,27.435,2739,0
FMTM.US,D,20250826,000000,27.44,27.6294,27.29,27.6294,2770,0
FMTM.US,D,20250827,000000,27.6274,27.7799,27.6274,27.7402,7884,0
FMTM.US,D,20250828,000000,27.9,27.97,27.84,27.9494,14034,0
FMTM.US,D,20250829,000000,27.46,27.46,27.39,27.4391,1384,0
FMTM.US,D,20250902,000000,27.09,27.2054,26.95,27.2054,7909,0
FMTM.US,D,20250903,000000,27.3284,27.3284,27.12,27.2531,6535,0
FMTM.US,D,20250904,000000,27.4186,27.8026,27.38,27.8026,11495,0
FMTM.US,D,20250905,000000,28.1876,28.1876,27.4986,27.9491,12619,0
FMTM.US,D,20250908,000000,28.35,28.43,28.2227,28.3767,11104,0
FMTM.US,D,20250909,000000,28.34,28.34,28.23,28.3384,4997,0
FMTM.US,D,20250910,000000,29.0377,29.32,29.0377,29.2866,8316,0
FMTM.US,D,20250911,000000,29.435,29.67,29.435,29.5448,4820,0
FMTM.US,D,20250912,000000,29.45,29.45,29.1656,29.1656,1696,0
FMTM.US,D,20250915,000000,29.3763,29.66,29.3763,29.62,2647,0
FMTM.US,D,20250916,000000,29.7,29.7,29.46,29.582,2124,0
FMTM.US,D,20250917,000000,29.65,29.65,29.37,29.4823,2365,0
FMTM.US,D,20250918,000000,29.85,30.1238,29.85,30.1084,1774,0
FMTM.US,D,20250919,000000,30.1862,30.27,30,30.22,3103,0
FMTM.US,D,20250922,000000,30.1801,30.415,30.1801,30.415,774,0
FMTM.US,D,20250923,000000,30.43,30.43,30.125,30.125,1753,0
FMTM.US,D,20250924,000000,29.89,29.9,29.545,29.545,1610,0
FMTM.US,D,20250925,000000,29.29,29.345,29.25,29.2622,947,0
FMTM.US,D,20250926,000000,29.4,29.4,29.27,29.395,2079,0
FMTM.US,D,20250929,000000,29.66,29.79,29.66,29.75,2925,0
FMTM.US,D,20250930,000000,29.9,29.93,29.55,29.93,7387,0
FMTM.US,D,20251001,000000,29.93,30.23,29.9299,30.21,4406,0
FMTM.US,D,20251002,000000,30.35,30.3609,29.98,30.3609,6592,0
FMTM.US,D,20251003,000000,30.517,30.67,30.405,30.405,2409,0
FMTM.US,D,20251006,000000,30.71,30.76,30.4669,30.4669,3592,0
FMTM.US,D,20251007,000000,30.41,30.41,29.92,30.1475,2336,0
FMTM.US,D,20251008,000000,30.1732,30.5,30.1732,30.4685,8932,0
FMTM.US,D,20251009,000000,30.3395,30.3395,30.12,30.2659,3627,0
FMTM.US,D,20251010,000000,29.41,29.68,28.9192,28.9192,3355,0
FMTM.US,D,20251013,000000,29.72,29.81,29.48,29.7064,1989,0
FMTM.US,D,20251014,000000,29.6713,30.035,29.6713,29.8202,3105,0
FMTM.US,D,20251015,000000,30.24,30.27,29.91,30.1379,5577,0
FMTM.US,D,20251016,000000,30.16,30.16,29.943,29.943,675,0
FMTM.US,D,20251017,000000,29.81,29.985,29.81,29.9203,1493,0
FMTM.US,D,20251020,000000,30.14,30.4552,30.14,30.3504,6820,0
FMTM.US,D,20251021,000000,30.2,30.39,30.2,30.2684,1926,0
FMTM.US,D,20251022,000000,30.2996,30.2996,29.64,29.786,3979,0
FMTM.US,D,20251023,000000,30.05,30.3301,29.9403,30.28,1715,0
FMTM.US,D,20251024,000000,30.77,30.82,30.6785,30.6785,4309,0
FMTM.US,D,20251027,000000,31.1701,31.23,31.05,31.1289,3195,0
FMTM.US,D,20251028,000000,31.2,31.2,31.1,31.17,505,0
FMTM.US,D,20251029,000000,31.46,31.72,31.46,31.5159,2288,0
FMTM.US,D,20251030,000000,31.47,31.8613,31.4608,31.4608,6919,0
FMTM.US,D,20251031,000000,31.76,31.76,31.19,31.515,15920,0
FMTM.US,D,20251103,000000,31.56,31.79,31.56,31.775,1970,0
FMTM.US,D,20251104,000000,30.95,31.3,30.7977,30.7977,2972,0
FMTM.US,D,20251105,000000,30.94,31.98,30.94,31.9799,2404,0
