<TICKER>,<PER>,<DATE>,<TIME>,<OPEN>,<HIGH>,<LOW>,<CLOSE>,<VOL>,<OPENINT>
IONX.US,D,20250312,000000,24.59,27.41,22.0001,26.6231,130638,0
IONX.US,D,20250313,000000,26.5,28.46,23.65,25.64,263250,0
IONX.US,D,20250314,000000,27.9,34.579,27.9,34.27,536902,0
IONX.US,D,20250317,000000,34,35.54,31.6319,34.01,576365,0
IONX.US,D,20250318,000000,30.43,32.594,27.82,27.85,335849,0
IONX.US,D,20250319,000000,30.09,31.165,26.75,29.35,186714,0
IONX.US,D,20250320,000000,29.4,32.18,22.5574,24.01,384308,0
IONX.US,D,20250321,000000,23.19,27.24,23.19,26.16,265732,0
IONX.US,D,20250324,000000,28.79,35.8,28.57,35.36,605013,0
IONX.US,D,20250325,000000,34.71,35.4,32.5,33.9,256781,0
IONX.US,D,20250326,000000,37.22,39.8,31.52,31.94,611295,0
IONX.US,D,20250327,000000,30,32.8283,28.67,28.97,272852,0
IONX.US,D,20250328,000000,28.6,28.68,24.6507,27,213605,0
IONX.US,D,20250331,000000,23.64,27.4394,23.34,25.03,176687,0
IONX.US,D,20250401,000000,29.97,30.76,25.4101,27.52,500899,0
IONX.US,D,20250402,000000,26.82,33.786,26.7718,31.99,902329,0
IONX.US,D,20250403,000000,26.56,28.76,25.6,27.41,486092,0
IONX.US,D,20250404,000000,25.5,26.27,18.27,21.31,813708,0
IONX.US,D,20250407,000000,18.96,28.02,17.4097,25.38,867998,0
IONX.US,D,20250408,000000,28.48,29.62,20.845,22.06,751267,0
IONX.US,D,20250409,000000,23.61,33.015,22.46,32.67,949555,0
IONX.US,D,20250410,000000,30,33.34,28.22,31.5,437739,0
IONX.US,D,20250411,000000,32.5,34.8313,30.55,32.04,499615,0
IONX.US,D,20250414,000000,36,37.38,28.8,30.17,512202,0
IONX.US,D,20250415,000000,30.55,31.7249,28.54,30.43,225291,0
IONX.US,D,20250416,000000,28.41,30.085,26.55,28.26,223074,0
IONX.US,D,20250417,000000,29.16,31.23,28.07,31.02,350886,0
IONX.US,D,20250421,000000,29.22,29.46,25.5,26.79,249270,0
IONX.US,D,20250422,000000,27.94,31.0742,26.7,30.11,237306,0
IONX.US,D,20250423,000000,34.15,35.58,31.91,33,368256,0
IONX.US,D,20250424,000000,33.78,39.95,33.78,36.88,382283,0
IONX.US,D,20250425,000000,37.33,43.3685,35.3809,38.28,529733,0
IONX.US,D,20250428,000000,39.7,40.98,34.02,37.66,410738,0
IONX.US,D,20250429,000000,38.63,38.84,35.13,36.05,152184,0
IONX.US,D,20250430,000000,32.79,34.604,31.64,34.38,198358,0
IONX.US,D,20250501,000000,36.45,36.6699,33.867,34.05,258753,0
IONX.US,D,20250502,000000,35.05,44.17,35.05,43.1,666041,0
IONX.US,D,20250505,000000,40.86,42.5,39.5083,39.83,283636,0
IONX.US,D,20250506,000000,36.365,39.12,35.11,38.91,212073,0
IONX.US,D,20250507,000000,37.345,38.59,36.67,38.13,217633,0
IONX.US,D,20250508,000000,44.12,49.43,35.5,45.28,1192706,0
IONX.US,D,20250509,000000,44.32,47.35,40,43.27,772023,0
IONX.US,D,20250512,000000,48.95,50.75,45.4,47.96,736827,0
IONX.US,D,20250513,000000,47.3,51.5,46.37,48.8,612789,0
IONX.US,D,20250514,000000,51.05,54.88,47.59,49.3,640389,0
IONX.US,D,20250515,000000,47.92,52.22,45.99,47,417304,0
IONX.US,D,20250516,000000,49.5,54.2639,48.08,53.87,627761,0
IONX.US,D,20250519,000000,49.45,54.23,47.37,54.22,507841,0
IONX.US,D,20250520,000000,56.9,56.9,51.45,54.86,516667,0
IONX.US,D,20250521,000000,54.3,58.77,48.8277,49.24,647307,0
IONX.US,D,20250522,000000,50.41,94.07,49.99,85.255,3327935,0
IONX.US,D,20250523,000000,69.63,92.83,68.0947,84.55,1812568,0
IONX.US,D,20250527,000000,87.95,93.5,77.01,93.24,1198327,0
IONX.US,D,20250528,000000,85.41,96.53,80.1,91.3,1002764,0
IONX.US,D,20250529,000000,93.18,96.1078,73.77,74.6,1120848,0
IONX.US,D,20250530,000000,64.84,68.91,61.24,64.4,1273527,0
IONX.US,D,20250602,000000,63.38,66.88,58.31,65.31,599152,0
IONX.US,D,20250603,000000,69,71,62,62.82,740918,0
IONX.US,D,20250604,000000,62.8975,63.7606,56.98,62.14,595408,0
IONX.US,D,20250605,000000,60.61,60.79,50.5262,52.86,966126,0
IONX.US,D,20250606,000000,55.51,62.12,53.17,59.53,898348,0
IONX.US,D,20250609,000000,70.49,70.49,59.1784,62.55,1481024,0
IONX.US,D,20250610,000000,64.63,75,60.885,61.84,1505955,0
IONX.US,D,20250611,000000,67.43,74.6452,59.27,61.78,2639695,0
IONX.US,D,20250612,000000,60.28,64.97,58.2402,58.57,1151763,0
IONX.US,D,20250613,000000,54.78,61.6145,54.55,55.79,1025188,0
IONX.US,D,20250616,000000,54.23,59.64,50.34,57.45,1273760,0
IONX.US,D,20250617,000000,55.39,57.98,52.66,56.03,714335,0
IONX.US,D,20250618,000000,54.76,60.8,54,60.57,806632,0
IONX.US,D,20250620,000000,61.541,66.12,58.6,62.84,1080704,0
IONX.US,D,20250623,000000,58.48,65.3806,53.6,65.22,1101363,0
IONX.US,D,20250624,000000,67.47,70.34,63.21,64.35,705052,0
IONX.US,D,20250625,000000,67.1356,68.01,55.5753,55.79,657592,0
IONX.US,D,20250626,000000,60,66.025,58.71,64.22,889383,0
IONX.US,D,20250627,000000,65.14,66.5,57.63,61.46,502372,0
IONX.US,D,20250630,000000,64.42,73.34,64,69.99,1031355,0
IONX.US,D,20250701,000000,67.665,68.5,59.31,60.67,739745,0
IONX.US,D,20250702,000000,63.5,74.8,61.7223,74.32,833967,0
IONX.US,D,20250703,000000,72.6,76.89,69.15,72.89,373876,0
IONX.US,D,20250707,000000,79.05,82.16,68,75.64,1068862,0
IONX.US,D,20250708,000000,80.2,84.31,73.9144,75.02,791303,0
IONX.US,D,20250709,000000,77.3,82.2535,73.2,76.65,836659,0
IONX.US,D,20250710,000000,76.975,79.3671,73.2754,77.9,530865,0
IONX.US,D,20250711,000000,74.61,76.5,63.7601,64.01,1071764,0
IONX.US,D,20250714,000000,65.16,66.5878,62.5,65.54,563456,0
IONX.US,D,20250715,000000,65.72,67.67,61.5,62.68,668394,0
IONX.US,D,20250716,000000,65,69.06,60.7,68.57,1085939,0
IONX.US,D,20250717,000000,68.35,72.9,67.52,72.67,991394,0
IONX.US,D,20250718,000000,72.73,81.6872,70.1791,78,1023558,0
IONX.US,D,20250721,000000,79.26,82.1125,71.18,71.31,920727,0
IONX.US,D,20250722,000000,70.8,71.1,61.16,63.36,1013600,0
IONX.US,D,20250723,000000,64.735,67.83,62.63,67,745466,0
IONX.US,D,20250724,000000,65.63,71.13,64.09,68.86,702257,0
IONX.US,D,20250725,000000,69.84,69.84,65.92,66.46,439963,0
IONX.US,D,20250728,000000,68.25,70.5,61.2414,64.07,566970,0
IONX.US,D,20250729,000000,66.5,69.43,57.99,58.45,1002316,0
IONX.US,D,20250730,000000,59.1,62.1957,54.647,56.8,565248,0
IONX.US,D,20250731,000000,59.27,63.25,55.69,56.59,736499,0
IONX.US,D,20250801,000000,53.49,54.49,48.93,51.38,757772,0
IONX.US,D,20250804,000000,53.49,58.15,52.3598,56.18,583959,0
IONX.US,D,20250805,000000,58.2,63.3,56.93,62.09,1059043,0
IONX.US,D,20250806,000000,66.45,66.47,58.43,59.79,1104943,0
IONX.US,D,20250807,000000,53.37,60.66,52.53,57.34,1261596,0
IONX.US,D,20250808,000000,57.53,62.72,57.25,61.45,1132716,0
IONX.US,D,20250811,000000,61.71,75.62,60.24,70.29,1317417,0
IONX.US,D,20250812,000000,69.18,70.2,63.01,64.31,793797,0
IONX.US,D,20250813,000000,65.105,65.105,57.57,59.07,1059711,0
IONX.US,D,20250814,000000,56.76,58.5,53.34,58.27,833765,0
IONX.US,D,20250815,000000,57.14,57.27,53.6,55.8,372593,0
IONX.US,D,20250818,000000,55.28,56.51,52.5,55.83,478449,0
IONX.US,D,20250819,000000,55.94,55.94,45.7,46.37,941243,0
IONX.US,D,20250820,000000,47.65,47.83,41.15,46.33,920205,0
IONX.US,D,20250821,000000,47.02,47.6,45.2915,47.08,447709,0
IONX.US,D,20250822,000000,46.58,53.99,45.845,53.6,811495,0
IONX.US,D,20250825,000000,53.28,53.45,50.3,50.5,359931,0
IONX.US,D,20250826,000000,51.1,56.35,50.845,55.98,570524,0
IONX.US,D,20250827,000000,56.58,61.25,56.0301,57.72,771663,0
IONX.US,D,20250828,000000,58.34,64.12,58.3,62.99,897084,0
IONX.US,D,20250829,000000,60.45,62.57,58.5201,61.23,429377,0
IONX.US,D,20250902,000000,56.47,62.04,54.165,61.84,449896,0
IONX.US,D,20250903,000000,60.89,62.63,55,56.24,423234,0
IONX.US,D,20250904,000000,56.65,61.64,55.6102,58.94,564711,0
IONX.US,D,20250905,000000,60.13,60.59,54.59,58.14,450923,0
IONX.US,D,20250908,000000,59.07,60,54.25,55.81,458309,0
IONX.US,D,20250909,000000,56.73,64.67,56,63.83,774232,0
IONX.US,D,20250910,000000,65.09,67.37,62.65,63.52,479435,0
IONX.US,D,20250911,000000,64.1,73.23,62.2,72.37,701199,0
IONX.US,D,20250912,000000,73.95,100.5,73.6035,98.75,2070951,0
IONX.US,D,20250915,000000,104,114.259,100.47,111.37,1028886,0
IONX.US,D,20250916,000000,110.525,125.19,103.91,123.47,555561,0
IONX.US,D,20250917,000000,126.95,139.54,118.76,135.48,1376291,0
IONX.US,D,20250918,000000,148,156.5,135.54,141.52,943496,0
IONX.US,D,20250919,000000,137.48,159.99,137.48,156.39,840868,0
IONX.US,D,20250922,000000,143.8,168.51,137.71,162.71,720369,0
IONX.US,D,20250923,000000,173.0059,181.2242,161.01,177.04,1069207,0
IONX.US,D,20250924,000000,177.24,180.995,158.02,171.53,796866,0
IONX.US,D,20250925,000000,159.22,163.49,139.43,150.42,1107739,0
IONX.US,D,20250926,000000,145.8,154.4915,132.935,140.99,865218,0
IONX.US,D,20250929,000000,145.83,147.1592,124.2,127.82,651429,0
IONX.US,D,20250930,000000,125.5,131.2327,113.715,117.03,681093,0
IONX.US,D,20251001,000000,116.51,129.8954,112.29,123.01,777274,0
IONX.US,D,20251002,000000,129.71,148.35,128.5,148.2,965632,0
IONX.US,D,20251003,000000,152.49,165.65,142.92,163.46,1202299,0
IONX.US,D,20251006,000000,157.14,190,157.14,188.65,935950,0
IONX.US,D,20251007,000000,197.58,207.91,172.27,189.8,962334,0
IONX.US,D,20251008,000000,188.26,202.4,158.47,166.88,812086,0
IONX.US,D,20251009,000000,168.775,182.415,163.3191,180.23,623126,0
IONX.US,D,20251010,000000,177.11,179,148.28,148.28,1146106,0
IONX.US,D,20251013,000000,162.81,205.85,157.276,195.07,851736,0
IONX.US,D,20251014,000000,184.9,190.435,167,174.01,703212,0
IONX.US,D,20251015,000000,185,185.33,143.98,151.89,827202,0
IONX.US,D,20251016,000000,156.11,156.11,122.26,123,1084617,0
IONX.US,D,20251017,000000,121.73,122.45,105.7,112.32,1054905,0
IONX.US,D,20251020,000000,120.15,120.15,97.0119,101.53,1045994,0
IONX.US,D,20251021,000000,102.82,104.6691,92.12,99.57,1017351,0
IONX.US,D,20251022,000000,95.47,98.87,75.455,86.16,1843920,0
IONX.US,D,20251023,000000,103.2,109.0926,91,98,2906983,0
IONX.US,D,20251024,000000,106.2,113.52,99.7889,101.1,965065,0
IONX.US,D,20251027,000000,110,118,107.6968,109.245,1076736,0
IONX.US,D,20251028,000000,108.5,115,89.28,89.69,1568096,0
IONX.US,D,20251029,000000,94.88,104.75,92,101.87,1050349,0
IONX.US,D,20251030,000000,95.9,104.1066,92.05,98.65,611709,0
IONX.US,D,20251031,000000,100.63,107.5,98,105.58,586668,0
IONX.US,D,20251103,000000,105.11,106.45,86,92.02,1012024,0
IONX.US,D,20251104,000000,83.28,87.94,75.3311,76.25,1007819,0
IONX.US,D,20251105,000000,80.81,84.48,75.30005,81.84,929818,0
