<TICKER>,<PER>,<DATE>,<TIME>,<OPEN>,<HIGH>,<LOW>,<CLOSE>,<VOL>,<OPENINT>
LDRX.US,D,20250505,000000,26.94,26.94,26.8993,26.8993,117,0
LDRX.US,D,20250508,000000,27.15,27.2,27.018,27.018,216,0
LDRX.US,D,20250512,000000,27.7174,27.7648,27.64,27.7648,501,0
LDRX.US,D,20250514,000000,27.66,27.7202,27.66,27.7202,7300,0
LDRX.US,D,20250523,000000,27.385,27.4067,27.385,27.4067,181,0
LDRX.US,D,20250527,000000,27.74,27.8906,27.73,27.8906,11757,0
LDRX.US,D,20250528,000000,27.82,27.82,27.724,27.724,143,0
LDRX.US,D,20250602,000000,27.68,27.8824,27.68,27.8824,1938,0
LDRX.US,D,20250605,000000,27.9335,27.9752,27.9335,27.9752,4780,0
LDRX.US,D,20250609,000000,28.34,28.4,28.34,28.3571,800,0
LDRX.US,D,20250611,000000,28.53,28.59,28.4314,28.4314,832,0
LDRX.US,D,20250613,000000,28.54,28.54,28.5003,28.5003,3058,0
LDRX.US,D,20250617,000000,28.4124,28.4124,28.4009,28.4009,252,0
LDRX.US,D,20250620,000000,28.615,28.615,28.36,28.4203,587,0
LDRX.US,D,20250623,000000,28.4924,28.6802,28.4924,28.6802,301,0
LDRX.US,D,20250625,000000,28.97,28.97,28.94,28.9529,452,0
LDRX.US,D,20250626,000000,29,29.092,29,29.092,100,0
LDRX.US,D,20250627,000000,29.3,29.3,29.11,29.2056,280,0
LDRX.US,D,20250630,000000,29.4267,29.4267,29.32,29.4064,5078,0
LDRX.US,D,20250701,000000,29.62,29.63,29.61,29.617,349,0
LDRX.US,D,20250702,000000,29.55,29.7859,29.55,29.7859,4282,0
LDRX.US,D,20250707,000000,29.949,29.949,29.7933,29.7933,400,0
LDRX.US,D,20250708,000000,29.86,29.86,29.8157,29.8157,112,0
LDRX.US,D,20250709,000000,29.925,29.9616,29.79,29.9616,594,0
LDRX.US,D,20250710,000000,30.1,30.1,30.0424,30.0424,140,0
LDRX.US,D,20250711,000000,29.88,29.88,29.8569,29.8569,170,0
LDRX.US,D,20250714,000000,29.7878,29.9174,29.7878,29.9174,200,0
LDRX.US,D,20250715,000000,29.74,29.75,29.72,29.72,11946,0
LDRX.US,D,20250716,000000,29.88,29.88,29.73,29.8755,5411,0
LDRX.US,D,20250717,000000,29.95,30.0005,29.95,30.0005,1744,0
LDRX.US,D,20250718,000000,29.93,29.9301,29.89,29.91,2384,0
LDRX.US,D,20250721,000000,30.06,30.06,29.9932,29.9932,142,0
LDRX.US,D,20250722,000000,30.0574,30.1366,30.0574,30.1366,251,0
LDRX.US,D,20250723,000000,30.27,30.3767,30.27,30.3767,144,0
LDRX.US,D,20250724,000000,30.42,30.42,30.3734,30.3734,105,0
LDRX.US,D,20250725,000000,30.29,30.4194,30.29,30.4194,115,0
LDRX.US,D,20250728,000000,30.3445,30.37,30.3445,30.3473,403,0
LDRX.US,D,20250729,000000,30.2,30.3347,30.2,30.3347,105,0
LDRX.US,D,20250730,000000,30.2,30.2,30.0934,30.0934,108,0
LDRX.US,D,20250801,000000,29.51,29.5414,29.51,29.5414,68000,0
LDRX.US,D,20250804,000000,29.8971,29.9854,29.87,29.9854,527,0
LDRX.US,D,20250805,000000,30.02,30.02,29.9514,29.9514,134,0
LDRX.US,D,20250806,000000,29.82,30.0166,29.82,30.0166,126,0
LDRX.US,D,20250807,000000,29.96,29.96,29.8841,29.8841,122,0
LDRX.US,D,20250811,000000,30.1,30.1,30.0525,30.0525,302,0
LDRX.US,D,20250813,000000,30.39,30.4322,30.35,30.4322,760,0
LDRX.US,D,20250815,000000,30.555,30.555,30.4741,30.4741,234,0
LDRX.US,D,20250825,000000,30.47,30.5,30.4367,30.4367,967,0
LDRX.US,D,20250827,000000,30.27,30.5809,30.27,30.5809,13611,0
LDRX.US,D,20250828,000000,30.6806,30.7179,30.63,30.7179,2588,0
LDRX.US,D,20250910,000000,31.82,31.83,31.58,31.6387,21417,0
LDRX.US,D,20250911,000000,31.68,31.76,31.68,31.7509,8257,0
LDRX.US,D,20250912,000000,31.59,31.6134,31.59,31.6134,2919,0
LDRX.US,D,20250915,000000,31.86,31.8835,31.86,31.8835,150,0
LDRX.US,D,20250917,000000,31.72,31.8815,31.7,31.8815,831,0
LDRX.US,D,20250919,000000,32.12,32.292,32.12,32.292,201,0
LDRX.US,D,20250922,000000,32.38,32.4335,32.38,32.4335,53375,0
LDRX.US,D,20250924,000000,32.15,32.18,32.02,32.1014,1586,0
LDRX.US,D,20250930,000000,31.79,31.9638,31.79,31.9638,2660,0
LDRX.US,D,20251001,000000,32.0018,32.2081,32.0018,32.2081,401,0
LDRX.US,D,20251002,000000,32.02,32.22,32.02,32.1728,5551,0
LDRX.US,D,20251003,000000,32.2,32.2,32.1163,32.1163,574,0
LDRX.US,D,20251008,000000,32.15,32.3024,32.15,32.3024,1108,0
LDRX.US,D,20251009,000000,32.26,32.3241,32.21,32.3241,20957,0
LDRX.US,D,20251010,000000,32.4,32.4,31.5978,31.5978,837,0
LDRX.US,D,20251015,000000,32.355,32.45,31.99,32.2901,10374,0
LDRX.US,D,20251016,000000,32.1606,32.1647,32.14,32.1647,803,0
LDRX.US,D,20251020,000000,32.41,32.4454,32.41,32.4454,2034,0
LDRX.US,D,20251021,000000,32.41,32.4449,32.41,32.4373,572,0
LDRX.US,D,20251024,000000,32.75,32.75,32.7431,32.7431,1355,0
LDRX.US,D,20251029,000000,33.56,33.56,33.5195,33.5195,108,0
LDRX.US,D,20251105,000000,33.13,33.13,33.13,33.13,139,0
