<TICKER>,<PER>,<DATE>,<TIME>,<OPEN>,<HIGH>,<LOW>,<CLOSE>,<VOL>,<OPENINT>
SOFX.US,D,20250117,000000,22.31,23.19,21.8996,22.5244,157924,0
SOFX.US,D,20250121,000000,23.94,28.7806,23.935,26.3666,108733,0
SOFX.US,D,20250122,000000,26.78,26.78,24.45,25.43,103655,0
SOFX.US,D,20250123,000000,24.8,27.1636,24.6,26.75,76454,0
SOFX.US,D,20250124,000000,27.1,27.81,26.16,26.28,162452,0
SOFX.US,D,20250127,000000,20.52,22.5853,19.2277,20.94,388234,0
SOFX.US,D,20250128,000000,21.04,21.3037,18.6618,21.1213,197909,0
SOFX.US,D,20250129,000000,20.72,21.49,20.1,20.7194,104902,0
SOFX.US,D,20250130,000000,21.5037,22.43,21.1209,21.8,110687,0
SOFX.US,D,20250131,000000,21.96,22,19.5601,20.0593,157021,0
SOFX.US,D,20250203,000000,17.76,19.94,17.76,19.01,105977,0
SOFX.US,D,20250204,000000,19,19.4731,18.595,18.81,121832,0
SOFX.US,D,20250205,000000,18.72,19.36,18.5807,19.28,59979,0
SOFX.US,D,20250206,000000,19.42,19.42,17.35,17.59,133524,0
SOFX.US,D,20250207,000000,17.72,18.65,17.63,17.79,95201,0
SOFX.US,D,20250210,000000,18.22,18.95,18.14,18.31,70151,0
SOFX.US,D,20250211,000000,17.97,18.39,17.46,17.58,51449,0
SOFX.US,D,20250212,000000,16.89,17.6,16.645,17.43,103570,0
SOFX.US,D,20250213,000000,17.93,18.69,17.47,18.43,70888,0
SOFX.US,D,20250214,000000,18.68,21.253,18.54,20.8,362300,0
SOFX.US,D,20250218,000000,21.57,23.11,21.57,22.38,195025,0
SOFX.US,D,20250219,000000,22.13,22.13,20.53,20.73,189360,0
SOFX.US,D,20250220,000000,20.28,20.36,17.87,19.03,291005,0
SOFX.US,D,20250221,000000,19.01,19.01,16.7,16.91,241469,0
SOFX.US,D,20250224,000000,17.09,17.115,14.95,16.15,187521,0
SOFX.US,D,20250225,000000,15.5,15.88,14.09,15.17,258938,0
SOFX.US,D,20250226,000000,15.73,16.919,15.69,16.36,131673,0
SOFX.US,D,20250227,000000,16.94,16.94,15.3,15.37,137247,0
SOFX.US,D,20250228,000000,14.85,16.4,14.681,16.32,131607,0
SOFX.US,D,20250303,000000,16.69,17.24,13.9901,14.22,169404,0
SOFX.US,D,20250304,000000,13.01,14.2055,11.45,13.2,324394,0
SOFX.US,D,20250305,000000,13.3,14,12.76,13.9,191499,0
SOFX.US,D,20250306,000000,13.12,13.52,11.8243,11.95,116462,0
SOFX.US,D,20250307,000000,11.73,12.2,10.7,12.13,156445,0
SOFX.US,D,20250310,000000,11.08,11.23,9,9.4,147541,0
SOFX.US,D,20250311,000000,9.19,9.9,8.9295,9.52,202129,0
SOFX.US,D,20250312,000000,10.6,10.98,9.86,10.65,222997,0
SOFX.US,D,20250313,000000,10.87,10.89,9.649,9.76,137716,0
SOFX.US,D,20250314,000000,10.2999,10.92,10.06,10.89,146779,0
SOFX.US,D,20250317,000000,10.86,11.5455,10.6324,11.3,87359,0
SOFX.US,D,20250318,000000,10.93,10.93,10.39,10.62,67267,0
SOFX.US,D,20250319,000000,10.67,12.23,10.67,12,189525,0
SOFX.US,D,20250320,000000,11.8,12.36,11.637,11.89,144483,0
SOFX.US,D,20250321,000000,11.34,12.25,11.34,12.17,83021,0
SOFX.US,D,20250324,000000,13.08,13.86,12.89,13.76,384461,0
SOFX.US,D,20250325,000000,13.8,14.1585,13.3463,13.44,289649,0
SOFX.US,D,20250326,000000,13.48,13.48,12.24,12.55,215982,0
SOFX.US,D,20250327,000000,11.66,11.735,10.55,10.8,172925,0
SOFX.US,D,20250328,000000,10.55,10.87,9.96,10.22,149461,0
SOFX.US,D,20250331,000000,9.335,9.9487,8.7536,9.81,225612,0
SOFX.US,D,20250401,000000,9.73,10.6736,9.64,10.3,120441,0
SOFX.US,D,20250402,000000,9.88,11.2808,9.8112,10.97,150643,0
SOFX.US,D,20250403,000000,8.96,9.3434,7.8628,7.99,353470,0
SOFX.US,D,20250404,000000,7.02,7.3,5.39,6.38,678483,0
SOFX.US,D,20250407,000000,5.27,7.76,5.14,6.73,772420,0
SOFX.US,D,20250408,000000,7.64,7.71,5.95,6.24,572867,0
SOFX.US,D,20250409,000000,6.11,9.09,6.04,8.76,1158994,0
SOFX.US,D,20250410,000000,8.04,8.1575,6.96,7.42,292052,0
SOFX.US,D,20250411,000000,7.34,7.68,6.79,7.68,311701,0
SOFX.US,D,20250414,000000,8.29,8.34,7.41,7.81,367268,0
SOFX.US,D,20250415,000000,7.82,8.13,7.699,8,201839,0
SOFX.US,D,20250416,000000,7.57,7.89,7.24,7.56,183613,0
SOFX.US,D,20250417,000000,7.65,8.099,7.5,8.01,232255,0
SOFX.US,D,20250421,000000,7.93,8.23,7.33,7.6,288347,0
SOFX.US,D,20250422,000000,7.87,8.6128,7.78,8.38,194442,0
SOFX.US,D,20250423,000000,9.49,10,8.9779,9.13,267300,0
SOFX.US,D,20250424,000000,9.18,10.05,9.18,10,174004,0
SOFX.US,D,20250425,000000,10.26,11.18,10.22,10.93,485867,0
SOFX.US,D,20250428,000000,11.45,11.73,10.76,11.44,731009,0
SOFX.US,D,20250429,000000,13.08,13.67,11.51,11.59,1378112,0
SOFX.US,D,20250430,000000,10.57,10.59,9.4504,10.21,624758,0
SOFX.US,D,20250501,000000,10.77,10.86,10.1801,10.21,300842,0
SOFX.US,D,20250502,000000,10.52,10.8,10.35,10.53,351181,0
SOFX.US,D,20250505,000000,10.08,11.1,10.08,10.74,224156,0
SOFX.US,D,20250506,000000,10.19,10.71,10.11,10.56,174082,0
SOFX.US,D,20250507,000000,10.46,11.42,10.34,11.03,267669,0
SOFX.US,D,20250508,000000,11.63,11.76,11.15,11.45,263735,0
SOFX.US,D,20250509,000000,11.51,11.75,10.8,11.3,164433,0
SOFX.US,D,20250512,000000,12.75,13,12.15,12.74,518845,0
SOFX.US,D,20250513,000000,13.15,13.519,12.79,13.2,345810,0
SOFX.US,D,20250514,000000,13.48,14.1,12.58,12.69,307925,0
SOFX.US,D,20250515,000000,12.41,12.4313,11.46,11.84,297990,0
SOFX.US,D,20250516,000000,12.08,12.54,11.84,12.48,213223,0
SOFX.US,D,20250519,000000,11.54,12.3,11.5,12.1,140139,0
SOFX.US,D,20250520,000000,12,12,11.24,11.33,221697,0
SOFX.US,D,20250521,000000,11,11.36,10.388,10.47,199197,0
SOFX.US,D,20250522,000000,10.58,11.2647,10.58,11.13,171158,0
SOFX.US,D,20250523,000000,10.44,11.085,10.4,10.97,127347,0
SOFX.US,D,20250527,000000,11.4,11.56,10.965,11.42,250257,0
SOFX.US,D,20250528,000000,11.45,11.4999,11,11.28,101341,0
SOFX.US,D,20250529,000000,11.6,11.76,10.93,11.03,117497,0
SOFX.US,D,20250530,000000,10.9,11.319,10.5413,11.29,143472,0
SOFX.US,D,20250602,000000,11.3,12,10.9401,11.88,176297,0
SOFX.US,D,20250603,000000,12.09,12.1,11.561,11.89,213902,0
SOFX.US,D,20250604,000000,11.89,11.89,11.1572,11.53,188634,0
SOFX.US,D,20250605,000000,11.6145,12.9699,11.5688,11.87,686316,0
SOFX.US,D,20250606,000000,12.4,13.27,12.3,12.83,478851,0
SOFX.US,D,20250609,000000,13.01,13.16,12.37,12.58,254798,0
SOFX.US,D,20250610,000000,12.66,13.2384,12.38,13.11,280281,0
SOFX.US,D,20250611,000000,13.31,14.4899,13.261,14.29,412900,0
SOFX.US,D,20250612,000000,13.94,14.5252,13.5317,13.97,390102,0
SOFX.US,D,20250613,000000,12.99,13.5654,12.22,12.45,404357,0
SOFX.US,D,20250616,000000,12.83,13.93,12.815,13.93,277351,0
SOFX.US,D,20250617,000000,13.7,13.89,12.635,12.99,296021,0
SOFX.US,D,20250618,000000,12.84,14.75,12.84,14.7,468875,0
SOFX.US,D,20250620,000000,15.12,15.17,13.95,14.35,372000,0
SOFX.US,D,20250623,000000,13.94,14.79,13.29,14.62,472371,0
SOFX.US,D,20250624,000000,15.29,15.74,14.92,15.58,356575,0
SOFX.US,D,20250625,000000,15.89,16.3969,15.66,15.96,290794,0
SOFX.US,D,20250626,000000,16.28,17.45,16.0227,17.35,272749,0
SOFX.US,D,20250627,000000,17.72,18.87,17.5,18.2,469295,0
SOFX.US,D,20250630,000000,19.35,21.83,19.1,20.38,892871,0
SOFX.US,D,20250701,000000,19.77,20.9,18.46,19.08,542153,0
SOFX.US,D,20250702,000000,18.92,20.45,18.84,20.15,447653,0
SOFX.US,D,20250703,000000,20.46,21.19,20,21.07,254153,0
SOFX.US,D,20250707,000000,20.89,22.6588,20.6529,22.64,519865,0
SOFX.US,D,20250708,000000,23.88,26.4,23.6002,24.21,774846,0
SOFX.US,D,20250709,000000,24.78,24.9395,23.44,24.86,553498,0
SOFX.US,D,20250710,000000,25.25,27.525,25.04,26.78,697148,0
SOFX.US,D,20250711,000000,26.19,28.9336,26.19,27.31,551516,0
SOFX.US,D,20250714,000000,27.69,27.8594,25.17,27.61,499844,0
SOFX.US,D,20250715,000000,27.41,28.24,26.355116,26.63,356098,0
SOFX.US,D,20250716,000000,26.67,28.09,26.09,27.65,521184,0
SOFX.US,D,20250717,000000,27.94,29.7159,27.9,29.51,326543,0
SOFX.US,D,20250718,000000,30,31.06,27.45,28.7,484705,0
SOFX.US,D,20250721,000000,29.12,29.23,26.77,26.93,475608,0
SOFX.US,D,20250722,000000,25.8,26.75,23.55,26.4949,444660,0
SOFX.US,D,20250723,000000,26.97,28.06,26.38,27.96,213934,0
SOFX.US,D,20250724,000000,28.47,29.1134,27.53,27.83,260248,0
SOFX.US,D,20250725,000000,27.95,27.95,26.88,26.88,158415,0
SOFX.US,D,20250728,000000,27,27,25.875,26.56,295290,0
SOFX.US,D,20250729,000000,31.79,36.6184,29.5,29.9,2323417,0
SOFX.US,D,20250730,000000,25.75,28.75,24.7295,28.61,1265513,0
SOFX.US,D,20250731,000000,30.67,33.48,30.0801,30.31,1172604,0
SOFX.US,D,20250801,000000,27.85,28.11,25.0314,26.63,888718,0
SOFX.US,D,20250804,000000,27.4,28.1853,25.33,28.17,551929,0
SOFX.US,D,20250805,000000,28.64,28.88,26.87,27.37,646803,0
SOFX.US,D,20250806,000000,27.23,27.39,26.08,27.2,225131,0
SOFX.US,D,20250807,000000,28.12,29.6,27.75,28.71,633050,0
SOFX.US,D,20250808,000000,29.22,29.95,28.39,28.77,507234,0
SOFX.US,D,20250811,000000,28.7,31.4,27.8184,29.62,483013,0
SOFX.US,D,20250812,000000,30,32.9979,29.88,32.84,646769,0
SOFX.US,D,20250813,000000,34.25,35.13,31.25,33.24,813418,0
SOFX.US,D,20250814,000000,32.26,33.64,30.2,31.73,627207,0
SOFX.US,D,20250815,000000,31.63,33.2162,29.9,32.98,375437,0
SOFX.US,D,20250818,000000,32.75,34.2812,32.1,34.24,368983,0
SOFX.US,D,20250819,000000,35.36,36.1,29.9365,30.01,684882,0
SOFX.US,D,20250820,000000,29.1,29.78,25.99,29.48,573978,0
SOFX.US,D,20250821,000000,29.16,31.62,29.017,31.47,416644,0
SOFX.US,D,20250822,000000,30.85,36.6723,30.34,35.94,867008,0
SOFX.US,D,20250825,000000,36.47,39.97,35.56,39.32,874421,0
SOFX.US,D,20250826,000000,39.52,40.56,37.31,37.7,574143,0
SOFX.US,D,20250827,000000,37.5,38.22,35.55,35.65,364169,0
SOFX.US,D,20250828,000000,35.95,39.58,35.925,38.86,440048,0
SOFX.US,D,20250829,000000,39.31,39.84,36.305,37.21,446389,0
SOFX.US,D,20250902,000000,34.15,36.45,31.99,35.38,472514,0
SOFX.US,D,20250903,000000,36.11,36.11,33.94,34.22,341213,0
SOFX.US,D,20250904,000000,33.88,37.03,33.495,36.65,350529,0
SOFX.US,D,20250905,000000,37.84,38.25,33.1,37.28,548086,0
SOFX.US,D,20250908,000000,37.63,38.64,35.5733,38.28,384851,0
SOFX.US,D,20250909,000000,38.44,38.8,37.011,38.26,388106,0
SOFX.US,D,20250910,000000,39.23,40.81,36.29,36.94,625146,0
SOFX.US,D,20250911,000000,37.54,39.99,37.31,38.17,420884,0
SOFX.US,D,20250912,000000,38.22,40.24,37.6569,39.73,368799,0
SOFX.US,D,20250915,000000,42.07,43.4,41,43.26,573257,0
SOFX.US,D,20250916,000000,43.69,43.76,39.9518,42.38,644312,0
SOFX.US,D,20250917,000000,41.71,42.4,38.35,41.45,887780,0
SOFX.US,D,20250918,000000,42.75,45.82,41.33,44.4,771929,0
SOFX.US,D,20250919,000000,44.94,49.13,44.94,48.76,652005,0
SOFX.US,D,20250922,000000,48.01,51.4,47.01,49.72,590356,0
SOFX.US,D,20250923,000000,49.44,50.84,46.6085,47.36,386254,0
SOFX.US,D,20250924,000000,48.42,48.895,44.86,45.23,540051,0
SOFX.US,D,20250925,000000,42.77,45.87,40.73,44.1,483624,0
SOFX.US,D,20250926,000000,44.92,45.16,42.35,43.65,292697,0
SOFX.US,D,20250929,000000,44.83,45.5648,40.94,42.3,557493,0
SOFX.US,D,20250930,000000,41.98,42.19,36.6708,38.79,940405,0
SOFX.US,D,20251001,000000,39.6,41.45,36.53,36.86,777472,0
SOFX.US,D,20251002,000000,38.37,38.4299,35.93,37.56,839933,0
SOFX.US,D,20251003,000000,37.9,37.9,34.1,35.24,1206887,0
SOFX.US,D,20251006,000000,36.65,40.4571,35.4,38.38,1717729,0
SOFX.US,D,20251007,000000,40.43,45.45,39.26,43.4,2569391,0
SOFX.US,D,20251008,000000,44.54,45.01,41.9,43.01,1306702,0
SOFX.US,D,20251009,000000,43.14,45.04,42.1948,44.24,831047,0
SOFX.US,D,20251010,000000,44.6,48.4,37.0628,37.2,1887147,0
SOFX.US,D,20251013,000000,39.82,40.67,38,39.8846,797593,0
SOFX.US,D,20251014,000000,37.84,43.35,35.7564,41.89,874528,0
SOFX.US,D,20251015,000000,42.73,45.5,40.9403,42.32,852213,0
SOFX.US,D,20251016,000000,42.6,43.53,37,38.01,860300,0
SOFX.US,D,20251017,000000,36.76,38.78,36.32,37.73,754846,0
SOFX.US,D,20251020,000000,39.51,44.4999,39.23,43.8,880142,0
SOFX.US,D,20251021,000000,43.42,44.92,42.225,43.91,570072,0
SOFX.US,D,20251022,000000,42.98,44,36.6909,39.19,1108321,0
SOFX.US,D,20251023,000000,39.83,43.102,39.28,41.56,570876,0
SOFX.US,D,20251024,000000,43.66,46.89,43.5,44.38,851957,0
SOFX.US,D,20251027,000000,47.305,47.9268,45.2,47.59,1222391,0
SOFX.US,D,20251028,000000,50.445,53.54,43.54,52.51,3626363,0
SOFX.US,D,20251029,000000,51.76,55.479,47.48,49.9,1987699,0
SOFX.US,D,20251030,000000,48.5,49.8,43.78,43.9,845967,0
SOFX.US,D,20251031,000000,45.66,46.265,42.265,45.81,715690,0
SOFX.US,D,20251103,000000,45.515,50.45,44.68,48.57,811610,0
SOFX.US,D,20251104,000000,44.22,49.1152,42.5001,44.6,902679,0
SOFX.US,D,20251105,000000,45.16,47.634,43.5201,46.62,587361,0
