<TICKER>,<PER>,<DATE>,<TIME>,<OPEN>,<HIGH>,<LOW>,<CLOSE>,<VOL>,<OPENINT>
XOMX.US,D,20250423,000000,25.2,25.2,24.025,24.6119,20567,0
XOMX.US,D,20250424,000000,24.95,25.1153,24.95,25.1153,1331,0
XOMX.US,D,20250425,000000,24.92,25.104,24.92,25.104,334,0
XOMX.US,D,20250428,000000,24.97,25.1776,24.88,25.1776,226,0
XOMX.US,D,20250430,000000,23.84,23.84,23.42,23.692,1730,0
XOMX.US,D,20250501,000000,24.141,24.141,23.7801,23.7801,601,0
XOMX.US,D,20250502,000000,24.2977,24.2977,23.255,23.9165,2060,0
XOMX.US,D,20250505,000000,22.989,22.989,22.5963,22.5963,792,0
XOMX.US,D,20250507,000000,23.5,23.5,23.1753,23.1753,302,0
XOMX.US,D,20250509,000000,24.3908,24.3908,24.3357,24.3357,186,0
XOMX.US,D,20250512,000000,25.449,25.449,25.1314,25.1314,944,0
XOMX.US,D,20250513,000000,25.219,25.699,25.1654,25.3374,1706,0
XOMX.US,D,20250515,000000,24.13,25.3123,24.13,25.3123,974,0
XOMX.US,D,20250519,000000,24.171,24.3054,24.171,24.3054,613,0
XOMX.US,D,20250520,000000,24.15,24.15,23.6109,23.6109,994,0
XOMX.US,D,20250521,000000,23.5,23.5,23.0865,23.0865,730,0
XOMX.US,D,20250522,000000,22.38,22.86,22.35,22.7151,4957,0
XOMX.US,D,20250523,000000,22.4932,22.9,22.3696,22.7544,3131,0
XOMX.US,D,20250527,000000,22.981,22.981,22.891,22.9101,1037,0
XOMX.US,D,20250528,000000,22.936,22.936,22.15,22.36,2539,0
XOMX.US,D,20250529,000000,22.359,22.59,22.359,22.59,439,0
XOMX.US,D,20250530,000000,22.2096,22.34,22.2096,22.34,1286,0
XOMX.US,D,20250602,000000,22.67,22.76,22.57,22.74,9020,0
XOMX.US,D,20250603,000000,22.81,23.18,22.81,23.06,2890,0
XOMX.US,D,20250604,000000,23.2,23.2,22.37,22.39,11596,0
XOMX.US,D,20250605,000000,22.13,22.25,22.13,22.19,2997,0
XOMX.US,D,20250606,000000,22.91,23.2,22.91,23.2,3023,0
XOMX.US,D,20250609,000000,23.509,23.76,23.509,23.51,1886,0
XOMX.US,D,20250610,000000,24.16,24.63,24.06,24.44,4364,0
XOMX.US,D,20250611,000000,24.27,25.343,24.27,25.34,2841,0
XOMX.US,D,20250612,000000,25.44,25.63,25.44,25.63,3461,0
XOMX.US,D,20250613,000000,26.98,26.98,26.17,26.72,21318,0
XOMX.US,D,20250616,000000,26.81,27.06,26.25,26.94,31867,0
XOMX.US,D,20250617,000000,27.5751,27.915,27.51,27.51,94063,0
XOMX.US,D,20250618,000000,27.9507,28.01,27.13,27.13,32416,0
XOMX.US,D,20250620,000000,27.31,27.81,27.19,27.81,15196,0
XOMX.US,D,20250623,000000,28.89,28.89,26.3404,26.49,50648,0
XOMX.US,D,20250624,000000,24.81,25.48,24.43,24.68,12031,0
XOMX.US,D,20250625,000000,24.945,25.0153,24.74,24.82,2935,0
XOMX.US,D,20250626,000000,25.011,25.52,25.011,25.5,5683,0
XOMX.US,D,20250627,000000,25.12,25.22,24.71,25.18,2407,0
XOMX.US,D,20250630,000000,24.67,24.67,24.35,24.35,5063,0
XOMX.US,D,20250701,000000,24.37,25.13,24.1,25.12,3453,0
XOMX.US,D,20250702,000000,25.32,25.86,24.88,25.84,7442,0
XOMX.US,D,20250703,000000,25.82,26.35,25.82,26.26,1486,0
XOMX.US,D,20250707,000000,25.9699,26.14,25.7,25.84,3704,0
XOMX.US,D,20250708,000000,26.0701,27.24,26.0701,27.18,4361,0
XOMX.US,D,20250709,000000,26.95,26.95,26.8001,26.9,1921,0
XOMX.US,D,20250710,000000,27.3,27.51,27.3,27.42,2643,0
XOMX.US,D,20250711,000000,27.29,27.78,27.29,27.71,1928,0
XOMX.US,D,20250714,000000,26.9964,27.11,26.7,27.11,4044,0
XOMX.US,D,20250715,000000,26.901,26.911,26.63,26.65,2823,0
XOMX.US,D,20250716,000000,26.68,26.68,26.221,26.3263,4423,0
XOMX.US,D,20250717,000000,26.1014,26.1014,25.92,25.965,635,0
XOMX.US,D,20250718,000000,25.75,25.75,24.145,24.16,7828,0
XOMX.US,D,20250721,000000,24.31,24.46,24.07,24.1851,4285,0
XOMX.US,D,20250722,000000,24.26,24.46,24.26,24.4579,1034,0
XOMX.US,D,20250723,000000,24.58,25.0313,24.58,25.0313,2973,0
XOMX.US,D,20250724,000000,24.731,25.4875,24.731,25.4875,2595,0
XOMX.US,D,20250725,000000,25.04,25.3369,25.04,25.31,1444,0
XOMX.US,D,20250728,000000,25.65,26,25.65,25.715,9476,0
XOMX.US,D,20250729,000000,25.9291,26.34,25.9291,26.34,1896,0
XOMX.US,D,20250730,000000,25.991,25.991,25.69,25.9684,8128,0
XOMX.US,D,20250731,000000,25.98,26.05,25.67,25.8691,14550,0
XOMX.US,D,20250801,000000,25.32,25.32,24.525,24.7683,9453,0
XOMX.US,D,20250804,000000,24.8,24.8,23.69,23.7512,4801,0
XOMX.US,D,20250805,000000,23.57,23.89,23.5,23.718,2159,0
XOMX.US,D,20250806,000000,24.13,24.39,23.4295,23.4295,3311,0
XOMX.US,D,20250807,000000,23.25,23.5037,23.12,23.16,3185,0
XOMX.US,D,20250808,000000,23.25,23.52,23.25,23.4806,1472,0
XOMX.US,D,20250811,000000,23.6987,23.6987,23,23.1212,2163,0
XOMX.US,D,20250812,000000,23.5,23.5,23.1659,23.1659,1656,0
XOMX.US,D,20250813,000000,23.31,23.7744,23.15,23.7744,2067,0
XOMX.US,D,20250814,000000,23.42,23.75,23.42,23.7494,2868,0
XOMX.US,D,20250815,000000,23.66,24.1,23.66,23.7565,3036,0
XOMX.US,D,20250818,000000,23.57,23.9582,23.57,23.7928,2930,0
XOMX.US,D,20250819,000000,23.87,24.0934,23.72,24.0934,2111,0
XOMX.US,D,20250820,000000,24.87,24.93,24.6441,24.6441,2676,0
XOMX.US,D,20250821,000000,24.44,24.8501,24.44,24.8369,997,0
XOMX.US,D,20250822,000000,25.2683,25.8078,25.2683,25.8078,1777,0
XOMX.US,D,20250825,000000,25.775,26.0999,25.775,26.0948,2163,0
XOMX.US,D,20250826,000000,25.7,26.0269,25.46,26.0269,1142,0
XOMX.US,D,20250828,000000,26.8576,26.8576,26.8328,26.8328,807,0
XOMX.US,D,20250829,000000,27.27,27.27,27.04,27.2106,1787,0
XOMX.US,D,20250902,000000,27.111,27.5894,27.11,27.338,3628,0
XOMX.US,D,20250903,000000,26.52,26.52,25.88,26.0397,5280,0
XOMX.US,D,20250904,000000,26.1,26.5132,26.1,26.2907,2217,0
XOMX.US,D,20250905,000000,25.205,25.26,24.71,24.7426,1695,0
XOMX.US,D,20250908,000000,24.7901,25.1,24.7901,25.0906,2284,0
XOMX.US,D,20250909,000000,26.03,26.1648,25.3734,25.3734,1413,0
XOMX.US,D,20250910,000000,25.79,26.2219,25.73,26.2219,8746,0
XOMX.US,D,20250911,000000,26.19,26.19,26.1176,26.1176,802,0
XOMX.US,D,20250912,000000,26.47,26.47,26.0663,26.0663,2581,0
XOMX.US,D,20250915,000000,25.94,26.1418,25.94,26.1418,1290,0
XOMX.US,D,20250916,000000,27.38,27.38,27.212,27.212,1434,0
XOMX.US,D,20250917,000000,27.46,27.46,27.335,27.4218,1806,0
XOMX.US,D,20250918,000000,27.61,27.61,26.687,26.8988,3180,0
XOMX.US,D,20250919,000000,26.91,26.91,26.315,26.315,3335,0
XOMX.US,D,20250922,000000,25.78,26.09,25.78,25.9467,3817,0
XOMX.US,D,20250923,000000,26.16,26.86,26.16,26.6028,4081,0
XOMX.US,D,20250924,000000,27.07,27.39,26.8734,26.8734,5900,0
XOMX.US,D,20250925,000000,27.13,27.47,27.02,27.3792,4100,0
XOMX.US,D,20250926,000000,28,28.56,28,28.0826,11005,0
XOMX.US,D,20250929,000000,27.36,27.36,26.43,26.5671,13433,0
XOMX.US,D,20250930,000000,26,26.17,25.6201,25.9897,6273,0
XOMX.US,D,20251001,000000,26.022,26.022,25.51,25.6066,13934,0
XOMX.US,D,20251002,000000,25.41,26.032,25.2396,25.3422,9398,0
XOMX.US,D,20251003,000000,25.831,26.32,25.831,26.12,16952,0
XOMX.US,D,20251006,000000,26.31,26.78,26.185,26.5754,7614,0
XOMX.US,D,20251007,000000,25.85,26.6041,25.5484,26.6041,4188,0
XOMX.US,D,20251008,000000,26.587,26.8556,26.57,26.6027,2893,0
XOMX.US,D,20251009,000000,27.04,27.04,25.9669,25.9669,7384,0
XOMX.US,D,20251010,000000,25.44,25.64,25.0931,25.0931,5493,0
XOMX.US,D,20251013,000000,25.5,25.5986,25.33,25.5986,5675,0
XOMX.US,D,20251014,000000,24.9465,25.7013,24.9465,25.7013,1254,0
XOMX.US,D,20251015,000000,26.09,26.15,25.23,25.396,3587,0
XOMX.US,D,20251016,000000,25.439,25.439,24.9201,24.9201,2962,0
XOMX.US,D,20251017,000000,25.36,25.61,25.36,25.5593,3150,0
XOMX.US,D,20251020,000000,25.75,25.75,25.5,25.7479,4758,0
XOMX.US,D,20251021,000000,25.78,25.99,25.62,25.8268,3276,0
XOMX.US,D,20251022,000000,26.2,26.8224,25.9,26.6726,5723,0
XOMX.US,D,20251023,000000,27.385,27.42,26.94,27.1905,10642,0
XOMX.US,D,20251024,000000,27.16,27.29,26.8,26.9709,5524,0
XOMX.US,D,20251027,000000,27.09,27.1961,26.82,27.1961,8268,0
XOMX.US,D,20251028,000000,26.97,27.18,26.79,26.7949,7419,0
XOMX.US,D,20251029,000000,26.59,27.55,26.59,27.4053,3922,0
XOMX.US,D,20251030,000000,27.425,27.425,26.5553,26.5553,4763,0
XOMX.US,D,20251031,000000,26.19,26.7656,25.61,26.4971,34442,0
XOMX.US,D,20251103,000000,26.39,26.55,26.2414,26.2414,8360,0
XOMX.US,D,20251104,000000,25.74,26.283,25.74,26.283,4001,0
XOMX.US,D,20251105,000000,26.54,26.75,26.28,26.28,5829,0
