<TICKER>,<PER>,<DATE>,<TIME>,<OPEN>,<HIGH>,<LOW>,<CLOSE>,<VOL>,<OPENINT>
NVBU.US,D,20241104,000000,25.0567,25.17,25,25.0452,155252,0
NVBU.US,D,20241105,000000,25.1176,25.28,25.1176,25.28,24406,0
NVBU.US,D,20241106,000000,25.7,25.8,25.68,25.79,19834,0
NVBU.US,D,20241107,000000,25.9,25.9625,25.895,25.9203,32923,0
NVBU.US,D,20241108,000000,25.99,26.065,25.965,26.0302,190920,0
NVBU.US,D,20241111,000000,26.04,26.04,25.99,26.0202,2020,0
NVBU.US,D,20241112,000000,26.03,26.0985,25.9172,25.98,34948,0
NVBU.US,D,20241113,000000,25.99,26.0744,25.965,25.9857,10361,0
NVBU.US,D,20241114,000000,25.99,26.03,25.8702,25.8702,5028,0
NVBU.US,D,20241115,000000,25.7,25.7,25.5818,25.63,13805,0
NVBU.US,D,20241118,000000,25.645,25.72,25.645,25.7,13375,0
NVBU.US,D,20241119,000000,25.61,25.75,25.5643,25.75,3595,0
NVBU.US,D,20241120,000000,25.62,25.76,25.605,25.76,14127,0
NVBU.US,D,20241121,000000,25.7315,25.9,25.71,25.8548,12527,0
NVBU.US,D,20241122,000000,25.93,25.95,25.8398,25.919,16025,0
NVBU.US,D,20241125,000000,25.995,26.09,25.95,26.02,4770,0
NVBU.US,D,20241126,000000,26.05,26.108,26.0156,26.06,13846,0
NVBU.US,D,20241127,000000,26.0617,26.0617,26.0049,26.0049,642,0
NVBU.US,D,20241129,000000,26.12,26.16,26.12,26.1489,644,0
NVBU.US,D,20241202,000000,26.1301,26.22,26.1301,26.1841,8894,0
NVBU.US,D,20241203,000000,26.1702,26.23,26.16,26.1977,4159,0
NVBU.US,D,20241204,000000,26.31,26.3251,26.24,26.3251,4743,0
NVBU.US,D,20241205,000000,26.36,26.37,26.26,26.33,5295,0
NVBU.US,D,20241206,000000,26.37,26.38,26.28,26.3656,2674,0
NVBU.US,D,20241209,000000,26.22,26.27,26.2055,26.2055,3555,0
NVBU.US,D,20241212,000000,26.2799,26.2799,26.2086,26.2086,6792,0
NVBU.US,D,20241216,000000,26.35,26.36,26.3006,26.3006,3608,0
NVBU.US,D,20241217,000000,26.24,26.24,26.2027,26.2343,966,0
NVBU.US,D,20241218,000000,26.3112,26.32,25.65,25.6778,6228,0
NVBU.US,D,20241219,000000,25.7112,25.8,25.6,25.6125,5167,0
NVBU.US,D,20241220,000000,25.92,25.92,25.782,25.782,995,0
NVBU.US,D,20241223,000000,25.799,25.9302,25.79,25.9302,2278,0
NVBU.US,D,20241226,000000,26.16,26.16,26.11,26.11,1144,0
NVBU.US,D,20241227,000000,25.8,25.868,25.8,25.868,184,0
NVBU.US,D,20241230,000000,25.64,25.71,25.5635,25.6936,12980,0
NVBU.US,D,20241231,000000,25.625,25.625,25.558,25.558,10749,0
NVBU.US,D,20250103,000000,25.77,25.82,25.7593,25.7593,2180,0
NVBU.US,D,20250106,000000,26.04,26.04,25.8651,25.8651,1157,0
NVBU.US,D,20250107,000000,25.919,25.919,25.645,25.655,864,0
NVBU.US,D,20250108,000000,25.5501,25.6769,25.5501,25.6769,180,0
NVBU.US,D,20250110,000000,25.46,25.47,25.3888,25.3888,1053,0
NVBU.US,D,20250114,000000,25.37,25.4443,25.37,25.4443,168,0
NVBU.US,D,20250116,000000,25.82,25.82,25.7793,25.7793,797,0
NVBU.US,D,20250117,000000,26.02,26.03,25.9745,25.9745,1171,0
NVBU.US,D,20250121,000000,26.06,26.1353,26.04,26.1353,850,0
NVBU.US,D,20250122,000000,26.34,26.34,26.279,26.279,185,0
NVBU.US,D,20250123,000000,26.2557,26.3617,26.2557,26.3617,6032,0
NVBU.US,D,20250124,000000,26.42,26.59,26.3221,26.3221,100394,0
NVBU.US,D,20250127,000000,25.95,26.007,25.95,26.007,789,0
NVBU.US,D,20250128,000000,26,26.25,26,26.213,1907,0
NVBU.US,D,20250129,000000,26.1694,26.18,26.055,26.1175,2408,0
NVBU.US,D,20250130,000000,26.1,26.31,26.07,26.18,101585,0
NVBU.US,D,20250131,000000,26.354,26.38,26.06,26.1164,54643,0
NVBU.US,D,20250203,000000,25.92,26.0127,25.9,25.9752,5474,0
NVBU.US,D,20250204,000000,26.1324,26.1324,26.06,26.0974,1714,0
NVBU.US,D,20250205,000000,26.08,26.14,26.08,26.14,1949,0
NVBU.US,D,20250207,000000,26.1,26.1,26.02,26.07,5058,0
NVBU.US,D,20250210,000000,26.14,26.21,26.14,26.1829,2453,0
NVBU.US,D,20250211,000000,26.18,26.19,26.17,26.1789,5239,0
NVBU.US,D,20250212,000000,26.01,26.1538,26.01,26.1057,720,0
NVBU.US,D,20250213,000000,26.23,26.3265,26.22,26.3265,3676,0
NVBU.US,D,20250214,000000,26.34,26.36,26.31,26.31,9268,0
NVBU.US,D,20250218,000000,26.29,26.35,26.29,26.35,2356,0
NVBU.US,D,20250219,000000,26.39,26.4498,26.39,26.4498,598,0
NVBU.US,D,20250220,000000,26.31,26.3575,26.29,26.3575,308,0
NVBU.US,D,20250221,000000,26.09,26.095,26.0114,26.0114,2103,0
NVBU.US,D,20250224,000000,25.95,25.98,25.9271,25.98,2451,0
NVBU.US,D,20250225,000000,25.77,25.88,25.76,25.8239,2321,0
NVBU.US,D,20250226,000000,25.76,25.8292,25.76,25.8292,1543,0
NVBU.US,D,20250227,000000,25.75,25.84,25.5406,25.5406,20538,0
NVBU.US,D,20250228,000000,25.53,25.8105,25.48,25.8105,15002,0
NVBU.US,D,20250303,000000,25.6201,25.67,25.38,25.4839,5821,0
NVBU.US,D,20250304,000000,25.22,25.31,25.21,25.2968,1192,0
NVBU.US,D,20250305,000000,25.31,25.4871,25.31,25.4871,244,0
NVBU.US,D,20250306,000000,25.35,25.35,25.19,25.23,2626,0
NVBU.US,D,20250307,000000,25.09,25.2766,25.02,25.2766,12757,0
NVBU.US,D,20250310,000000,25.04,25.04,24.7501,24.8411,77508,0
NVBU.US,D,20250311,000000,24.75,24.88,24.651,24.743,27161,0
NVBU.US,D,20250312,000000,24.7699,24.88,24.71,24.7843,2662,0
NVBU.US,D,20250313,000000,24.75,24.75,24.57,24.5798,879,0
NVBU.US,D,20250314,000000,24.75,24.9,24.75,24.873,6921,0
NVBU.US,D,20250317,000000,24.9,25.0028,24.9,25.0028,363,0
NVBU.US,D,20250318,000000,24.83,24.83,24.8128,24.8128,160,0
NVBU.US,D,20250319,000000,24.93,25.04,24.93,24.9768,1214,0
NVBU.US,D,20250320,000000,25.045,25.045,24.9418,24.9418,1259,0
NVBU.US,D,20250324,000000,25.15,25.23,25.15,25.2246,16207,0
NVBU.US,D,20250325,000000,25.29,25.29,25.19,25.2303,6023,0
NVBU.US,D,20250326,000000,25.15,25.17,25.03,25.09,3867,0
NVBU.US,D,20250328,000000,24.735,24.7599,24.7339,24.7339,10225,0
NVBU.US,D,20250331,000000,24.615,24.8053,24.615,24.8053,11418,0
NVBU.US,D,20250401,000000,24.7206,24.89,24.7206,24.89,3224,0
NVBU.US,D,20250402,000000,24.88,24.9687,24.88,24.9687,736,0
NVBU.US,D,20250404,000000,23.865,23.865,23.5496,23.5496,1086,0
NVBU.US,D,20250407,000000,22.95,23.509,22.92,23.509,22364,0
NVBU.US,D,20250408,000000,23.67,23.69,23.2835,23.2835,3223,0
NVBU.US,D,20250409,000000,23.32,24.4652,23.32,24.4652,3045,0
NVBU.US,D,20250410,000000,24.06,24.06,23.65,23.9607,1486,0
NVBU.US,D,20250411,000000,23.92,24.2069,23.92,24.2069,158,0
NVBU.US,D,20250414,000000,24.27,24.3205,24.225,24.3205,757,0
NVBU.US,D,20250415,000000,24.3303,24.3303,24.255,24.3079,988,0
NVBU.US,D,20250416,000000,24.19,24.19,24.0103,24.0103,100,0
NVBU.US,D,20250417,000000,24.09,24.11,24.0536,24.0536,519,0
NVBU.US,D,20250421,000000,23.73,23.7953,23.73,23.7953,100,0
NVBU.US,D,20250422,000000,24.05,24.107,24.05,24.107,100,0
NVBU.US,D,20250423,000000,24.45,24.45,24.26,24.3154,7663,0
NVBU.US,D,20250424,000000,24.55,24.55,24.52,24.5344,671,0
NVBU.US,D,20250425,000000,24.6,24.6279,24.6,24.6279,539,0
NVBU.US,D,20250428,000000,24.54,24.654,24.54,24.654,319,0
NVBU.US,D,20250430,000000,24.51,24.7614,24.51,24.7614,250,0
NVBU.US,D,20250506,000000,24.87,24.87,24.83,24.8667,200,0
NVBU.US,D,20250507,000000,24.83,24.9043,24.83,24.9043,100,0
NVBU.US,D,20250508,000000,25,25.07,25,25.0038,223,0
NVBU.US,D,20250512,000000,25.379,25.53,25.379,25.4187,725,0
NVBU.US,D,20250515,000000,25.67,25.67,25.6419,25.6419,156,0
NVBU.US,D,20250521,000000,25.76,25.76,25.4691,25.4691,2038,0
NVBU.US,D,20250527,000000,25.6601,25.6645,25.58,25.6645,2557,0
NVBU.US,D,20250528,000000,25.64,25.65,25.5734,25.5734,1819,0
NVBU.US,D,20250530,000000,25.615,25.6697,25.615,25.6697,125,0
NVBU.US,D,20250602,000000,25.67,25.707,25.67,25.707,222,0
NVBU.US,D,20250603,000000,25.76,25.8135,25.76,25.8119,1006,0
NVBU.US,D,20250604,000000,25.87,25.87,25.8201,25.8201,100,0
NVBU.US,D,20250605,000000,25.82,25.82,25.7112,25.7112,300,0
NVBU.US,D,20250606,000000,25.91,25.93,25.91,25.9176,200,0
NVBU.US,D,20250610,000000,25.99,25.9988,25.99,25.9988,105,0
NVBU.US,D,20250611,000000,26.07,26.07,25.9444,25.9444,100,0
NVBU.US,D,20250613,000000,25.99,25.99,25.8217,25.8217,671960,0
NVBU.US,D,20250616,000000,26.11,26.11,26.0007,26.0007,1387,0
NVBU.US,D,20250617,000000,25.945,25.97,25.8537,25.8537,1761,0
NVBU.US,D,20250618,000000,25.9599,25.9599,25.83,25.8324,8346,0
NVBU.US,D,20250620,000000,25.92,25.92,25.796,25.796,2172,0
NVBU.US,D,20250623,000000,25.76,25.9668,25.76,25.9668,801,0
NVBU.US,D,20250624,000000,26.1456,26.1745,26.1456,26.1745,760,0
NVBU.US,D,20250625,000000,26.17,26.2299,26.14,26.167,2179,0
NVBU.US,D,20250626,000000,26.2236,26.3699,26.2236,26.3552,1319,0
NVBU.US,D,20250627,000000,26.2301,26.52,26.2301,26.4481,938,0
NVBU.US,D,20250630,000000,26.56,26.575,26.56,26.575,791,0
NVBU.US,D,20250701,000000,26.4781,26.6,26.47,26.5575,1662,0
NVBU.US,D,20250702,000000,26.595,26.6599,26.595,26.643,1836,0
NVBU.US,D,20250703,000000,26.8699,26.8699,26.8339,26.8339,848,0
NVBU.US,D,20250707,000000,26.79,26.79,26.61,26.6584,1607,0
NVBU.US,D,20250708,000000,26.68,26.69,26.62,26.6346,2222,0
NVBU.US,D,20250709,000000,26.71,26.7699,26.6501,26.7546,7158,0
NVBU.US,D,20250710,000000,26.77,26.86,26.7,26.8127,3670,0
NVBU.US,D,20250711,000000,26.7999,26.7999,26.74,26.7507,1229,0
NVBU.US,D,20250714,000000,26.76,26.88,26.75,26.82,464993,0
NVBU.US,D,20250715,000000,26.79,26.79,26.69,26.7125,2177,0
NVBU.US,D,20250716,000000,26.6815,26.7799,26.58,26.7648,5307,0
NVBU.US,D,20250717,000000,26.83,26.92,26.83,26.889,2088,0
NVBU.US,D,20250718,000000,26.82,26.8791,26.82,26.8791,565,0
NVBU.US,D,20250721,000000,26.97,27.03,26.9081,26.9081,2517,0
NVBU.US,D,20250722,000000,26.912,26.926,26.87,26.926,1206,0
NVBU.US,D,20250723,000000,26.9492,27.0743,26.9492,27.0743,1069,0
NVBU.US,D,20250724,000000,27.06,27.1799,27.06,27.1175,986,0
NVBU.US,D,20250725,000000,27.16,27.197,27.14,27.197,2344,0
NVBU.US,D,20250728,000000,27.2599,27.2599,27.1582,27.1753,813,0
NVBU.US,D,20250729,000000,27.215,27.215,27.1231,27.1231,1469,0
NVBU.US,D,20250730,000000,27.1001,27.2099,27.01,27.0761,1346,0
NVBU.US,D,20250731,000000,27.3099,27.3099,26.9912,26.9912,1085,0
NVBU.US,D,20250801,000000,26.69,26.69,26.61,26.6619,1484,0
NVBU.US,D,20250804,000000,26.89,26.9548,26.8808,26.9548,1423,0
NVBU.US,D,20250805,000000,27.02,27.02,26.79,26.8521,9195,0
NVBU.US,D,20250806,000000,26.935,27.01,26.91,27.01,929,0
NVBU.US,D,20250807,000000,27.06,27.06,26.95,26.9624,3390,0
NVBU.US,D,20250808,000000,27.16,27.2199,27.1372,27.1598,2065,0
NVBU.US,D,20250811,000000,27.12,27.18,27.0879,27.0879,6413,0
NVBU.US,D,20250812,000000,27.2493,27.382,27.2493,27.3744,1459,0
NVBU.US,D,20250813,000000,27.41,27.4625,27.3175,27.4625,847,0
NVBU.US,D,20250814,000000,27.4315,27.5,27.38,27.4574,1349,0
NVBU.US,D,20250815,000000,27.45,27.45,27.38,27.4025,1230,0
NVBU.US,D,20250818,000000,27.36,27.39,27.32,27.3567,3368,0
NVBU.US,D,20250819,000000,27.33,27.33,27.21,27.2218,1768,0
NVBU.US,D,20250820,000000,27.01,27.2,26.98,27.1761,2104,0
NVBU.US,D,20250821,000000,27.07,27.1299,27.03,27.0739,1517,0
NVBU.US,D,20250822,000000,27.4101,27.49,27.41,27.428,1544,0
NVBU.US,D,20250825,000000,27.39,27.3999,27.34,27.34,1928,0
NVBU.US,D,20250826,000000,27.3,27.434,27.3,27.434,1676,0
NVBU.US,D,20250827,000000,27.52,27.52,27.47,27.5074,835,0
NVBU.US,D,20250828,000000,27.4908,27.61,27.49,27.5951,5308,0
NVBU.US,D,20250829,000000,27.3785,27.3995,27.36,27.3995,1343,0
NVBU.US,D,20250902,000000,27.11,27.2338,27.05,27.2338,1140,0
NVBU.US,D,20250903,000000,27.4099,27.4099,27.22,27.3451,1526,0
NVBU.US,D,20250904,000000,27.34,27.58,27.34,27.5633,2705,0
NVBU.US,D,20250905,000000,27.41,27.49,27.401,27.4759,1610,0
NVBU.US,D,20250908,000000,27.54,27.5489,27.54,27.5489,511,0
NVBU.US,D,20250909,000000,27.54,27.6308,27.52,27.6308,771,0
NVBU.US,D,20250910,000000,27.73,27.75,27.561,27.7059,39761,0
NVBU.US,D,20250911,000000,27.89,27.935,27.85,27.935,1104,0
NVBU.US,D,20250912,000000,27.91,27.9375,27.86,27.9249,1542,0
NVBU.US,D,20250915,000000,27.991,28.05,27.97,28.0201,2773,0
NVBU.US,D,20250916,000000,27.99,28.0105,27.9845,28.0105,1360,0
NVBU.US,D,20250917,000000,27.95,28.03,27.84,27.9886,2485,0
NVBU.US,D,20250918,000000,28.18,28.18,28.1263,28.1263,1141,0
NVBU.US,D,20250919,000000,28.1858,28.48,28.13,28.48,976,0
NVBU.US,D,20250922,000000,28.25,28.3859,28.25,28.3859,855,0
NVBU.US,D,20250923,000000,28.4192,28.4192,28.17,28.17,5709,0
NVBU.US,D,20250924,000000,28.2015,28.2015,28.04,28.1302,750,0
NVBU.US,D,20250925,000000,27.94,27.99,27.94,27.9811,3753,0
NVBU.US,D,20250929,000000,28.23,28.23,28.13,28.209,27460,0
NVBU.US,D,20250930,000000,28.14,28.3114,28.14,28.3114,3115,0
NVBU.US,D,20251002,000000,28.43,28.4452,28.43,28.4452,482,0
NVBU.US,D,20251003,000000,28.585,28.585,28.47,28.52,5189,0
NVBU.US,D,20251007,000000,28.52,28.52,28.433,28.433,16089,0
NVBU.US,D,20251008,000000,28.52,28.6047,28.52,28.6047,3148,0
NVBU.US,D,20251009,000000,28.534,28.534,28.5163,28.5163,702,0
NVBU.US,D,20251013,000000,28.17,28.1799,28.13,28.1799,2031,0
NVBU.US,D,20251014,000000,28.02,28.155,27.97,28.085,2122,0
NVBU.US,D,20251015,000000,28.205,28.2267,28.205,28.2267,442,0
NVBU.US,D,20251016,000000,28.23,28.23,28.0174,28.0834,3120,0
NVBU.US,D,20251020,000000,28.5236,28.53,28.514,28.514,662,0
NVBU.US,D,20251021,000000,28.5352,28.536,28.5352,28.536,691,0
NVBU.US,D,20251022,000000,28.435,28.435,28.2308,28.348,1208,0
NVBU.US,D,20251023,000000,28.416,28.53,28.416,28.5,697,0
NVBU.US,D,20251024,000000,28.76,28.7905,28.725,28.758,1095,0
NVBU.US,D,20251027,000000,28.9909,29.17,28.9909,29.17,5964,0
NVBU.US,D,20251028,000000,29.1185,29.25,29.1185,29.1829,3796,0
NVBU.US,D,20251029,000000,29.215,29.215,29.1566,29.1566,821,0
NVBU.US,D,20251030,000000,29.0822,29.0822,28.8784,28.8784,4197,0
NVBU.US,D,20251031,000000,29.075,29.09,28.8601,28.98,25675,0
NVBU.US,D,20251103,000000,29.04,29.25,28.97,29.0449,85648,0
NVBU.US,D,20251104,000000,28.915,29.0099,28.79,28.79,22617,0
NVBU.US,D,20251105,000000,28.9,28.95,28.8817,28.93,39064,0
