<TICKER>,<PER>,<DATE>,<TIME>,<OPEN>,<HIGH>,<LOW>,<CLOSE>,<VOL>,<OPENINT>
PBOT.US,D,20251016,000000,25.14,25.14,24.8276,24.8276,100582,0
PBOT.US,D,20251024,000000,25.79,25.7901,25.7745,25.7745,221,0
PBOT.US,D,20251027,000000,26.26,26.26,26.095,26.2103,20380,0
PBOT.US,D,20251028,000000,26.25,26.3077,26.2499,26.3077,2054,0
PBOT.US,D,20251029,000000,26.3,26.31,26.2607,26.2607,986,0
PBOT.US,D,20251030,000000,26.35,26.35,26.1083,26.1083,478,0
PBOT.US,D,20251031,000000,26.18,26.2449,26.18,26.2449,1504,0
PBOT.US,D,20251103,000000,26.34,26.55,26.34,26.4139,777,0
PBOT.US,D,20251104,000000,26.07,26.07,25.6475,25.6475,755,0
