<TICKER>,<PER>,<DATE>,<TIME>,<OPEN>,<HIGH>,<LOW>,<CLOSE>,<VOL>,<OPENINT>
QUSA.US,D,20250507,000000,19.93,20.1,19.9,20.0643,24970,0
QUSA.US,D,20250508,000000,20.16,20.3,20.1,20.15,66478,0
QUSA.US,D,20250509,000000,20.2,20.21,20.1,20.1614,32421,0
QUSA.US,D,20250512,000000,20.5,20.55,20.25,20.53,62626,0
QUSA.US,D,20250513,000000,20.455,20.56,20.33,20.3591,26789,0
QUSA.US,D,20250514,000000,20.28,20.33,20.18,20.2834,46393,0
QUSA.US,D,20250515,000000,20.31,20.48,20.31,20.4613,18215,0
QUSA.US,D,20250516,000000,20.55,20.64,20.46,20.6268,39349,0
QUSA.US,D,20250519,000000,20.5,20.72,20.5,20.6742,59634,0
QUSA.US,D,20250520,000000,20.65,20.7,20.59,20.6205,17744,0
QUSA.US,D,20250521,000000,20.52,20.62,20.4247,20.4685,18317,0
QUSA.US,D,20250527,000000,20.37,20.39,20.2,20.3322,31288,0
QUSA.US,D,20250528,000000,20.3201,20.43,20.24,20.26,43738,0
QUSA.US,D,20250530,000000,20.3,20.46,20.29,20.38,34474,0
QUSA.US,D,20250602,000000,20.4,20.48,20.25,20.375,35487,0
QUSA.US,D,20250603,000000,20.41,20.4308,20.32,20.39,21934,0
QUSA.US,D,20250604,000000,20.4389,20.4694,20.36,20.4,33918,0
QUSA.US,D,20250605,000000,20.449,20.53,20.35,20.53,20279,0
QUSA.US,D,20250606,000000,20.465,20.56,20.38,20.435,63051,0
QUSA.US,D,20250609,000000,20.5,20.56,20.31,20.39,30865,0
QUSA.US,D,20250610,000000,20.39,20.41,20.31,20.41,18837,0
QUSA.US,D,20250611,000000,20.346,20.45,20.3262,20.39,20273,0
QUSA.US,D,20250612,000000,20.42,20.5,20.405,20.49,17059,0
QUSA.US,D,20250613,000000,20.35,20.39,20.2,20.2209,29578,0
QUSA.US,D,20250616,000000,20.24,20.41,20.24,20.34,15337,0
QUSA.US,D,20250617,000000,20.295,20.3246,20.2,20.2204,17999,0
QUSA.US,D,20250618,000000,20.175,20.2497,20.1,20.1001,18773,0
QUSA.US,D,20250620,000000,20.1,20.25,19.9675,20.15,42765,0
QUSA.US,D,20250623,000000,19.78,19.9416,19.69,19.9416,35277,0
QUSA.US,D,20250624,000000,20,20.1426,19.9501,20.1179,40932,0
QUSA.US,D,20250625,000000,20.0292,20.14,19.84,19.94,39375,0
QUSA.US,D,20250626,000000,19.95,19.97,19.88,19.9617,24388,0
QUSA.US,D,20250627,000000,20.02,20.1,19.978,20.06,16962,0
QUSA.US,D,20250630,000000,20.0828,20.13,20.0147,20.1188,19259,0
QUSA.US,D,20250701,000000,20.1353,20.29,20.11,20.2618,17780,0
QUSA.US,D,20250702,000000,20.22,20.24,20.1355,20.2003,25195,0
QUSA.US,D,20250703,000000,20.24,20.3573,20.2206,20.3185,8523,0
QUSA.US,D,20250707,000000,20.3792,20.3792,20.2354,20.3,12417,0
QUSA.US,D,20250708,000000,20.3,20.32,20.2076,20.2257,17611,0
QUSA.US,D,20250709,000000,20.2022,20.28,20.18,20.25,14418,0
QUSA.US,D,20250710,000000,20.245,20.33,20.2191,20.28,18776,0
QUSA.US,D,20250711,000000,20.23,20.26,20.0689,20.0857,19226,0
QUSA.US,D,20250714,000000,20.1309,20.21,20.1,20.2014,11573,0
QUSA.US,D,20250715,000000,20.175,20.23,19.98,20.0214,39208,0
QUSA.US,D,20250716,000000,20.08,20.15,19.95,20.1052,17274,0
QUSA.US,D,20250717,000000,20.29,20.322,20.07,20.3,23765,0
QUSA.US,D,20250718,000000,20.3,20.411,20.2,20.276,18201,0
QUSA.US,D,20250721,000000,20.151,20.35,20.151,20.28,42401,0
QUSA.US,D,20250722,000000,20.25,20.3094,20.225,20.2961,18331,0
QUSA.US,D,20250723,000000,20.3936,20.4455,20.31,20.3807,13883,0
QUSA.US,D,20250724,000000,20.4532,20.4667,20.38,20.46,23418,0
QUSA.US,D,20250725,000000,20.53,20.56,20.42,20.555,64808,0
QUSA.US,D,20250728,000000,20.32,20.36,20.17,20.2,21165,0
QUSA.US,D,20250729,000000,20.22,20.22,20.09,20.09,45495,0
QUSA.US,D,20250730,000000,20.09,20.17,20,20.08,23569,0
QUSA.US,D,20250731,000000,20.1396,20.25,20.0449,20.0449,18117,0
QUSA.US,D,20250801,000000,20,20.0287,19.78,19.8,47993,0
QUSA.US,D,20250804,000000,19.89,20.05,19.83,20.05,30007,0
QUSA.US,D,20250805,000000,20.069,20.2,19.96,20.01,16211,0
QUSA.US,D,20250806,000000,20.01,20.0899,19.9502,20.0603,11768,0
QUSA.US,D,20250807,000000,20.1071,20.1295,19.93,20.01,36030,0
QUSA.US,D,20250808,000000,20.079,20.0999,19.9501,20.01,39682,0
QUSA.US,D,20250811,000000,20.0107,20.08,20,20.06,37496,0
QUSA.US,D,20250812,000000,20.11,20.11,20,20.02,23381,0
QUSA.US,D,20250813,000000,20.12,20.13,20.05,20.125,30994,0
QUSA.US,D,20250814,000000,20.13,20.1583,20.07,20.14,9765,0
QUSA.US,D,20250815,000000,20.1471,20.18,20.09,20.09,26568,0
QUSA.US,D,20250818,000000,20.09,20.21,20.0001,20.1564,43057,0
QUSA.US,D,20250819,000000,20.165,20.23,20.11,20.17,38725,0
QUSA.US,D,20250820,000000,20.174,20.22,20.12,20.185,33422,0
QUSA.US,D,20250821,000000,20.17,20.27,20.1,20.1298,27801,0
QUSA.US,D,20250822,000000,20.1632,20.2925,20.1632,20.27,39181,0
QUSA.US,D,20250825,000000,19.9401,19.99,19.91,19.916,46659,0
QUSA.US,D,20250826,000000,19.9,19.9492,19.85,19.89,46380,0
QUSA.US,D,20250827,000000,19.9,19.97,19.9,19.914,34182,0
QUSA.US,D,20250828,000000,19.8944,19.99,19.86,19.92,21071,0
QUSA.US,D,20250829,000000,19.92,20,19.8461,19.91,20460,0
QUSA.US,D,20250902,000000,19.8,19.8425,19.67,19.8,36692,0
QUSA.US,D,20250903,000000,19.74,19.82,19.71,19.79,26912,0
QUSA.US,D,20250904,000000,19.79,19.87,19.66,19.87,30636,0
QUSA.US,D,20250905,000000,19.87,19.94,19.71,19.85,32185,0
QUSA.US,D,20250908,000000,19.7922,19.86,19.75,19.8571,53349,0
QUSA.US,D,20250909,000000,19.85,19.91,19.75,19.84,33070,0
QUSA.US,D,20250910,000000,20,20.26,20,20.06,46061,0
QUSA.US,D,20250911,000000,20.09,20.19,20.06,20.1568,35235,0
QUSA.US,D,20250912,000000,20.1,20.15,19.987,20,24160,0
QUSA.US,D,20250915,000000,20.07,20.14,19.9172,19.95,34487,0
QUSA.US,D,20250916,000000,20.01,20.0196,19.8823,19.94,43358,0
QUSA.US,D,20250917,000000,19.97,20.01,19.91,19.93,12743,0
QUSA.US,D,20250918,000000,19.97,20.06,19.93,19.93,22876,0
QUSA.US,D,20250919,000000,19.96,19.99,19.871,19.91,40154,0
QUSA.US,D,20250922,000000,19.91,20.05,19.85,19.99,26105,0
QUSA.US,D,20250923,000000,19.97,20.01,19.8617,19.92,37791,0
QUSA.US,D,20250924,000000,19.86,19.889,19.76,19.78,21121,0
QUSA.US,D,20250925,000000,19.75,19.79,19.64,19.664,32008,0
QUSA.US,D,20250926,000000,19.71,19.79,19.6981,19.77,32200,0
QUSA.US,D,20250929,000000,19.58,19.59,19.45,19.59,31968,0
QUSA.US,D,20250930,000000,19.48,19.57,19.48,19.53,37410,0
QUSA.US,D,20251001,000000,19.49,19.65,19.45,19.49,34214,0
QUSA.US,D,20251002,000000,19.46,19.56,19.45,19.52,15492,0
QUSA.US,D,20251003,000000,19.59,19.62,19.54,19.606,19382,0
QUSA.US,D,20251006,000000,19.57,19.6,19.5,19.52,18176,0
QUSA.US,D,20251007,000000,19.585,19.5956,19.44,19.5153,12559,0
QUSA.US,D,20251008,000000,19.48,19.6185,19.48,19.54,19649,0
QUSA.US,D,20251009,000000,19.59,19.65,19.5,19.535,28248,0
QUSA.US,D,20251010,000000,19.58,19.61,19.27,19.27,33409,0
QUSA.US,D,20251013,000000,19.35,19.46,19.3,19.41,33223,0
QUSA.US,D,20251014,000000,19.3098,19.55,19.27,19.43,27951,0
QUSA.US,D,20251015,000000,19.5,19.5899,19.3928,19.4211,18681,0
QUSA.US,D,20251016,000000,19.4099,19.4099,19.19,19.204,21966,0
QUSA.US,D,20251017,000000,19.22,19.32,19.16,19.3063,15398,0
QUSA.US,D,20251020,000000,19.3,19.59,19.284,19.34,39513,0
QUSA.US,D,20251021,000000,19.3883,19.53,19.2701,19.39,49451,0
QUSA.US,D,20251022,000000,19.4,19.435,19.354,19.354,12473,0
QUSA.US,D,20251023,000000,19.435,19.49,19.35,19.4599,22813,0
QUSA.US,D,20251024,000000,19.589,19.59,19.47,19.51,14179,0
QUSA.US,D,20251027,000000,19.3,19.34,19.23,19.28,24467,0
QUSA.US,D,20251028,000000,19.23,19.27,19.1,19.13,32526,0
QUSA.US,D,20251029,000000,19.0004,19.07,18.711,18.754,61176,0
QUSA.US,D,20251030,000000,18.75,18.88,18.7,18.7075,40328,0
QUSA.US,D,20251031,000000,18.61,18.74,18.59,18.71,27247,0
QUSA.US,D,20251103,000000,18.72,18.8,18.41,18.64,29564,0
QUSA.US,D,20251104,000000,18.44,18.58,18.44,18.46,25406,0
QUSA.US,D,20251105,000000,18.44,18.565,18.431,18.52,22785,0
