<TICKER>,<PER>,<DATE>,<TIME>,<OPEN>,<HIGH>,<LOW>,<CLOSE>,<VOL>,<OPENINT>
TOV.US,D,20250303,000000,25.1799,25.1799,24.42,24.4974,89287,0
TOV.US,D,20250304,000000,24.35,24.58,24.07,24.2305,63024,0
TOV.US,D,20250305,000000,24.28,24.56,24.1,24.503,56242,0
TOV.US,D,20250306,000000,24.32,24.38,23.97,24.0572,747591,0
TOV.US,D,20250307,000000,24.16,24.22,23.7405,24.2,315231,0
TOV.US,D,20250310,000000,23.83,23.89,23.47,23.5109,23212,0
TOV.US,D,20250311,000000,23.3465,23.49,23.235,23.3576,2174,0
TOV.US,D,20250312,000000,23.52,23.64,23.25,23.4782,11480,0
TOV.US,D,20250313,000000,23.4,23.46,23.12,23.13,7460,0
TOV.US,D,20250314,000000,23.4,23.6156,23.32,23.6156,13226,0
TOV.US,D,20250317,000000,23.5999,23.85,23.5999,23.796,2721,0
TOV.US,D,20250318,000000,23.54,23.71,23.4353,23.5055,3220,0
TOV.US,D,20250319,000000,23.58,23.79,23.58,23.78,9819,0
TOV.US,D,20250320,000000,23.6577,23.86,23.65,23.76,11783,0
TOV.US,D,20250321,000000,23.5692,23.7205,23.51,23.7197,2244,0
TOV.US,D,20250324,000000,24.04,24.19,24.0047,24.16,29548,0
TOV.US,D,20250325,000000,24.21,24.26,24.13,24.1928,1322,0
TOV.US,D,20250326,000000,24.19,24.19,23.89,23.9234,4416,0
TOV.US,D,20250327,000000,23.8,23.904,23.8,23.84,6428,0
TOV.US,D,20250328,000000,23.71,23.71,23.2996,23.3129,48784,0
TOV.US,D,20250331,000000,23,23.47,22.97,23.47,4227,0
TOV.US,D,20250401,000000,23.41,23.55,23.34,23.5111,4694,0
TOV.US,D,20250402,000000,23.48,23.77,23.48,23.71,69045,0
TOV.US,D,20250403,000000,22.78,22.89,22.56,22.56,16205,0
TOV.US,D,20250404,000000,21.74,21.98,21.21,21.23,16760,0
TOV.US,D,20250407,000000,21.56,21.56,20.4,21.1461,5784,0
TOV.US,D,20250408,000000,21.92,22.01,20.61,20.87,39245,0
TOV.US,D,20250409,000000,20.95,22.84,20.7,22.84,73335,0
TOV.US,D,20250410,000000,22.27,22.3,21.56,22.08,11491,0
TOV.US,D,20250411,000000,22.02,22.47,22.02,22.43,62883,0
TOV.US,D,20250414,000000,22.7,22.74,22.4,22.6004,64221,0
TOV.US,D,20250415,000000,22.66,22.69,22.5708,22.5708,2193,0
TOV.US,D,20250416,000000,22.28,22.35,21.8588,22.0724,13890,0
TOV.US,D,20250417,000000,22.1316,22.1316,22.11,22.11,2973,0
TOV.US,D,20250421,000000,21.859,21.8699,21.5758,21.5758,2171,0
TOV.US,D,20250422,000000,21.93,22.23,21.91,22.1126,11355,0
TOV.US,D,20250423,000000,22.67,22.86,22.49,22.5096,6965,0
TOV.US,D,20250424,000000,22.56,22.9526,22.56,22.9526,2039,0
TOV.US,D,20250425,000000,22.9,23.1165,22.9,23.1165,1034,0
TOV.US,D,20250428,000000,23.15,23.18,23.15,23.1716,853,0
TOV.US,D,20250429,000000,23.16,23.2894,23.16,23.2894,879,0
TOV.US,D,20250430,000000,22.82,23.3294,22.82,23.3294,1953,0
TOV.US,D,20250501,000000,23.6715,23.6715,23.4745,23.4745,2151,0
TOV.US,D,20250502,000000,23.75,23.855,23.75,23.8192,2343,0
TOV.US,D,20250505,000000,23.6958,23.81,23.66,23.6693,6131,0
TOV.US,D,20250506,000000,23.56,23.562,23.51,23.5136,2894,0
TOV.US,D,20250507,000000,23.6,23.6864,23.44,23.5849,4365,0
TOV.US,D,20250508,000000,23.65,23.9138,23.65,23.7276,1866,0
TOV.US,D,20250509,000000,23.79,23.79,23.7,23.7256,3421,0
TOV.US,D,20250512,000000,24.3526,24.4688,24.3526,24.4688,482825,0
TOV.US,D,20250513,000000,24.605,24.77,24.605,24.6902,50536,0
TOV.US,D,20250514,000000,24.7334,24.75,24.654,24.7093,2086,0
TOV.US,D,20250515,000000,24.69,24.8004,24.61,24.8004,4242,0
TOV.US,D,20250516,000000,24.8894,24.9795,24.8894,24.9795,2695,0
TOV.US,D,20250519,000000,24.9,25.01,24.9,24.9888,1176,0
TOV.US,D,20250520,000000,24.95,24.95,24.8335,24.909,648,0
TOV.US,D,20250521,000000,24.6,24.604,24.5,24.538,816,0
TOV.US,D,20250522,000000,24.5424,24.5424,24.5229,24.5229,785,0
TOV.US,D,20250523,000000,24.4324,24.4324,24.3614,24.3614,3888,0
TOV.US,D,20250527,000000,24.618,24.8484,24.618,24.8362,1412,0
TOV.US,D,20250528,000000,24.7799,24.7799,24.7134,24.7134,1331,0
TOV.US,D,20250529,000000,24.805,24.8088,24.795,24.8088,245564,0
TOV.US,D,20250530,000000,24.6,24.8383,24.55,24.8383,791,0
TOV.US,D,20250602,000000,24.82,24.917,24.75,24.917,4188,0
TOV.US,D,20250603,000000,25,25.091,25,25.091,2687,0
TOV.US,D,20250604,000000,25.1006,25.15,25.0887,25.0887,400,0
TOV.US,D,20250605,000000,25.18,25.18,24.9504,24.9504,6438,0
TOV.US,D,20250606,000000,25.25,25.25,25.2,25.2358,1206,0
TOV.US,D,20250611,000000,25.41,25.44,25.29,25.3064,2976,0
TOV.US,D,20250612,000000,25.35,25.4097,25.27,25.3769,1197,0
TOV.US,D,20250613,000000,25.21,25.3197,25.0896,25.0896,28161,0
TOV.US,D,20250616,000000,25.32,25.3443,25.32,25.3443,499,0
TOV.US,D,20250618,000000,25.16,25.24,25.148,25.148,41399,0
TOV.US,D,20250620,000000,25.1149,25.29,25.0985,25.0985,2545,0
TOV.US,D,20250623,000000,25.24,25.3346,25.01,25.3346,2928,0
TOV.US,D,20250624,000000,25.5,25.63,25.48,25.6191,2810,0
TOV.US,D,20250625,000000,25.64,25.64,25.6183,25.6183,210140,0
TOV.US,D,20250626,000000,25.72,25.87,25.71,25.84,3004,0
TOV.US,D,20250627,000000,25.8844,25.94,25.82,25.8803,2782,0
TOV.US,D,20250630,000000,25.99,26.0555,25.94,26.0555,1801,0
TOV.US,D,20250701,000000,26,26.05,25.9762,26.0261,4996,0
TOV.US,D,20250702,000000,26.01,26.1147,26.01,26.1147,580,0
TOV.US,D,20250703,000000,26.37,26.37,26.3338,26.3338,543,0
TOV.US,D,20250707,000000,26.24,26.26,26.06,26.1329,8446,0
TOV.US,D,20250708,000000,26.129,26.17,26.11,26.1323,12623,0
TOV.US,D,20250709,000000,26.26,26.2797,26.18,26.2727,85876,0
TOV.US,D,20250710,000000,26.259,26.38,26.259,26.3434,22106,0
TOV.US,D,20250711,000000,26.26,26.26,26.24,26.2404,1896,0
TOV.US,D,20250715,000000,26.29,26.29,26.2203,26.2203,603,0
TOV.US,D,20250716,000000,26.17,26.2865,26.1636,26.2865,1646,0
TOV.US,D,20250717,000000,26.3522,26.444,26.3522,26.444,298,0
TOV.US,D,20250721,000000,26.56,26.5601,26.4787,26.4787,2146,0
TOV.US,D,20250722,000000,26.4523,26.52,26.4523,26.5064,372,0
TOV.US,D,20250723,000000,26.63,26.6844,26.63,26.6842,848,0
TOV.US,D,20250724,000000,26.76,26.76,26.7118,26.729,2185,0
TOV.US,D,20250725,000000,26.7996,26.8232,26.7996,26.8232,521,0
TOV.US,D,20250728,000000,26.85,26.87,26.79,26.8251,4833,0
TOV.US,D,20250729,000000,26.77,26.7701,26.7557,26.7557,2092,0
TOV.US,D,20250730,000000,26.78,26.79,26.7037,26.7037,1192,0
TOV.US,D,20250731,000000,26.89,26.96,26.6102,26.6102,2618,0
TOV.US,D,20250801,000000,26.21,26.2203,26.19,26.2203,550,0
TOV.US,D,20250804,000000,26.51,26.5802,26.37,26.5802,3927,0
TOV.US,D,20250805,000000,26.5286,26.64,26.4712,26.4712,2809,0
TOV.US,D,20250806,000000,26.5398,26.69,26.515,26.6604,37068,0
TOV.US,D,20250807,000000,26.805,26.805,26.6125,26.6125,1391,0
TOV.US,D,20250808,000000,26.745,26.841,26.69,26.841,980,0
TOV.US,D,20250811,000000,26.79,26.84,26.7506,26.7506,3190,0
TOV.US,D,20250812,000000,27.009,27.0723,27.009,27.0723,11727,0
TOV.US,D,20250813,000000,27.14,27.18,27.0682,27.1567,5457,0
TOV.US,D,20250814,000000,27.11,27.1669,27.08,27.1647,3874,0
TOV.US,D,20250815,000000,27.14,27.14,27.05,27.0687,17044,0
TOV.US,D,20250818,000000,27.11,27.11,27.02,27.09,857,0
TOV.US,D,20250819,000000,27.08,27.08,26.9108,26.9108,8418,0
TOV.US,D,20250820,000000,26.85,26.85,26.65,26.846,2239,0
TOV.US,D,20250821,000000,26.75,26.78,26.71,26.7391,2417,0
TOV.US,D,20250822,000000,26.79,27.19,26.53,27.1237,11128,0
TOV.US,D,20250825,000000,27.09,27.14,27.051,27.051,816,0
TOV.US,D,20250826,000000,27.02,27.1398,27.02,27.1398,1276,0
TOV.US,D,20250827,000000,27.18,27.2294,27.18,27.2294,55625,0
TOV.US,D,20250828,000000,27.2,27.3174,27.2,27.3174,431,0
TOV.US,D,20250902,000000,26.79,26.9486,26.79,26.9486,981,0
TOV.US,D,20250904,000000,27.255,27.3208,27.255,27.3208,468,0
TOV.US,D,20250908,000000,27.33,27.35,27.28,27.2984,13421,0
TOV.US,D,20250909,000000,27.39,27.407,27.39,27.407,425,0
TOV.US,D,20250910,000000,27.56,27.57,27.4947,27.4947,1741,0
TOV.US,D,20250911,000000,27.52,27.72,27.52,27.7196,1029,0
TOV.US,D,20250912,000000,27.714,27.75,27.7081,27.7081,765,0
TOV.US,D,20250915,000000,27.82,27.8232,27.78,27.8232,2501,0
TOV.US,D,20250916,000000,27.82,27.82,27.7997,27.8176,31989,0
TOV.US,D,20250917,000000,27.79,27.79,27.735,27.7699,38178,0
TOV.US,D,20250919,000000,28.01,28.0753,27.93,28.0753,12657,0
TOV.US,D,20250922,000000,28.06,28.23,27.97,28.2047,2674,0
TOV.US,D,20250923,000000,28.19,28.195,28.0398,28.0398,8131,0
TOV.US,D,20250924,000000,28.06,28.06,27.915,27.9374,10518,0
TOV.US,D,20250925,000000,27.8417,27.85,27.69,27.81,8453,0
TOV.US,D,20250926,000000,27.81,27.9533,27.81,27.9533,20122,0
TOV.US,D,20250929,000000,28.0215,28.07,27.93,27.9639,8961,0
TOV.US,D,20250930,000000,27.96,28.0935,27.9392,28.0935,7598,0
TOV.US,D,20251001,000000,28.02,28.21,27.97,28.1935,7931,0
TOV.US,D,20251002,000000,28.23,28.24,28.18,28.1929,1750,0
TOV.US,D,20251003,000000,28.235,28.2525,28.2036,28.2036,819,0
TOV.US,D,20251006,000000,28.3,28.35,28.3,28.3124,6511,0
TOV.US,D,20251007,000000,28.34,28.3401,28.1648,28.2045,5252,0
TOV.US,D,20251008,000000,28.21,28.36,28.2,28.3579,19985,0
TOV.US,D,20251009,000000,28.309,28.41,28.299,28.299,2636,0
TOV.US,D,20251010,000000,28.36,28.36,27.5356,27.5356,3757,0
TOV.US,D,20251013,000000,27.865,27.9999,27.865,27.9599,884,0
TOV.US,D,20251014,000000,27.739,28.06,27.72,27.9158,7877,0
TOV.US,D,20251015,000000,28.15,28.15,28.0041,28.0041,2139,0
TOV.US,D,20251016,000000,28.025,28.1,27.8651,27.8651,1390,0
TOV.US,D,20251017,000000,27.83,28.0091,27.83,28.0091,20027,0
TOV.US,D,20251020,000000,28.185,28.339,28.1,28.3174,2818,0
TOV.US,D,20251021,000000,28.3,28.37,28.3,28.3318,2165,0
TOV.US,D,20251022,000000,28.14,28.37,28.14,28.1629,960,0
TOV.US,D,20251023,000000,28.31,28.3123,28.19,28.3123,423,0
TOV.US,D,20251027,000000,28.8812,28.8988,28.81,28.8988,1708,0
TOV.US,D,20251028,000000,29,29.01,28.88,29.0099,11523,0
TOV.US,D,20251029,000000,29.0372,29.0372,28.84,28.96,1445,0
TOV.US,D,20251030,000000,28.83,28.94,28.6914,28.6914,3861,0
TOV.US,D,20251031,000000,28.89,29.31,28.69,29.08,157788,0
TOV.US,D,20251103,000000,28.99,28.99,28.83,28.8468,3413,0
TOV.US,D,20251104,000000,28.6995,28.6995,28.47,28.4799,20688,0
TOV.US,D,20251105,000000,28.6447,28.71,28.6447,28.68,5576,0
