<TICKER>,<PER>,<DATE>,<TIME>,<OPEN>,<HIGH>,<LOW>,<CLOSE>,<VOL>,<OPENINT>
AKAN.US,D,20220315,000000,75000,77500,20450,26250,542.5323999999999,0
AKAN.US,D,20220316,000000,32460,49750,24500,27525,2958.3196000000003,0
AKAN.US,D,20220317,000000,26050,26050,20100,20262.5,248.018,0
AKAN.US,D,20220318,000000,20925,21750,18250,18500,426.47839999999997,0
AKAN.US,D,20220321,000000,18225,28700,16575,21025,832.8811999999999,0
AKAN.US,D,20220322,000000,20800,22750,19750,20100,124.6444,0
AKAN.US,D,20220323,000000,20250,20375,19700,20100,98.17280000000001,0
AKAN.US,D,20220324,000000,19750,23750,19750,22250,479.24800000000005,0
AKAN.US,D,20220325,000000,22475,23550,21175,22425,203.93040000000002,0
AKAN.US,D,20220328,000000,19600,21350,19300,20575,149.0496,0
AKAN.US,D,20220329,000000,20325,22000,20325,20600,109.6788,0
AKAN.US,D,20220330,000000,20850,23500,19925,20700,231.0432,0
AKAN.US,D,20220331,000000,20550,21575,19375,19850,106.1768,0
AKAN.US,D,20220401,000000,20050,22750,19350,21600,231.298,0
AKAN.US,D,20220404,000000,21275,23200,21075,21800,46.602399999999996,0
AKAN.US,D,20220405,000000,21475,21908,20900,21825,12.778,0
AKAN.US,D,20220406,000000,21500,21850,20475,21175,23.522800000000004,0
AKAN.US,D,20220407,000000,21375,25000,20800,24700,134.6672,0
AKAN.US,D,20220408,000000,23450,29600,20750,21900,350.966,0
AKAN.US,D,20220411,000000,22575,24725,22575,23625,102.8988,0
AKAN.US,D,20220412,000000,24200,25625,22572.2,22975,59.843199999999996,0
AKAN.US,D,20220413,000000,22725,23150,21225,22800,209.5752,0
AKAN.US,D,20220414,000000,22500,25000,22500,24675,204.33919999999998,0
AKAN.US,D,20220418,000000,24025,27300,23275,26875,125.0704,0
AKAN.US,D,20220419,000000,26875,27475,25000,25750,67.5864,0
AKAN.US,D,20220420,000000,25675,28728.5,25250,28575,151.828,0
AKAN.US,D,20220421,000000,29075,30750,28675,29525,38.1796,0
AKAN.US,D,20220422,000000,29950,30700,27500,28875,24.494400000000002,0
AKAN.US,D,20220425,000000,29000,30050,26600,26825,17.5716,0
AKAN.US,D,20220426,000000,26725,26725,24325,24400,46.8732,0
AKAN.US,D,20220427,000000,24050,24075,21000,21275,49.9732,0
AKAN.US,D,20220428,000000,21625,22250,21625,21900,3.728,0
AKAN.US,D,20220429,000000,21325,21575,20775,21225,7.8904,0
AKAN.US,D,20220502,000000,22024.8,22875,20925,21475,17.0992,0
AKAN.US,D,20220503,000000,22650,22650,21125,22500,3.1616000000000004,0
AKAN.US,D,20220504,000000,22375,22550,21500,21500,9.677999999999999,0
AKAN.US,D,20220505,000000,22250,22475,21500,21650,4.0484,0
AKAN.US,D,20220506,000000,21800,27050,20750,22500,592.3572,0
AKAN.US,D,20220509,000000,21250,21325,5500,5725,3093.4444000000003,0
AKAN.US,D,20220510,000000,4925,5050,2950,3475,1888.1428,0
AKAN.US,D,20220511,000000,3225,3421.5,2725,3075,691.8024,0
AKAN.US,D,20220512,000000,2975,3438.5,2650,2837.5,418.3152,0
AKAN.US,D,20220513,000000,2900,3150,2825,3150,433.62480000000005,0
AKAN.US,D,20220516,000000,3050,3575,2950,3075,383.3184,0
AKAN.US,D,20220517,000000,3125,3125,2625,2675,306.44759999999997,0
AKAN.US,D,20220518,000000,2600,2800.25,2575,2650,192.6536,0
AKAN.US,D,20220519,000000,2600,2850,2600,2750,253.06040000000002,0
AKAN.US,D,20220520,000000,2650,2750,2475.25,2600,172.8628,0
AKAN.US,D,20220523,000000,2600,2750,2550,2625,79.6708,0
AKAN.US,D,20220524,000000,2575,2625,2275,2296.75,168.3668,0
AKAN.US,D,20220525,000000,2305.5,2369.75,2200,2280.5,92.8724,0
AKAN.US,D,20220526,000000,2200,2425,2200,2324.75,55.273199999999996,0
AKAN.US,D,20220527,000000,2300,2475,2277.75,2325.25,74.48479999999999,0
AKAN.US,D,20220531,000000,2450,2500,2325,2438.75,98.64,0
AKAN.US,D,20220601,000000,2477.5,2599.75,2225.25,2375,74.1144,0
AKAN.US,D,20220602,000000,2477.75,2477.75,2300,2315,27.2056,0
AKAN.US,D,20220603,000000,2325,2350.25,2103.5,2107.5,102.9088,0
AKAN.US,D,20220606,000000,2122.5,2174.75,1917.25,2074.5,115.004,0
AKAN.US,D,20220607,000000,2052.5,2100,2002.5,2050,28.5672,0
AKAN.US,D,20220608,000000,2000.25,2125,2000,2078.75,43.42,0
AKAN.US,D,20220609,000000,2095,2124.75,2000.25,2082.25,30.0456,0
AKAN.US,D,20220610,000000,2000.64,2149.5,1987.75,2051,30.7436,0
AKAN.US,D,20220613,000000,2025,2025,1826,1924.5,63.1208,0
AKAN.US,D,20220614,000000,1866.75,2600,1800,2084.75,507.1124,0
AKAN.US,D,20220615,000000,2070,2600,2030,2301.62,492.12800000000004,0
AKAN.US,D,20220616,000000,2265,3475,2265,3075,3114.2364000000002,0
AKAN.US,D,20220617,000000,3200,3825,2625,2725,2070.9392000000003,0
AKAN.US,D,20220621,000000,2450.25,2700,2375,2575,276.69919999999996,0
AKAN.US,D,20220622,000000,2400,2500,2175,2300,198.05200000000002,0
AKAN.US,D,20220623,000000,2242.5,2249.5,2154.5,2154.5,89.2696,0
AKAN.US,D,20220624,000000,2217.25,2312.5,2177.5,2250,108.5412,0
AKAN.US,D,20220627,000000,2250.25,2375,2225,2250,70.3612,0
AKAN.US,D,20220628,000000,2295,2299.75,2150,2152.75,68.52600000000001,0
AKAN.US,D,20220629,000000,2164.5,2217.5,1950,2062.5,45.7852,0
AKAN.US,D,20220630,000000,2000,2195,2000,2025,30.6448,0
AKAN.US,D,20220701,000000,2149.75,2149.75,1900,1947.25,52.677600000000005,0
AKAN.US,D,20220705,000000,2150.5,2150.5,1950,1955.5,34.0312,0
AKAN.US,D,20220706,000000,1950,2050,1875,1888.25,34.6468,0
AKAN.US,D,20220707,000000,1931,1931,1875.75,1885.75,26.711199999999998,0
AKAN.US,D,20220708,000000,1886,1975,1886,1912.5,14.0984,0
AKAN.US,D,20220711,000000,1925,1974.75,1807.5,1961.25,33.675200000000004,0
AKAN.US,D,20220712,000000,2575,2925,2087.5,2250,15160.623200000002,0
AKAN.US,D,20220713,000000,2152.25,2349.5,2075,2349.25,759.822,0
AKAN.US,D,20220714,000000,2188,2700,2188,2469,949.2588000000001,0
AKAN.US,D,20220715,000000,2475,2750,2300.25,2650,501.7368,0
AKAN.US,D,20220718,000000,2487.5,2850,2425.75,2750,439.19,0
AKAN.US,D,20220719,000000,2575,2800,2500,2525,179.0616,0
AKAN.US,D,20220720,000000,2500,2800,2451.25,2625,269.81080000000003,0
AKAN.US,D,20220721,000000,2600,2700,2550,2600,129.292,0
AKAN.US,D,20220722,000000,2600,2675,2300,2401.75,120.7076,0
AKAN.US,D,20220725,000000,2401.75,2550,2287.5,2427.5,46.2208,0
AKAN.US,D,20220726,000000,2450,2550,2350,2474.75,51.026,0
AKAN.US,D,20220727,000000,2425.5,2475,2350,2425.25,67.1988,0
AKAN.US,D,20220728,000000,2457,2575,2436.25,2525,79.528,0
AKAN.US,D,20220729,000000,2498.25,2575,2387.5,2425.25,45.5116,0
AKAN.US,D,20220801,000000,2375,2450,2152.75,2200,36.7304,0
AKAN.US,D,20220802,000000,2475,2499.75,2325.02,2484.75,116.234,0
AKAN.US,D,20220803,000000,2475,2500,2268.5,2375,79.6376,0
AKAN.US,D,20220804,000000,2425,2475,2293,2367.04,76.926,0
AKAN.US,D,20220805,000000,2367,2450,2302.5,2377.5,13.6084,0
AKAN.US,D,20220808,000000,2415.25,2574,2325,2500,69.2832,0
AKAN.US,D,20220809,000000,2400,3875,2400,3125,7767.51,0
AKAN.US,D,20220810,000000,2550,3100,2550,2950,634.9036,0
AKAN.US,D,20220811,000000,2800,3097.5,2575,2575,364.63599999999997,0
AKAN.US,D,20220812,000000,2675,2750,2550,2575,100.9348,0
AKAN.US,D,20220815,000000,2450,2875,2376.25,2550,196.26080000000002,0
AKAN.US,D,20220816,000000,2550,2600,2300,2352.5,154.98440000000002,0
AKAN.US,D,20220817,000000,2337.5,2500,2134.25,2220,222.7064,0
AKAN.US,D,20220818,000000,2200,2850,2071.5,2071.5,1016.6848,0
AKAN.US,D,20220819,000000,2125,2149.75,1850.75,1876.75,418.50440000000003,0
AKAN.US,D,20220822,000000,1850,2045.75,1812.5,1828.75,305.9448,0
AKAN.US,D,20220823,000000,1857.5,1875,1775,1790,120.156,0
AKAN.US,D,20220824,000000,1822.5,1913.25,1800,1845.25,88.1972,0
AKAN.US,D,20220825,000000,1862.75,1922.5,1800.5,1900,193.59279999999998,0
AKAN.US,D,20220826,000000,1897.5,1975,1862.5,1888,57.0968,0
AKAN.US,D,20220829,000000,1902.5,2041.75,1900,2004.5,71.1036,0
AKAN.US,D,20220830,000000,2075,2175,1830,1883.75,251.2596,0
AKAN.US,D,20220831,000000,1900,2022.25,1900,1905.25,159.3364,0
AKAN.US,D,20220901,000000,2172.5,2172.5,1626,1753.25,911.1884,0
AKAN.US,D,20220902,000000,1725,1975,1700,1743.75,148.602,0
AKAN.US,D,20220906,000000,1759.5,1810,1725,1774.5,92.516,0
AKAN.US,D,20220907,000000,1785,1799.75,1731.5,1737.5,38.3604,0
AKAN.US,D,20220908,000000,1750,1872.25,1739.08,1770,49.345200000000006,0
AKAN.US,D,20220909,000000,1849.75,1925,1805.5,1925,64.9204,0
AKAN.US,D,20220912,000000,1895,1925,1821,1857.5,27.933600000000002,0
AKAN.US,D,20220913,000000,1800,1837.5,1625,1662.5,200.1396,0
AKAN.US,D,20220914,000000,1650,1748.5,1627.5,1718.25,58.669200000000004,0
AKAN.US,D,20220915,000000,1720.75,1720.75,1627.5,1675,53.6736,0
AKAN.US,D,20220916,000000,1675,1711.5,1505.5,1537.5,80.39399999999999,0
AKAN.US,D,20220919,000000,1550,1657,1336.25,1351.5,124.4396,0
AKAN.US,D,20220920,000000,1342.5,1500,1325,1475.75,112.988,0
AKAN.US,D,20220921,000000,1500,1550,1405,1512.5,50.824,0
AKAN.US,D,20220922,000000,1474.38,1486.25,1251.25,1400.25,97.6048,0
AKAN.US,D,20220923,000000,1401.25,1401.25,1300,1302.5,69.2948,0
AKAN.US,D,20220926,000000,1314,1425,1253.75,1278,55.7544,0
AKAN.US,D,20220927,000000,1349.5,1491.25,1277.5,1282.5,40.6664,0
AKAN.US,D,20220928,000000,1275,1350,1257.5,1312.5,43.3864,0
AKAN.US,D,20220929,000000,1314.5,1325,1175.75,1182.25,46.4996,0
AKAN.US,D,20220930,000000,1175,1217.5,1150,1150.75,30.5516,0
AKAN.US,D,20221003,000000,1200,1213.5,1004,1039.75,53.3592,0
AKAN.US,D,20221004,000000,1062.5,1105,876,950,220.5392,0
AKAN.US,D,20221005,000000,950,1050.25,926.25,1013,175.46080000000003,0
AKAN.US,D,20221006,000000,1000,1118.5,925,1025,1621.0356,0
AKAN.US,D,20221007,000000,1211.5,1225,750,770.25,3329.7764,0
AKAN.US,D,20221010,000000,740.25,743,650,688.625,473.49839999999995,0
AKAN.US,D,20221011,000000,637.5,708,602.75,675,468.66800000000006,0
AKAN.US,D,20221012,000000,700,700,587.5,622.5,430.54,0
AKAN.US,D,20221013,000000,557.25,697.5,525,652.5,496.684,0
AKAN.US,D,20221014,000000,650,697.5,604.25,625,86.2292,0
AKAN.US,D,20221017,000000,602.25,727.5,602.25,659.25,784.5047999999999,0
AKAN.US,D,20221018,000000,690,694.75,603.5,631.25,192.04680000000002,0
AKAN.US,D,20221019,000000,625,645,600,610,82.1232,0
AKAN.US,D,20221020,000000,615.75,699.75,600,662.5,263.3252,0
AKAN.US,D,20221021,000000,672,672,592.5,632.75,117.01520000000001,0
AKAN.US,D,20221024,000000,650,650,587.5,606.5,145.9752,0
AKAN.US,D,20221025,000000,577.5,640.5,562.5,640,79.1372,0
AKAN.US,D,20221026,000000,620.75,670,585.5,600.25,143.4176,0
AKAN.US,D,20221027,000000,637.5,642.5,587.75,610,50.397200000000005,0
AKAN.US,D,20221028,000000,617.5,662.5,600.25,642.5,117.5664,0
AKAN.US,D,20221031,000000,675,709,627.5,684.5,298.8796,0
AKAN.US,D,20221101,000000,687.5,724.5,650,695.75,85.55799999999999,0
AKAN.US,D,20221102,000000,675,696,599.747,619.25,69.594,0
AKAN.US,D,20221103,000000,625,649.75,575,625.25,44.980000000000004,0
AKAN.US,D,20221104,000000,650,675,625.5,647.5,76.6444,0
AKAN.US,D,20221107,000000,650,673.25,625.25,665.125,39.1272,0
AKAN.US,D,20221108,000000,742.5,742.5,650,650.25,253.83240000000004,0
AKAN.US,D,20221109,000000,650,700,557.5,571.75,189.25560000000002,0
AKAN.US,D,20221110,000000,599.75,624.75,573.25,587.5,97.29639999999999,0
AKAN.US,D,20221111,000000,600,651.25,587.5,600.25,115.896,0
AKAN.US,D,20221114,000000,625,700,618,630.5,50.4104,0
AKAN.US,D,20221115,000000,649.75,700,630,660,229.99200000000002,0
AKAN.US,D,20221116,000000,681,819.75,577.5,595,2262.308,0
AKAN.US,D,20221117,000000,592.5,596.25,527.5,558.25,235.3116,0
AKAN.US,D,20221118,000000,577.5,607,556.503,562.75,120.5676,0
AKAN.US,D,20221121,000000,579.5,584.25,550.25,575,84.4144,0
AKAN.US,D,20221122,000000,562.5,624.25,550,571,223.6128,0
AKAN.US,D,20221123,000000,599.5,616.25,553.75,570,139.2532,0
AKAN.US,D,20221125,000000,600,611.75,570,575.253,45.2976,0
AKAN.US,D,20221128,000000,575,584.75,545,554.5,61.214,0
AKAN.US,D,20221129,000000,557.5,580,500,532,888.64,0
AKAN.US,D,20221130,000000,575,600,508.25,550.25,471.35040000000004,0
AKAN.US,D,20221201,000000,568.75,568.75,505.75,546.25,255.54840000000002,0
AKAN.US,D,20221202,000000,550,576.25,475,576.25,442.106,0
AKAN.US,D,20221205,000000,571,600,513.75,525.5,72.5836,0
AKAN.US,D,20221206,000000,523.5,534.269,469.5,475.75,111.9612,0
AKAN.US,D,20221207,000000,484,550,475.25,487.5,34.4204,0
AKAN.US,D,20221208,000000,475,500,456.25,462.5,80.7724,0
AKAN.US,D,20221209,000000,547.5,547.5,450,473.5,165.4464,0
AKAN.US,D,20221212,000000,473.25,524.75,447.5,497.5,203.78119999999998,0
AKAN.US,D,20221213,000000,542.5,542.5,475,475,57.1412,0
AKAN.US,D,20221214,000000,483.75,495.75,459.75,462.75,111.1504,0
AKAN.US,D,20221215,000000,466.75,475.5,412.5,432.5,80.06960000000001,0
AKAN.US,D,20221216,000000,436.997,437,392.25,430.878,56.9956,0
AKAN.US,D,20221219,000000,387.5,421.25,365,371,91.6336,0
AKAN.US,D,20221220,000000,368.25,385.5,339.75,350.5,59.4824,0
AKAN.US,D,20221221,000000,356.25,375,339,360,42.3888,0
AKAN.US,D,20221222,000000,372.75,423.5,310.25,395,283.1176,0
AKAN.US,D,20221223,000000,400,400,340,355.25,54.11600000000001,0
AKAN.US,D,20221227,000000,375,375,350.25,357.75,57.0496,0
AKAN.US,D,20221228,000000,340.25,473.75,340.25,378.5,251.558,0
AKAN.US,D,20221229,000000,399.75,407.5,340,364.25,149.03040000000001,0
AKAN.US,D,20221230,000000,375,378.85,350,372.5,51.6536,0
AKAN.US,D,20230103,000000,372.5,397.5,372.5,385.25,44.0728,0
AKAN.US,D,20230104,000000,392.5,420,387.5,419,149.5932,0
AKAN.US,D,20230105,000000,406.5,427,400,402.5,61.4816,0
AKAN.US,D,20230106,000000,386.5,499.653,386.5,431.25,216.11400000000003,0
AKAN.US,D,20230109,000000,500,500,431.25,475,100.98479999999999,0
AKAN.US,D,20230110,000000,475,475,427.75,461.25,74.158,0
AKAN.US,D,20230111,000000,462.5,477.25,427.5,474.75,109.71440000000001,0
AKAN.US,D,20230112,000000,474.75,524.75,450,524.25,215.00639999999999,0
AKAN.US,D,20230113,000000,525,525,478.75,489,116.66,0
AKAN.US,D,20230117,000000,497.5,497.5,445,474.25,159.51,0
AKAN.US,D,20230118,000000,487.5,487.5,427.5,427.75,120.9732,0
AKAN.US,D,20230119,000000,447.5,447.5,407.5,407.5,114.134,0
AKAN.US,D,20230120,000000,515.25,725,506.25,534.5,9745.254,0
AKAN.US,D,20230123,000000,500,512.25,425,459,1096.5724,0
AKAN.US,D,20230124,000000,475,475,450,460.5,163.04760000000002,0
AKAN.US,D,20230125,000000,475,490.25,450,475,338.9428,0
AKAN.US,D,20230126,000000,466.5,1587.5,466.5,700,52116.6856,0
AKAN.US,D,20230127,000000,858,1375,732.5,860,40294.518,0
AKAN.US,D,20230130,000000,773.25,825,655.75,699.5,4779.736400000001,0
AKAN.US,D,20230131,000000,704,1042.5,652.75,787.5,11410.8724,0
AKAN.US,D,20230201,000000,720,994.5,702.75,850,6587.3928000000005,0
AKAN.US,D,20230202,000000,891.5,900,757.5,773.5,2164.5335999999998,0
AKAN.US,D,20230203,000000,780,812,675.25,681.25,2028.3048000000001,0
AKAN.US,D,20230206,000000,700,700,600.25,604,1506.0864000000001,0
AKAN.US,D,20230207,000000,624.75,695,604,644.5,1344.9823999999999,0
AKAN.US,D,20230208,000000,650,650,490,536,2042.118,0
AKAN.US,D,20230209,000000,525,550,431.25,456,1731.2064000000003,0
AKAN.US,D,20230210,000000,525.25,625,477.694,518.25,5420.7024,0
AKAN.US,D,20230213,000000,470,550,452.5,524.75,1123.4516,0
AKAN.US,D,20230214,000000,522.5,617,506.5,612.5,2253.5548000000003,0
AKAN.US,D,20230215,000000,560.25,705,545,691.25,3257.0612,0
AKAN.US,D,20230216,000000,638,733.75,630,670,1521.1964000000003,0
AKAN.US,D,20230217,000000,652.5,740,577.75,738.75,1761.05,0
AKAN.US,D,20230221,000000,702.5,702.5,527.5,605.5,3271.1784000000002,0
AKAN.US,D,20230222,000000,575,611,545,556.25,938.2028,0
AKAN.US,D,20230223,000000,562.5,573.5,480.75,525,1322.8348,0
AKAN.US,D,20230224,000000,487.5,541.75,475,500.953,741.4667999999999,0
AKAN.US,D,20230227,000000,505.75,550,478.75,500,848.0304,0
AKAN.US,D,20230228,000000,513.75,524.25,475,477.5,484.8396,0
AKAN.US,D,20230301,000000,496.75,500,425,450,755.5032000000001,0
AKAN.US,D,20230302,000000,450,502.497,448.747,469.75,657.4803999999999,0
AKAN.US,D,20230303,000000,468.75,481.5,437.753,454.75,510.9856,0
AKAN.US,D,20230306,000000,475,512.5,462.75,491.372,624.8204000000001,0
AKAN.US,D,20230307,000000,487.5,494.25,467.75,482.5,337.61839999999995,0
AKAN.US,D,20230308,000000,468,509.75,337.5,355.5,2663.7432000000003,0
AKAN.US,D,20230309,000000,357.5,366.8,317.5,332.5,1091.892,0
AKAN.US,D,20230310,000000,320,320,275,305,758.66,0
AKAN.US,D,20230313,000000,285,307.475,270,295,461.516,0
AKAN.US,D,20230314,000000,297.5,340,297.5,315.025,767.4680000000001,0
AKAN.US,D,20230315,000000,302.5,310,255,292.5,686.436,0
AKAN.US,D,20230316,000000,300,330,280,307.5,1442,0
AKAN.US,D,20230317,000000,312.5,347.5,302.5,330,3602.636,0
AKAN.US,D,20230320,000000,332.5,360,306.25,330,1424.556,0
AKAN.US,D,20230321,000000,320,332.5,275,275,1190.876,0
AKAN.US,D,20230322,000000,270,285,260,277.5,309.216,0
AKAN.US,D,20230323,000000,275,280,260,264.525,251.976,0
AKAN.US,D,20230324,000000,265,302.5,262.5,282.5,796.532,0
AKAN.US,D,20230327,000000,290,290,270.05,282.5,216.632,0
AKAN.US,D,20230328,000000,275,275,217.5,257.5,471.156,0
AKAN.US,D,20230329,000000,257.5,262.5,242.5,250,281.848,0
AKAN.US,D,20230330,000000,260,262.5,235,242.425,318.564,0
AKAN.US,D,20230331,000000,247.525,255,237.5,242.575,194.688,0
AKAN.US,D,20230403,000000,242.575,249.475,232.8,245,185.90400000000002,0
AKAN.US,D,20230404,000000,236.25,247.5,236.25,243.75,168.24,0
AKAN.US,D,20230405,000000,239.5,239.525,202.5,219.4,329.44800000000004,0
AKAN.US,D,20230406,000000,215.325,229.975,208.05,215,221.168,0
AKAN.US,D,20230410,000000,220,337.5,219.025,320,2505.048,0
AKAN.US,D,20230411,000000,270,307.5,205,225.025,1862.8,0
AKAN.US,D,20230412,000000,225,227.5,212.775,216.25,273.88,0
AKAN.US,D,20230413,000000,220,275,215.15,243.469,518.36,0
AKAN.US,D,20230414,000000,252.5,375,231.25,272.5,5573.528,0
AKAN.US,D,20230417,000000,275,300,255,282.5,1148.768,0
AKAN.US,D,20230418,000000,275,330,267.5,302.5,1784.856,0
AKAN.US,D,20230419,000000,310,310,272.525,285,456.88,0
AKAN.US,D,20230420,000000,292.5,305,277.5,282.5,440.22,0
AKAN.US,D,20230421,000000,287.5,300,262.5,277.5,231.33599999999998,0
AKAN.US,D,20230424,000000,287.825,287.825,267.5,275,193.756,0
AKAN.US,D,20230425,000000,267.525,275,255,255,298.064,0
AKAN.US,D,20230426,000000,247.5,263.75,239.45,257.5,310.236,0
AKAN.US,D,20230427,000000,270,272.5,252.5,255,91.84,0
AKAN.US,D,20230428,000000,250.025,282.05,237.5,255,213.924,0
AKAN.US,D,20230501,000000,260,262.5,230.8,247.55,134.484,0
AKAN.US,D,20230502,000000,247.75,300,240,277.5,5786.476,0
AKAN.US,D,20230503,000000,590,675,305,347.5,140924.488,0
AKAN.US,D,20230504,000000,312.5,335,272.5,285,6478.04,0
AKAN.US,D,20230505,000000,277.5,285,245,257.5,4116.58,0
AKAN.US,D,20230508,000000,255,287.475,245.025,262.5,2493.828,0
AKAN.US,D,20230509,000000,265,267.475,242.5,252.5,1384.624,0
AKAN.US,D,20230510,000000,242.725,250,217.5,224.975,1805.6200000000001,0
AKAN.US,D,20230511,000000,225.5,260,195.05,227.5,3016.0440000000003,0
AKAN.US,D,20230512,000000,219.625,233.55,215,227.5,834.488,0
AKAN.US,D,20230515,000000,225,305,212.5,277.5,8470.504,0
AKAN.US,D,20230516,000000,275,297.5,237.625,255,2832.804,0
AKAN.US,D,20230517,000000,250,280,235,267.5,1721.1720000000003,0
AKAN.US,D,20230518,000000,260,260,241.975,246.25,1128.64,0
AKAN.US,D,20230519,000000,249.925,255,242.5,246.45,717.268,0
AKAN.US,D,20230522,000000,244.675,249.4,231.275,240,543.568,0
AKAN.US,D,20230523,000000,239.725,242.25,226.375,228.15,339.744,0
AKAN.US,D,20230524,000000,223,225,211.25,218.2,1082.6680000000001,0
AKAN.US,D,20230525,000000,217.5,217.5,197.75,205.112,1161.036,0
AKAN.US,D,20230526,000000,200,200,175.3,178.35,1830.624,0
AKAN.US,D,20230530,000000,187,187.5,175.325,176.688,465.776,0
AKAN.US,D,20230531,000000,182.5,184,176.25,182.5,568.612,0
AKAN.US,D,20230601,000000,185,190,185,185,389.396,0
AKAN.US,D,20230602,000000,180,189.475,177.55,180,219.452,0
AKAN.US,D,20230605,000000,180.55,192.5,180.55,182.475,264.82,0
AKAN.US,D,20230606,000000,180,188.75,177.525,184,379.62800000000004,0
AKAN.US,D,20230607,000000,185.638,190,177.5,181.375,407.616,0
AKAN.US,D,20230608,000000,173.975,182.45,172.5,180,539.1080000000001,0
AKAN.US,D,20230609,000000,182.525,182.525,175,175,258.504,0
AKAN.US,D,20230612,000000,176.375,180,170.025,174.725,1098.736,0
AKAN.US,D,20230613,000000,178.3,190,172.525,187.5,849.5360000000001,0
AKAN.US,D,20230614,000000,187.522,215,185,202.5,704.04,0
AKAN.US,D,20230615,000000,200,220,200,212.525,681.76,0
AKAN.US,D,20230616,000000,210.025,217.5,202.5,205,201.56799999999998,0
AKAN.US,D,20230620,000000,206.25,235.225,195.075,205,936.024,0
AKAN.US,D,20230621,000000,205,210,192.475,192.675,264.004,0
AKAN.US,D,20230622,000000,199.625,199.625,190.05,195.5,96.396,0
AKAN.US,D,20230623,000000,188,192.5,175.05,188.6,315.492,0
AKAN.US,D,20230626,000000,190.325,192.5,188.75,188.75,55.112,0
AKAN.US,D,20230627,000000,190.625,192.3,182.5,182.5,110.83200000000001,0
AKAN.US,D,20230628,000000,180,186.2,177.525,182.625,153.84799999999998,0
AKAN.US,D,20230629,000000,187.475,187.475,182.275,185,128.324,0
AKAN.US,D,20230630,000000,183.5,202.075,180,185,416.624,0
AKAN.US,D,20230703,000000,186.759,189.975,182.5,182.775,92.02,0
AKAN.US,D,20230705,000000,179.1,190.425,177.5,182.5,472.72800000000007,0
AKAN.US,D,20230706,000000,177.025,184.5,172.5,177.5,385.62,0
AKAN.US,D,20230707,000000,175,180,172.5,172.75,369.82,0
AKAN.US,D,20230710,000000,175,176.375,148.075,150,714.76,0
AKAN.US,D,20230711,000000,155,163.225,154.5,157.475,244.588,0
AKAN.US,D,20230712,000000,162,162,157.525,158.275,316.672,0
AKAN.US,D,20230713,000000,158.5,174.375,152.5,168.65,507.244,0
AKAN.US,D,20230714,000000,163.475,172.5,157.525,162.75,170.168,0
AKAN.US,D,20230717,000000,169.75,170,160,170,102.876,0
AKAN.US,D,20230718,000000,170,186.25,162.575,172.5,394.396,0
AKAN.US,D,20230719,000000,176.425,177.5,168.075,172.5,74.12,0
AKAN.US,D,20230720,000000,175,175,167.55,171.175,70.85600000000001,0
AKAN.US,D,20230721,000000,174.75,174.75,162.525,167.65,345.456,0
AKAN.US,D,20230724,000000,162.625,172.475,156.25,162.75,324.82,0
AKAN.US,D,20230725,000000,164.2,164.375,152.5,154.475,227.3,0
AKAN.US,D,20230726,000000,150.25,161.5,147.75,153,289.48,0
AKAN.US,D,20230727,000000,148.025,158.75,148.025,157.475,184.3,0
AKAN.US,D,20230728,000000,155.925,159.975,148.775,152.5,171.84400000000002,0
AKAN.US,D,20230731,000000,154.75,157.5,150,155,162.98,0
AKAN.US,D,20230801,000000,152.5,154.725,150.5,152.25,153.384,0
AKAN.US,D,20230802,000000,150.5,150.625,135.675,140.45,928.732,0
AKAN.US,D,20230803,000000,140,149.95,140,144,138.95600000000002,0
AKAN.US,D,20230804,000000,145,154,143.05,143.05,55.612,0
AKAN.US,D,20230807,000000,140,152.5,135,152.5,133.71200000000002,0
AKAN.US,D,20230808,000000,155,165,142.75,151.35,1474.604,0
AKAN.US,D,20230809,000000,178.725,178.725,136.275,140,24356.492000000002,0
AKAN.US,D,20230810,000000,134.5,143.75,130.025,142.5,1641.516,0
AKAN.US,D,20230811,000000,137.5,143.2,130,143.2,679.368,0
AKAN.US,D,20230814,000000,138.2,140,132.75,135,170.148,0
AKAN.US,D,20230815,000000,135,137.5,130,136.1,373.124,0
AKAN.US,D,20230816,000000,132.5,132.525,127.5,127.5,459.788,0
AKAN.US,D,20230817,000000,130,133.025,125.125,131.75,316.088,0
AKAN.US,D,20230818,000000,130,130,118.025,120.25,291.5,0
AKAN.US,D,20230821,000000,119.75,129.975,115,115.175,155.168,0
AKAN.US,D,20230822,000000,115,122.25,112.5,122,97.624,0
AKAN.US,D,20230823,000000,119.75,124.17,119.75,120,110.208,0
AKAN.US,D,20230824,000000,112.55,117.45,110,113.75,216.14000000000001,0
AKAN.US,D,20230825,000000,111.375,123.75,111.375,112.75,125.76,0
AKAN.US,D,20230828,000000,111.5,121.075,111.5,111.6,73.988,0
AKAN.US,D,20230829,000000,117.25,118.75,110.875,117.125,173.228,0
AKAN.US,D,20230830,000000,112.75,177.375,112.75,138.7,12381.524,0
AKAN.US,D,20230831,000000,129.75,157.5,124.2,142.575,3485.86,0
AKAN.US,D,20230901,000000,146.25,149.5,130.425,130.875,661.64,0
AKAN.US,D,20230905,000000,128.25,157.25,128.25,138.9,5098.784000000001,0
AKAN.US,D,20230906,000000,153.125,177.5,143.75,162.5,7440.808000000001,0
AKAN.US,D,20230907,000000,150,159.05,145.5,153.625,844.9839999999999,0
AKAN.US,D,20230908,000000,149.175,173.975,142.01,165,2231.728,0
AKAN.US,D,20230911,000000,160.05,262.5,160.025,229.05,21609.62,0
AKAN.US,D,20230912,000000,205.625,242.225,195,213.725,3956.492,0
AKAN.US,D,20230913,000000,202.5,209.975,182.65,190.7,1236.996,0
AKAN.US,D,20230914,000000,199.725,232.5,194.975,205.1,2330.016,0
AKAN.US,D,20230915,000000,215.175,236.525,205.4,219.525,4304.588,0
AKAN.US,D,20230918,000000,197.1,203.725,180.625,187.25,1214.9080000000001,0
AKAN.US,D,20230919,000000,182.25,200,150,153.375,1096.152,0
AKAN.US,D,20230920,000000,170.175,172.5,145.15,150.25,740.524,0
AKAN.US,D,20230921,000000,150.25,157.5,140,144.75,707.5039999999999,0
AKAN.US,D,20230922,000000,137.525,150,137.525,148.25,383.46000000000004,0
AKAN.US,D,20230925,000000,147.025,164.625,145,160.75,1121.232,0
AKAN.US,D,20230926,000000,151.9,167.5,145,147.75,685.3280000000001,0
AKAN.US,D,20230927,000000,152.5,170,141.25,144.25,2938.928,0
AKAN.US,D,20230928,000000,140.775,150,140.75,142.75,440.876,0
AKAN.US,D,20230929,000000,141.25,145,127.75,132.525,673.436,0
AKAN.US,D,20231002,000000,128.55,136.575,125,128.45,423.92800000000005,0
AKAN.US,D,20231003,000000,138.475,148.725,130.25,134.25,492.8,0
AKAN.US,D,20231004,000000,134.25,137.8,125.25,130,148.172,0
AKAN.US,D,20231005,000000,136.5,136.5,112.65,124.95,701.1560000000001,0
AKAN.US,D,20231006,000000,125,132.5,115,125,385.10400000000004,0
AKAN.US,D,20231009,000000,125,130.154,120,125,240.04,0
AKAN.US,D,20231010,000000,128.049,130,121.25,121.25,393.16800000000006,0
AKAN.US,D,20231011,000000,127.3,128,117.75,122.425,267.992,0
AKAN.US,D,20231012,000000,125,172.5,120.775,126.275,5543.071999999999,0
AKAN.US,D,20231013,000000,131.25,145,120.5,139.9,1054.24,0
AKAN.US,D,20231016,000000,135.7,137.5,125,131.7,199.88,0
AKAN.US,D,20231017,000000,135,137.425,127.5,130.25,356.288,0
AKAN.US,D,20231018,000000,131.35,139.675,125.55,128.3,260.884,0
AKAN.US,D,20231019,000000,129,130,118.75,119.375,542.236,0
AKAN.US,D,20231020,000000,116.375,127.95,115.05,127.45,256.892,0
AKAN.US,D,20231023,000000,125,129.85,115.05,118.35,314.524,0
AKAN.US,D,20231024,000000,115.75,127.45,115.75,115.8,374.12800000000004,0
AKAN.US,D,20231025,000000,118.25,124.24,111.25,113.375,385.82,0
AKAN.US,D,20231026,000000,113.375,118.05,110.85,118.05,78.372,0
AKAN.US,D,20231027,000000,118.909,118.909,108.125,116.775,207.536,0
AKAN.US,D,20231030,000000,117.475,117.475,110.175,116,43.7,0
AKAN.US,D,20231031,000000,112.5,122.25,100.25,106.15,634.5600000000001,0
AKAN.US,D,20231101,000000,105.95,112.5,102.5,106.75,56.88,0
AKAN.US,D,20231102,000000,108.475,112.475,104.825,110,462.392,0
AKAN.US,D,20231103,000000,107.5,116.8,104.45,112.5,257.92400000000004,0
AKAN.US,D,20231106,000000,113.375,119.025,107.5,110,107.86,0
AKAN.US,D,20231107,000000,112.5,113.875,107.35,107.35,93.95200000000001,0
AKAN.US,D,20231108,000000,106.25,107.525,104.2,105.025,77.964,0
AKAN.US,D,20231109,000000,102.5,111.25,100.675,105,248.984,0
AKAN.US,D,20231110,000000,107.25,112.325,100.3,104.525,206.516,0
AKAN.US,D,20231113,000000,105.45,110.5,105,110.5,331.19199999999995,0
AKAN.US,D,20231114,000000,104.85,117.5,102.5,110.025,220.24400000000003,0
AKAN.US,D,20231115,000000,107.5,115,102.75,112.15,463.86400000000003,0
AKAN.US,D,20231116,000000,112.475,112.475,105.25,106.325,124.464,0
AKAN.US,D,20231117,000000,111.375,111.575,105.625,106.525,219.736,0
AKAN.US,D,20231120,000000,107.8,110.5,107.5,107.8,226.688,0
AKAN.US,D,20231121,000000,107.5,107.8,100,107.475,191.908,0
AKAN.US,D,20231122,000000,105.05,111.325,105,111.325,77.188,0
AKAN.US,D,20231124,000000,114.65,114.65,105,112.5,15.616,0
AKAN.US,D,20231127,000000,118.75,118.75,105,111.096,33.444,0
AKAN.US,D,20231128,000000,107.5,109.5,105,107.175,68.404,0
AKAN.US,D,20231129,000000,111,114.975,107,110.025,64.988,0
AKAN.US,D,20231130,000000,114.725,124.975,110,122.5,993.4,0
AKAN.US,D,20231201,000000,127.5,128.75,107.5,117.375,705.072,0
AKAN.US,D,20231204,000000,117.5,135,116.25,125.275,1266.3,0
AKAN.US,D,20231205,000000,122.1,134.6,122.1,127.475,106.864,0
AKAN.US,D,20231206,000000,121.725,130,121.25,121.775,176.144,0
AKAN.US,D,20231207,000000,122.275,125,121.25,121.25,102.85600000000001,0
AKAN.US,D,20231208,000000,121.25,122.5,117.5,117.5,90.008,0
AKAN.US,D,20231211,000000,126.35,126.35,117.5,117.525,93.736,0
AKAN.US,D,20231212,000000,118.075,123.15,108.225,112.5,212.1,0
AKAN.US,D,20231213,000000,117.225,117.225,110.25,115,73.808,0
AKAN.US,D,20231214,000000,115.025,119.875,113.75,115,163.308,0
AKAN.US,D,20231215,000000,115,120,107.825,118.55,165.15200000000002,0
AKAN.US,D,20231218,000000,112.5,118.1,100.275,112.525,520.568,0
AKAN.US,D,20231219,000000,112.525,112.55,110,110.25,131.32,0
AKAN.US,D,20231220,000000,110.25,110.5,100,100,348.84000000000003,0
AKAN.US,D,20231221,000000,102.5,112.5,102.5,104,122.864,0
AKAN.US,D,20231222,000000,107.475,107.475,99.5,107.425,695.508,0
AKAN.US,D,20231226,000000,104.95,107.5,102.3,105,105.34,0
AKAN.US,D,20231227,000000,101.364,108.747,100.5,108.747,281.464,0
AKAN.US,D,20231228,000000,105,115,105,114.375,625.88,0
AKAN.US,D,20231229,000000,120,120,107.475,110.112,237.896,0
AKAN.US,D,20240102,000000,107.775,113.75,107.5,107.5,113.764,0
AKAN.US,D,20240103,000000,107.5,124.375,106.25,122.5,1006.9680000000001,0
AKAN.US,D,20240104,000000,122.5,122.5,117.5,122.475,198.38400000000001,0
AKAN.US,D,20240105,000000,121.225,121.225,115,115.025,268.41200000000003,0
AKAN.US,D,20240108,000000,117.5,120,87.625,107.1,435.8,0
AKAN.US,D,20240109,000000,107.5,125,104.2,105.825,168.24,0
AKAN.US,D,20240110,000000,111.2,122.475,105.825,110,25.54,0
AKAN.US,D,20240111,000000,110,115,106.25,112.5,208.37599999999998,0
AKAN.US,D,20240112,000000,110.75,119.275,110.75,117.5,108.976,0
AKAN.US,D,20240116,000000,115,123.75,115,118.75,702.3839999999999,0
AKAN.US,D,20240117,000000,120,122.5,112.5,122.5,172.104,0
AKAN.US,D,20240118,000000,120.575,122.5,100,100.25,382.184,0
AKAN.US,D,20240119,000000,102.5,108.6,100.5,103.25,257.12,0
AKAN.US,D,20240122,000000,102.125,102.375,91.475,96.25,298.052,0
AKAN.US,D,20240123,000000,101.05,101.05,92.5,93.75,26.355999999999998,0
AKAN.US,D,20240124,000000,100,102.5,96.1,102.475,450.836,0
AKAN.US,D,20240125,000000,102.25,102.25,95.925,97.475,89.384,0
AKAN.US,D,20240126,000000,102.5,102.5,96.75,102.475,65.88,0
AKAN.US,D,20240129,000000,102.5,102.5,91.575,99.25,105.908,0
AKAN.US,D,20240130,000000,96.25,97.5,95,97.5,83.596,0
AKAN.US,D,20240131,000000,98.75,99.95,91.25,97.5,124.16799999999999,0
AKAN.US,D,20240201,000000,94.75,108.75,92.475,98.5,2567.428,0
AKAN.US,D,20240202,000000,92.45,177.5,88.5,98.375,51209.628,0
AKAN.US,D,20240205,000000,90.8,92.5,70.05,80.55,3765.4120000000003,0
AKAN.US,D,20240206,000000,83,91.7,78.8,87.25,2807.256,0
AKAN.US,D,20240207,000000,84.375,85,77.5,77.5,540.2040000000001,0
AKAN.US,D,20240208,000000,97.5,105,88.775,90,4296.388,0
AKAN.US,D,20240209,000000,90,91.25,77.525,80.35,1350.944,0
AKAN.US,D,20240212,000000,82.5,95,78.25,95,1984.108,0
AKAN.US,D,20240213,000000,105,121.1,65.025,71,11301.524,0
AKAN.US,D,20240214,000000,69.5,76.375,69.5,70,935.2,0
AKAN.US,D,20240215,000000,73,75.5,70,72.775,1110.22,0
AKAN.US,D,20240216,000000,72.525,76.8625,71.075,75.85,1122.452,0
AKAN.US,D,20240220,000000,74.825,77.175,72.5,73.35,826.444,0
AKAN.US,D,20240221,000000,73.05,77.5,72.55,75.55,551.8000000000001,0
AKAN.US,D,20240222,000000,74,79.5,74,74.625,483.62,0
AKAN.US,D,20240223,000000,73.775,78.75,73.125,73.15,286.848,0
AKAN.US,D,20240226,000000,73.275,77.5,70,72.575,713.3000000000001,0
AKAN.US,D,20240227,000000,73.75,75,69.3,70.125,286.90000000000003,0
AKAN.US,D,20240228,000000,67.5,74.975,65.125,66.625,655.54,0
AKAN.US,D,20240229,000000,69.95,72.2,62.75,64.2,8500.04,0
AKAN.US,D,20240301,000000,75,76.25,51.4,55,33392.612,0
AKAN.US,D,20240304,000000,54.925,54.925,51.4,52.7372,2440.676,0
AKAN.US,D,20240305,000000,52.9,62.5,48.525,48.75,4786.064,0
AKAN.US,D,20240306,000000,50.5,50.5,43.75,45.25,3988.34,0
AKAN.US,D,20240307,000000,44.5,45.95,42.925,44.225,739.0880000000001,0
AKAN.US,D,20240308,000000,44.75,46.575,42.5,44.875,1475.836,0
AKAN.US,D,20240311,000000,42.5,47.5,42.5,45.925,814.492,0
AKAN.US,D,20240312,000000,44.25,45.4556,40.025,40.55,1312.5439999999999,0
AKAN.US,D,20240313,000000,40,41.25,37.75,41.025,1031.04,0
AKAN.US,D,20240314,000000,41.325,41.625,37.5,39.225,935.048,0
AKAN.US,D,20240315,000000,38.825,45,37.775,42.5,3027.7000000000003,0
AKAN.US,D,20240318,000000,40,49.475,38.2753,43.425,6624.2,0
AKAN.US,D,20240319,000000,42.5,46.25,41.25,44.6125,2276.8160000000003,0
AKAN.US,D,20240320,000000,46.25,57.5,44,50.975,8933.476,0
AKAN.US,D,20240321,000000,52.25,54.275,48.75,52.25,2046.74,0
AKAN.US,D,20240322,000000,56.25,62.5,51.25,60.875,10873.812,0
AKAN.US,D,20240325,000000,41.25,41.55,35.5,41.25,11585.82,0
AKAN.US,D,20240326,000000,37.5,49.6,37.5,41.15,8200.408000000001,0
AKAN.US,D,20240327,000000,37.5,42.5,37.5,41.225,5018.412,0
AKAN.US,D,20240328,000000,62.5,67.5,26,29.15,321343.096,0
AKAN.US,D,20240401,000000,32.5,37.5,28,36.9,41610.596000000005,0
AKAN.US,D,20240402,000000,34.85,34.85,28.775,31.9,19402.892,0
AKAN.US,D,20240403,000000,32.05,33.75,27.9,31.625,19808.916,0
AKAN.US,D,20240404,000000,28.05,32.5,28.05,30.075,13643.012,0
AKAN.US,D,20240405,000000,30.75,31.25,28.75,30.625,7728.32,0
AKAN.US,D,20240408,000000,30.575,32.5,29.875,30.025,7603.491999999999,0
AKAN.US,D,20240409,000000,29,32.275,28.5,30.175,11877.748000000001,0
AKAN.US,D,20240410,000000,30.175,31.85,28.875,29.9,8424.2,0
AKAN.US,D,20240411,000000,29.95,45,29.95,37.75,197089,0
AKAN.US,D,20240412,000000,44.375,47,37.5,38.6,73223.02,0
AKAN.US,D,20240415,000000,39.75,42.5,27.75,28.25,60266.10400000001,0
AKAN.US,D,20240416,000000,27.5,28.2247,24.025,25.5,28384.4,0
AKAN.US,D,20240417,000000,25,27.25,24.525,26.125,17529.836000000003,0
AKAN.US,D,20240418,000000,24.5,25.5,22.775,23.525,15048.944,0
AKAN.US,D,20240419,000000,23.25,27.5,23.2375,23.25,17886.632,0
AKAN.US,D,20240422,000000,26.125,27.275,22.575,22.825,29235.036,0
AKAN.US,D,20240423,000000,23,24.125,22.2,22.975,11398.464,0
AKAN.US,D,20240424,000000,22.6,22.95,22.05,22.425,7232.668000000001,0
AKAN.US,D,20240425,000000,22.5,22.975,21.375,22.875,6405.371999999999,0
AKAN.US,D,20240426,000000,22.5,26.25,22.25,25.75,14917.156,0
AKAN.US,D,20240429,000000,30.525,30.75,22.35,22.5,181251.232,0
AKAN.US,D,20240430,000000,22.05,28.25,21.325,23.25,122272.296,0
AKAN.US,D,20240501,000000,34.925,36.875,26.925,29.15,725633.936,0
AKAN.US,D,20240502,000000,26.1,28.75,23.5,24.225,77824.884,0
AKAN.US,D,20240503,000000,23.325,24.25,22.375,22.625,50278.615999999995,0
AKAN.US,D,20240506,000000,23.475,23.475,22,22.75,34656.64,0
AKAN.US,D,20240507,000000,21.5,23.5,21.5,22.625,23625.208,0
AKAN.US,D,20240508,000000,22.5,23,22.25,22.275,15578.612,0
AKAN.US,D,20240509,000000,22.725,24.675,22.25,22.875,19433.712,0
AKAN.US,D,20240510,000000,22.5,25.5002,21.5,24.55,54973.344000000005,0
AKAN.US,D,20240513,000000,23.425,24.425,22.65,23.15,28127.688,0
AKAN.US,D,20240514,000000,22.75,24.25,21.25,22,35239.340000000004,0
AKAN.US,D,20240515,000000,22.05,26.425,22.05,26,63594.672000000006,0
AKAN.US,D,20240516,000000,25.425,43,24.275,33.125,369273.064,0
AKAN.US,D,20240517,000000,79.2,148.5,39,43.15,2266970.152,0
AKAN.US,D,20240520,000000,37,37,27.525,33.425,311333.844,0
AKAN.US,D,20240521,000000,26.55,27.225,22.6,23.25,178497.932,0
AKAN.US,D,20240522,000000,23.25,24.9,21.275,22.9,177672.472,0
AKAN.US,D,20240523,000000,18.125,19.3519,14.5625,14.9375,181088.80000000002,0
AKAN.US,D,20240524,000000,32.3125,35.375,18.9375,25.6875,6258576.48,0
AKAN.US,D,20240528,000000,22.1875,22.9375,20.0625,22,178955.52,0
AKAN.US,D,20240529,000000,21.1875,21.1875,18.3125,18.6875,89577.28,0
AKAN.US,D,20240530,000000,17.875,19.3125,17.4375,17.9375,58674.56,0
AKAN.US,D,20240531,000000,17.75,18.4688,15.8125,16.25,41111.200000000004,0
AKAN.US,D,20240603,000000,16.5625,17.125,15.625,16.5625,36950.24,0
AKAN.US,D,20240604,000000,16.25,17.0625,15.6875,15.6875,34709.92,0
AKAN.US,D,20240605,000000,15.8125,15.9688,13.9987,15.25,39284.16,0
AKAN.US,D,20240606,000000,15.0625,15.75,15,15.375,15306.24,0
AKAN.US,D,20240607,000000,15.1875,15.4375,13.75,13.875,29853.28,0
AKAN.US,D,20240610,000000,14.0625,17.8125,13.25,16.9375,289201.44,0
AKAN.US,D,20240611,000000,18.4375,19.25,14.4381,16.375,445455.68,0
AKAN.US,D,20240612,000000,15.5,17.5,14.8156,15.3125,72284.16,0
AKAN.US,D,20240613,000000,15.0625,16.1838,14.6281,15.75,28310.56,0
AKAN.US,D,20240614,000000,15.25,16.875,14.8125,15,39811.36,0
AKAN.US,D,20240617,000000,14.875,15.3119,13.5625,14.1875,14802.24,0
AKAN.US,D,20240618,000000,14.625,14.625,13.5,13.9375,24192.96,0
AKAN.US,D,20240620,000000,13.8125,16.4375,13.8125,14.25,148136.32,0
AKAN.US,D,20240621,000000,15.625,18,14.2606,14.625,224002.24,0
AKAN.US,D,20240624,000000,14.75,15,14.375,14.6875,21967.36,0
AKAN.US,D,20240625,000000,14.5,15.3125,14.5,14.9375,26801.600000000002,0
AKAN.US,D,20240626,000000,14.6875,15.5,14.5625,14.6875,48772.32,0
AKAN.US,D,20240627,000000,15,15,14.6875,15,8291.84,0
AKAN.US,D,20240628,000000,14.75,14.9838,14.125,14.4375,17306.72,0
AKAN.US,D,20240701,000000,14.4375,14.4375,13.8125,14.125,10607.36,0
AKAN.US,D,20240702,000000,14,14.3125,13.9375,13.9375,5215.52,0
AKAN.US,D,20240703,000000,13.8125,14.375,13.75,13.9375,17694.72,0
AKAN.US,D,20240705,000000,13.6875,14.125,13.5625,13.6875,8454.56,0
AKAN.US,D,20240708,000000,13.6875,14.3125,13.625,14.1875,9670.24,0
AKAN.US,D,20240709,000000,13.75,14.6875,13.75,14.0625,12906.4,0
AKAN.US,D,20240710,000000,14,14.375,13.75,13.875,6352.16,0
AKAN.US,D,20240711,000000,14.1875,14.25,13.5,13.625,14135.68,0
AKAN.US,D,20240712,000000,13.5,15.875,13.5,14.0625,303516,0
AKAN.US,D,20240715,000000,13.9375,14.6875,13.5625,14.1875,57384.96,0
AKAN.US,D,20240716,000000,14.25,14.3125,13.75,14,19822.08,0
AKAN.US,D,20240717,000000,13.8125,15.0619,13.8125,14.4375,36734.56,0
AKAN.US,D,20240718,000000,14.0625,14.5,13.3125,13.375,32449.760000000002,0
AKAN.US,D,20240719,000000,13.3125,13.5625,12.2188,12.5,23512.48,0
AKAN.US,D,20240722,000000,12.75,13,12.3125,12.625,26060.64,0
AKAN.US,D,20240723,000000,12.8125,12.8506,12.125,12.6875,16920.96,0
AKAN.US,D,20240724,000000,12.4375,12.5,9.6875,10.0625,51224.64,0
AKAN.US,D,20240725,000000,10,10.875,9.375,10.25,28677.440000000002,0
AKAN.US,D,20240726,000000,10.25,10.6875,10.125,10.1875,9677.6,0
AKAN.US,D,20240729,000000,10,10.5,9.625,9.8125,15679.68,0
AKAN.US,D,20240730,000000,9.6875,9.875,8.5625,9.125,23827.68,0
AKAN.US,D,20240731,000000,9.125,9.68688,8.92188,9.375,7685.4400000000005,0
AKAN.US,D,20240801,000000,9.25,9.5625,8.875,9.0625,8993.44,0
AKAN.US,D,20240802,000000,11.0625,12.8125,9.4375,10,4041453.2800000003,0
AKAN.US,D,20240805,000000,9.125,9.25,8,9,107301.28,0
AKAN.US,D,20240806,000000,8.9375,9.25062,8.3125,8.5625,43582.72,0
AKAN.US,D,20240807,000000,8.3125,8.875,7.8125,8.25,29237.28,0
AKAN.US,D,20240808,000000,8.25,8.8125,7.5,7.75,57263.200000000004,0
AKAN.US,D,20240809,000000,7.75,8.675,7.5625,8.1875,25509.600000000002,0
AKAN.US,D,20240812,000000,8.125,8.89125,7.9375,8.5,13456.960000000001,0
AKAN.US,D,20240813,000000,8.6875,9.98812,7.82188,9.125,34293.12,0
AKAN.US,D,20240814,000000,8.8125,9.625,8.8125,9.3125,10584.16,0
AKAN.US,D,20240815,000000,8.8125,9.4375,8.8125,9.0625,12319.36,0
AKAN.US,D,20240816,000000,8.75,9.10562,8.4375,8.5625,11758.56,0
AKAN.US,D,20240819,000000,8.5,9.0625,8.5,8.9375,13756.960000000001,0
AKAN.US,D,20240820,000000,9.0625,9.0625,8.6875,8.75,5844.8,0
AKAN.US,D,20240821,000000,8.77375,9,8.5625,8.9375,8840.32,0
AKAN.US,D,20240822,000000,8.625,8.8125,8.1875,8.1875,9503.2,0
AKAN.US,D,20240823,000000,8.375,8.81187,8.375,8.4375,8497.6,0
AKAN.US,D,20240826,000000,8.375,8.65625,8,8.125,6836.32,0
AKAN.US,D,20240827,000000,8.3125,8.3125,7.875,8.0625,4432.96,0
AKAN.US,D,20240828,000000,7.9375,8.0625,7.1875,7.25,17034.4,0
AKAN.US,D,20240829,000000,7.375,7.4375,7.1875,7.3125,3335.2000000000003,0
AKAN.US,D,20240830,000000,7.3125,7.79812,7.3125,7.625,6963.360000000001,0
AKAN.US,D,20240903,000000,7.6875,7.8125,7.1875,7.25,8559.68,0
AKAN.US,D,20240904,000000,7.3125,7.3125,7.0625,7.3125,4429.28,0
AKAN.US,D,20240905,000000,7.1875,7.5,7.1875,7.24938,3711.84,0
AKAN.US,D,20240906,000000,7.0625,7.1875,6.46875,6.87875,7191.360000000001,0
AKAN.US,D,20240909,000000,6.8125,7.4375,6.75,6.875,13657.6,0
AKAN.US,D,20240910,000000,6.9375,7.12438,6.75,7.0625,3001.76,0
AKAN.US,D,20240911,000000,7,7.1875,6.8125,7.1575,2883.2000000000003,0
AKAN.US,D,20240912,000000,7.0625,7.375,7.0625,7.25,6594.24,0
AKAN.US,D,20240913,000000,7.125,7.625,7.0625,7.4375,15001.6,0
AKAN.US,D,20240916,000000,7.5625,8.75,7.25,7.75,76796.64,0
AKAN.US,D,20240917,000000,7.9375,7.9375,7.25,7.25,5739.36,0
AKAN.US,D,20240918,000000,7.3125,7.625,7.125,7.375,8492.8,0
AKAN.US,D,20240919,000000,7.3125,7.5625,7.1875,7.19375,9501.6,0
AKAN.US,D,20240920,000000,7.125,7.5,6.9375,7.3125,6085.4400000000005,0
AKAN.US,D,20240923,000000,7.3125,7.3125,6.8175,7,6704.16,0
AKAN.US,D,20240924,000000,6.875,7.125,6.5625,6.9375,5991.2,0
AKAN.US,D,20240925,000000,6.9375,7.3125,6.75062,7.125,3462.88,0
AKAN.US,D,20240926,000000,7.25,7.25,6.875,6.9375,3811.6800000000003,0
AKAN.US,D,20240927,000000,7,7.4375,7,7.3125,3111.36,0
AKAN.US,D,20240930,000000,7.375,7.375,6.875,7.1875,5568.4800000000005,0
AKAN.US,D,20241001,000000,7.2275,7.25,6.8125,6.875,7028.16,0
AKAN.US,D,20241002,000000,6.8125,7,6.375,6.625,6940.4800000000005,0
AKAN.US,D,20241003,000000,6.625,7,6.5625,6.75,4076.32,0
AKAN.US,D,20241004,000000,6.87812,7,6.625,6.6875,3749.6,0
AKAN.US,D,20241007,000000,6.84375,6.84375,6.5625,6.6875,3443.36,0
AKAN.US,D,20241008,000000,6.5625,7.3125,6.5625,6.9375,16320.32,0
AKAN.US,D,20241009,000000,6.875,6.93938,6.62562,6.8125,4944.64,0
AKAN.US,D,20241010,000000,6.6875,7.5,6.435,6.75,52523.520000000004,0
AKAN.US,D,20241011,000000,7.8125,7.8125,6.02125,6.5,521525.92,0
AKAN.US,D,20241014,000000,6.3125,6.625,6.10312,6.375,45132.96,0
AKAN.US,D,20241015,000000,6.3125,6.3125,5.69125,6.005,29190.56,0
AKAN.US,D,20241016,000000,6.00062,6.0675,5.75,5.91875,14453.28,0
AKAN.US,D,20241017,000000,6.11875,6.25,5.94438,6.0625,894986.0800000001,0
AKAN.US,D,20241018,000000,8.5,8.6875,6.125,6.875,4214338.08,0
AKAN.US,D,20241021,000000,6.13438,6.6875,5.9375,6.6875,217239.36000000002,0
AKAN.US,D,20241022,000000,6.4375,6.8125,6.25,6.25,126834.40000000001,0
AKAN.US,D,20241023,000000,6.375,6.375,6.00438,6.0625,49601.44,0
AKAN.US,D,20241024,000000,6.07375,6.125,5.51375,5.62938,64204.64,0
AKAN.US,D,20241025,000000,5.625,5.625,5.15438,5.26125,38477.44,0
AKAN.US,D,20241028,000000,5.33875,5.49938,5.12312,5.30688,34868.16,0
AKAN.US,D,20241029,000000,5.13125,5.3625,5.12563,5.2125,24328.48,0
AKAN.US,D,20241030,000000,5.25,5.25,4.77562,4.77562,30225.760000000002,0
AKAN.US,D,20241031,000000,4.85312,4.96875,4.4375,4.5125,25859.84,0
AKAN.US,D,20241101,000000,4.50625,4.69125,4.50625,4.68125,9824.32,0
AKAN.US,D,20241104,000000,4.68125,5.0625,4.625,4.80937,40454.08,0
AKAN.US,D,20241105,000000,4.76,5.125,4.70062,5.03312,14966.4,0
AKAN.US,D,20241106,000000,4.92125,5.14375,4.80688,5,11909.12,0
AKAN.US,D,20241107,000000,4.80125,5.12375,4.75,4.95563,11064.800000000001,0
AKAN.US,D,20241108,000000,5.20625,5.20625,4.92625,5.0625,18922.24,0
AKAN.US,D,20241111,000000,4.91062,5.06062,4,4.78125,41047.520000000004,0
AKAN.US,D,20241112,000000,4.36062,4.59437,4.27187,4.34062,49190.72,0
AKAN.US,D,20241113,000000,4.4375,4.4375,3.81875,4.19375,123572.16,0
AKAN.US,D,20241114,000000,4.21875,4.90625,3.8125,4.625,149603.52,0
AKAN.US,D,20241115,000000,4.28125,4.34375,3.84406,4.34375,43217.28,0
AKAN.US,D,20241118,000000,4.0625,4.625,4.0625,4.46875,38872.64,0
AKAN.US,D,20241119,000000,4.40625,4.50625,4.125,4.375,19137.920000000002,0
AKAN.US,D,20241120,000000,4.4375,4.4375,4.21875,4.28125,9584.960000000001,0
AKAN.US,D,20241121,000000,4.34375,4.34375,4.0625,4.1875,12926.4,0
AKAN.US,D,20241122,000000,4.1875,4.28125,4.00469,4.25,43359.68,0
AKAN.US,D,20241125,000000,4.4375,5,4.3125,4.6875,72459.84,0
AKAN.US,D,20241126,000000,4.75,5.52625,4.40625,5.0625,83075.52,0
AKAN.US,D,20241127,000000,5.0625,6.1875,5.0625,5.3125,110940.48,0
AKAN.US,D,20241129,000000,5.40625,5.59375,5.21875,5.46875,31206.72,0
AKAN.US,D,20241202,000000,5.5625,6.1875,5.46875,5.9375,62327.68,0
AKAN.US,D,20241203,000000,5.78125,6.03125,5.3125,5.3125,48586.24,0
AKAN.US,D,20241204,000000,5.28125,5.6875,4.78125,5.21219,68519.36,0
AKAN.US,D,20241205,000000,5.15625,5.15625,4.59375,4.75,37956.8,0
AKAN.US,D,20241206,000000,4.96875,5.5,4.5625,4.8125,72494.40000000001,0
AKAN.US,D,20241209,000000,4.84375,5.15625,4.6875,5.15625,12027.2,0
AKAN.US,D,20241210,000000,5.15625,5.15625,4.875,4.9375,5884.16,0
AKAN.US,D,20241211,000000,5,5,4.75,4.84375,6537.28,0
AKAN.US,D,20241212,000000,4.90625,4.96875,4.71875,4.875,10208.960000000001,0
AKAN.US,D,20241213,000000,4.84375,4.9375,4.53125,4.65625,12184.64,0
AKAN.US,D,20241216,000000,4.59375,4.96875,4.1875,4.21875,42363.200000000004,0
AKAN.US,D,20241217,000000,4.4375,4.4375,4.1875,4.28125,19459.2,0
AKAN.US,D,20241218,000000,4.375,4.5,4,4.125,20918.08,0
AKAN.US,D,20241219,000000,4.21875,4.65625,4.15625,4.25,42966.08,0
AKAN.US,D,20241220,000000,4.25,4.55969,4.25,4.40625,16681.6,0
AKAN.US,D,20241223,000000,4.5,5.15625,4.4375,5.125,74147.2,0
AKAN.US,D,20241224,000000,5.125,5.34375,4.75,4.8125,62472,0
AKAN.US,D,20241226,000000,4.78125,5,4.53125,4.8125,49017.92,0
AKAN.US,D,20241227,000000,4.71875,4.875,4.65625,4.8125,19038.72,0
AKAN.US,D,20241230,000000,4.6875,4.6875,4.25,4.5625,32264.96,0
AKAN.US,D,20241231,000000,4.5625,5,4.5625,5,39648.96,0
AKAN.US,D,20250102,000000,5,5.375,4.78125,5.28125,42728.64,0
AKAN.US,D,20250103,000000,5.15625,5.54844,5.06313,5.21875,33609.6,0
AKAN.US,D,20250106,000000,5.46875,5.53125,5,5.125,23500.48,0
AKAN.US,D,20250107,000000,5.3125,5.32812,5,5.09375,16086.720000000001,0
AKAN.US,D,20250108,000000,5.0625,5.09375,4.75,5,35117.12,0
AKAN.US,D,20250110,000000,4.9375,5.15625,4.65594,4.875,19718.72,0
AKAN.US,D,20250113,000000,4.875,5.09375,4.625,5.09375,26508.8,0
AKAN.US,D,20250114,000000,5.21875,5.21875,4.75,4.78125,24773.12,0
AKAN.US,D,20250115,000000,4.875,5.15625,4.82812,5.03125,38292.48,0
AKAN.US,D,20250116,000000,5.125,5.21875,5.0625,5.21875,36820.8,0
AKAN.US,D,20250117,000000,5.21875,5.21875,4.9375,4.9375,19593.600000000002,0
AKAN.US,D,20250121,000000,5.03125,5.1875,4.9375,5.09375,13174.08,0
AKAN.US,D,20250122,000000,5.09375,5.09375,4.78125,4.96875,12023.68,0
AKAN.US,D,20250123,000000,5,5.15625,4.82812,5.15625,14599.04,0
AKAN.US,D,20250124,000000,5.15625,5.28125,5,5.15625,13951.04,0
AKAN.US,D,20250127,000000,5.15625,5.28125,5.03125,5.14781,8055.68,0
AKAN.US,D,20250128,000000,5.15625,5.90625,5.0625,5.59375,54392.32,0
AKAN.US,D,20250129,000000,5.375,5.5625,5.03469,5.0625,29654.08,0
AKAN.US,D,20250130,000000,5.0625,5.28125,4.875,4.90625,20207.68,0
AKAN.US,D,20250131,000000,4.90625,5.3125,4.59375,5.03125,49432.64,0
AKAN.US,D,20250203,000000,4.96875,4.96875,4.5625,4.625,30645.12,0
AKAN.US,D,20250204,000000,4.6875,4.96875,4.6875,4.90625,12190.72,0
AKAN.US,D,20250205,000000,4.9375,5.9375,4.9375,5.3125,350391.36,0
AKAN.US,D,20250206,000000,5.21875,5.75,5.03125,5.21875,89206.08,0
AKAN.US,D,20250207,000000,5.0625,5.46875,5.0625,5.3125,18305.600000000002,0
AKAN.US,D,20250210,000000,5.375,5.46875,5.15625,5.28125,22908.16,0
AKAN.US,D,20250211,000000,5.3125,5.54812,5.3125,5.40625,10503.36,0
AKAN.US,D,20250212,000000,5.40625,5.5,5.3125,5.375,8093.4400000000005,0
AKAN.US,D,20250213,000000,5.375,5.5625,5.375,5.5,10451.2,0
AKAN.US,D,20250214,000000,5.40625,5.5625,5.40625,5.43906,5660.8,0
AKAN.US,D,20250218,000000,5.4375,5.50062,5.28125,5.46875,11560.32,0
AKAN.US,D,20250219,000000,5.4375,5.4375,5.28125,5.375,10573.12,0
AKAN.US,D,20250220,000000,5.375,5.46875,5.3125,5.375,10087.68,0
AKAN.US,D,20250221,000000,5.39062,5.46875,5.35,5.46875,5926.08,0
AKAN.US,D,20250224,000000,5.4375,5.4375,5.15625,5.1875,10221.76,0
AKAN.US,D,20250225,000000,5.25,5.3125,5.15625,5.25,18284.48,0
AKAN.US,D,20250226,000000,5.25,5.375,5.21875,5.28125,8673.6,0
AKAN.US,D,20250227,000000,5.25,5.32812,5.21875,5.21937,3385.28,0
AKAN.US,D,20250228,000000,5.25,5.34375,5.09375,5.28125,6788.4800000000005,0
AKAN.US,D,20250303,000000,5.21875,5.4375,4.96875,5.0625,17039.04,0
AKAN.US,D,20250304,000000,5,5.15625,4.84375,4.90625,4547.2,0
AKAN.US,D,20250305,000000,4.9375,5.15625,4.9375,5,16752.96,0
AKAN.US,D,20250306,000000,5.03125,5.3125,4.96875,5.15625,6427.2,0
AKAN.US,D,20250307,000000,5.15625,5.15625,4.9375,5,3728.32,0
AKAN.US,D,20250310,000000,5,5.03125,4.71875,4.71875,28671.04,0
AKAN.US,D,20250311,000000,4.75,4.8125,4.46875,4.5,14351.04,0
AKAN.US,D,20250312,000000,4.9375,4.9375,4.53125,4.53125,5085.4400000000005,0
AKAN.US,D,20250313,000000,4.6875,4.78094,4.55969,4.56469,2662.08,0
AKAN.US,D,20250314,000000,4.59375,4.625,4.40625,4.53125,4038.7200000000003,0
AKAN.US,D,20250317,000000,4.5625,4.84375,4.5625,4.78125,5658.56,0
AKAN.US,D,20250318,000000,4.8125,4.8125,4.625,4.6875,3415.6800000000003,0
AKAN.US,D,20250319,000000,4.71875,4.84375,4.625,4.8125,2392.64,0
AKAN.US,D,20250320,000000,4.6875,4.84375,4.68719,4.78125,4130.24,0
AKAN.US,D,20250321,000000,4.625,4.84375,4.625,4.78125,3013.12,0
AKAN.US,D,20250324,000000,4.78125,4.90625,4.78125,4.90625,2346.88,0
AKAN.US,D,20250325,000000,4.90625,4.90625,4.57812,4.84375,4306.56,0
AKAN.US,D,20250326,000000,4.84312,4.84375,4.5,4.59375,9331.84,0
AKAN.US,D,20250327,000000,4.59375,4.71875,4.4375,4.46875,29660.48,0
AKAN.US,D,20250328,000000,4.46875,4.5,4.375,4.46875,4895.68,0
AKAN.US,D,20250331,000000,4.4375,4.4375,4.125,4.3125,5214.72,0
AKAN.US,D,20250401,000000,4.28125,4.34375,4.21875,4.34375,5112,0
AKAN.US,D,20250402,000000,4.34375,4.375,4.09375,4.28125,9938.56,0
AKAN.US,D,20250403,000000,4.28125,4.28125,4.125,4.15625,4508.8,0
AKAN.US,D,20250404,000000,4.15625,4.15625,3.8125,3.8125,8108.16,0
AKAN.US,D,20250407,000000,3.8125,3.8125,3.5,3.65625,13997.76,0
AKAN.US,D,20250408,000000,3.65625,3.65625,3.28125,3.4375,6127.04,0
AKAN.US,D,20250409,000000,3.46875,3.46875,2.90656,3.4375,29604.16,0
AKAN.US,D,20250410,000000,3.3125,3.34375,3.125,3.34375,8155.84,0
AKAN.US,D,20250411,000000,3.34375,3.4375,3.29625,3.4375,5053.4400000000005,0
AKAN.US,D,20250414,000000,3.46875,3.68719,3.4375,3.62469,15236.48,0
AKAN.US,D,20250415,000000,3.59375,3.65625,3.40594,3.5,2877.12,0
AKAN.US,D,20250416,000000,3.53125,3.75,3.4375,3.5,24496,0
AKAN.US,D,20250417,000000,3.5,3.54187,3.4375,3.4375,8318.72,0
AKAN.US,D,20250421,000000,3.46875,3.6875,3.4375,3.65625,11056.960000000001,0
AKAN.US,D,20250422,000000,3.59375,3.875,3.4375,3.625,14648.960000000001,0
AKAN.US,D,20250423,000000,3.65625,3.65625,3.35812,3.5,8439.36,0
AKAN.US,D,20250424,000000,3.5,3.8125,3.5,3.6875,23354.56,0
AKAN.US,D,20250425,000000,3.6875,3.8325,3.375,3.59375,11694.72,0
AKAN.US,D,20250428,000000,3.59375,3.875,3.59375,3.59375,3962.56,0
AKAN.US,D,20250429,000000,3.6875,3.84312,3.46875,3.78125,17966.4,0
AKAN.US,D,20250430,000000,3.75,4.3825,3.62531,4.15625,77392.32,0
AKAN.US,D,20250501,000000,4.0625,4.0625,3.875,3.93781,6466.88,0
AKAN.US,D,20250502,000000,3.9375,4.19094,3.9375,4.03125,4878.400000000001,0
AKAN.US,D,20250505,000000,4.03125,4.03125,3.90625,3.96875,7360.96,0
AKAN.US,D,20250506,000000,3.78125,3.875,3.75,3.75125,6501.4400000000005,0
AKAN.US,D,20250507,000000,3.75,3.75,3.59375,3.60562,2413.76,0
AKAN.US,D,20250508,000000,3.59375,3.78125,3.46875,3.76031,7072.96,0
AKAN.US,D,20250509,000000,3.75,3.78125,3.59375,3.625,6513.6,0
AKAN.US,D,20250512,000000,3.65625,3.78125,3.625,3.74937,6600.64,0
AKAN.US,D,20250513,000000,3.90625,3.90625,3.75,3.8125,8495.04,0
AKAN.US,D,20250514,000000,3.8125,3.8125,3.625,3.625,2973.44,0
AKAN.US,D,20250515,000000,3.59375,3.67188,3.59375,3.65625,4410.24,0
AKAN.US,D,20250516,000000,3.65625,3.85438,3.65625,3.75,4428.8,0
AKAN.US,D,20250519,000000,3.65625,3.90594,3.61656,3.82812,5246.08,0
AKAN.US,D,20250520,000000,3.85687,3.96875,3.79188,3.84375,5868.4800000000005,0
AKAN.US,D,20250521,000000,3.875,3.90937,3.875,3.90625,2872.32,0
AKAN.US,D,20250522,000000,3.9375,4.03094,3.75,3.78125,5747.84,0
AKAN.US,D,20250523,000000,3.78125,3.95219,3.70312,3.9375,2724.16,0
AKAN.US,D,20250527,000000,4.0625,4.0625,3.78125,3.78125,1604.16,0
AKAN.US,D,20250528,000000,3.78125,3.90625,3.73438,3.90625,1392,0
AKAN.US,D,20250529,000000,4.03125,4.03125,3.8125,3.84375,2416.32,0
AKAN.US,D,20250530,000000,3.8125,3.875,3.71906,3.71906,2342.7200000000003,0
AKAN.US,D,20250602,000000,3.75,3.75,3.625,3.6875,4491.52,0
AKAN.US,D,20250603,000000,3.8125,3.925,3.63625,3.925,8096.96,0
AKAN.US,D,20250604,000000,3.84375,4.5725,3.84375,4.5,31637.12,0
AKAN.US,D,20250605,000000,4.59375,4.59375,3.96875,3.96875,17701.760000000002,0
AKAN.US,D,20250606,000000,4,4.26562,4,4.25,7581.12,0
AKAN.US,D,20250609,000000,4.15625,4.625,4.10906,4.57812,20353.600000000002,0
AKAN.US,D,20250610,000000,4.59375,4.59375,4.40625,4.4375,5074.88,0
AKAN.US,D,20250611,000000,4.375,4.57094,4.06031,4.25,6898.56,0
AKAN.US,D,20250612,000000,4.3125,4.34375,4.09375,4.2,11669.44,0
AKAN.US,D,20250613,000000,4.0625,4.15625,3.9375,3.96875,7586.56,0
AKAN.US,D,20250616,000000,3.90625,4.39062,3.90625,4,46169.28,0
AKAN.US,D,20250617,000000,4,4.125,4,4.09375,3031.68,0
AKAN.US,D,20250618,000000,4.0625,4.15625,3.9375,4.0625,6454.72,0
AKAN.US,D,20250620,000000,4.09375,4.09375,4,4,4935.04,0
AKAN.US,D,20250623,000000,3.96875,4,3.84719,3.85938,5287.68,0
AKAN.US,D,20250624,000000,3.90625,3.90625,3.76438,3.76438,4143.36,0
AKAN.US,D,20250625,000000,3.83219,4.5,3.82,4.45625,146953.6,0
AKAN.US,D,20250626,000000,4.4375,4.53125,4.3125,4.53125,30804.8,0
AKAN.US,D,20250627,000000,4.625,4.625,4.40625,4.53125,19743.68,0
AKAN.US,D,20250630,000000,4.53125,4.65625,4.00031,4.375,40092.16,0
AKAN.US,D,20250701,000000,4.28125,4.32812,4.09375,4.15625,10356.48,0
AKAN.US,D,20250702,000000,4.15625,4.34375,4,4.0625,10426.56,0
AKAN.US,D,20250703,000000,4.1875,4.40625,4.125,4.28125,7539.84,0
AKAN.US,D,20250707,000000,4.28125,4.28125,3.96875,4,9591.36,0
AKAN.US,D,20250708,000000,4,4.65625,3.90656,4.4375,28784.64,0
AKAN.US,D,20250709,000000,4.4375,4.53125,4.21875,4.21875,17620.16,0
AKAN.US,D,20250710,000000,4.25,4.5,4.21875,4.40625,22800.96,0
AKAN.US,D,20250711,000000,4.40625,4.41969,4.21875,4.28125,14527.68,0
AKAN.US,D,20250714,000000,4.1875,4.28094,4.14062,4.15625,8313.6,0
AKAN.US,D,20250715,000000,4.28125,4.28125,3.90625,4.03125,21251.84,0
AKAN.US,D,20250716,000000,4.0625,4.11531,3.9375,4.04062,6186.24,0
AKAN.US,D,20250717,000000,4.125,4.1875,3.5,3.90625,15419.2,0
AKAN.US,D,20250718,000000,3.9375,4,3.65625,3.78125,8694.72,0
AKAN.US,D,20250721,000000,3.78125,3.875,3.78125,3.84375,9974.08,0
AKAN.US,D,20250722,000000,4.0625,4.21875,3.9375,4.1875,21392.32,0
AKAN.US,D,20250723,000000,4.125,4.125,3.90937,4.03125,8674.24,0
AKAN.US,D,20250724,000000,4.03125,4.0625,3.90625,3.9375,5645.4400000000005,0
AKAN.US,D,20250725,000000,3.96875,3.96875,3.81281,3.96875,6185.28,0
AKAN.US,D,20250728,000000,3.96875,3.99719,3.90625,3.92187,1630.08,0
AKAN.US,D,20250729,000000,3.8125,4.5625,3.75,4.34375,81068.16,0
AKAN.US,D,20250730,000000,4.375,4.4375,3.43625,3.67188,78761.92,0
AKAN.US,D,20250731,000000,3.6875,3.71875,3.5625,3.5625,7474.88,0
AKAN.US,D,20250801,000000,3.59375,5.375,3.21875,3.4375,2652266.56,0
AKAN.US,D,20250804,000000,3.21875,3.4375,3.125,3.34375,76494.72,0
AKAN.US,D,20250805,000000,3.4375,3.4375,3.23938,3.28156,41530.88,0
AKAN.US,D,20250806,000000,3.34375,3.46875,3.21875,3.34375,22409.28,0
AKAN.US,D,20250807,000000,3.40625,4.21875,3.21875,4.03125,315814.4,0
AKAN.US,D,20250808,000000,3.75,3.8125,3.345,3.6875,31215.36,0
AKAN.US,D,20250811,000000,3.875,4.5625,3.875,4.28125,157151.68,0
AKAN.US,D,20250812,000000,4.28125,4.375,4,4.15625,44937.28,0
AKAN.US,D,20250813,000000,4.21875,4.34375,4.0625,4.28125,17864.64,0
AKAN.US,D,20250814,000000,4.3125,4.33844,4.09375,4.25,11563.2,0
AKAN.US,D,20250815,000000,4.34375,4.46875,4.15625,4.25,15671.68,0
AKAN.US,D,20250818,000000,4.28125,4.29219,4.125,4.1875,3467.2000000000003,0
AKAN.US,D,20250819,000000,4.15625,4.3125,4.07094,4.125,6330.24,0
AKAN.US,D,20250820,000000,4.0625,4.09375,4,4.09375,540.48,0
AKAN.US,D,20250821,000000,4.09375,4.21875,4.0625,4.09375,5467.2,0
AKAN.US,D,20250822,000000,4.0625,4.17188,3.90625,3.9375,1470689.92,0
AKAN.US,D,20250825,000000,3.78125,4.21,3.53125,3.78125,181282.56,0
AKAN.US,D,20250826,000000,3.6,4.3898,3.22,4.36,755924,0
AKAN.US,D,20250827,000000,4.06,4.36,3.7575,3.92,155195,0
AKAN.US,D,20250828,000000,3.81,4.09,3.56,4.03,161106,0
AKAN.US,D,20250829,000000,3.93,3.99,3.65,3.66,43547,0
AKAN.US,D,20250902,000000,3.71,3.71,3.45,3.52,37640,0
AKAN.US,D,20250903,000000,3.52,3.86,3.35,3.63,156761,0
AKAN.US,D,20250904,000000,3.65,3.6753,3.3601,3.54,58734,0
AKAN.US,D,20250905,000000,3.52,3.58,3.38,3.45,21378,0
AKAN.US,D,20250908,000000,3.43,3.43,3.25,3.35,22658,0
AKAN.US,D,20250909,000000,3.35,3.36,3.14,3.29,51345,0
AKAN.US,D,20250910,000000,3.26,3.28,3.16,3.27,14638,0
AKAN.US,D,20250911,000000,3.27,3.42,3.27,3.39,14817,0
AKAN.US,D,20250912,000000,3.42,3.68,3.4,3.58,14199,0
AKAN.US,D,20250915,000000,3.59,3.62,3.3,3.3,15799,0
AKAN.US,D,20250916,000000,3.38,3.63,3.3,3.395,15270,0
AKAN.US,D,20250917,000000,3.42,3.7,3.3058,3.45,260152,0
AKAN.US,D,20250918,000000,3.45,3.66,3.3715,3.62,42026,0
AKAN.US,D,20250919,000000,3.57,3.59,3.5,3.52,16092,0
AKAN.US,D,20250922,000000,3.52,3.6794,3.48,3.6,13593,0
AKAN.US,D,20250923,000000,3.5632,3.65,3.5,3.63,26631,0
AKAN.US,D,20250924,000000,3.6,4.48,3.6,4.305,274742,0
AKAN.US,D,20250925,000000,4.02,4.1121,3.692,3.79,51716,0
AKAN.US,D,20250926,000000,3.75,4.1885,3.75,3.88,66910,0
AKAN.US,D,20250929,000000,4,5.2585,3.8274,4.77,771145,0
AKAN.US,D,20250930,000000,4.32,4.57,3.89,4.355,491412,0
AKAN.US,D,20251001,000000,4.64,9.29,3.26,3.37,31075793,0
AKAN.US,D,20251002,000000,3,3.3187,2.841,3.18,857847,0
AKAN.US,D,20251003,000000,3.18,3.1996,3,3.05,455405,0
AKAN.US,D,20251006,000000,2.91,2.9875,2.66,2.78,409845,0
AKAN.US,D,20251007,000000,2.71,2.74,2.2101,2.35,497546,0
AKAN.US,D,20251008,000000,2.36,2.68,2.28,2.45,469293,0
AKAN.US,D,20251009,000000,2.46,2.5,2.29,2.32,217575,0
AKAN.US,D,20251010,000000,2.3,2.45,2.165,2.18,356963,0
AKAN.US,D,20251013,000000,2.15,2.27,2.11,2.21,261141,0
AKAN.US,D,20251014,000000,2.22,2.41,2.22,2.37,164689,0
AKAN.US,D,20251015,000000,2.4,2.56,2.25,2.35,454882,0
AKAN.US,D,20251016,000000,2.35,2.5,2.22,2.23,9606404,0
AKAN.US,D,20251017,000000,2.75,2.84,2.24,2.29,16243408,0
AKAN.US,D,20251020,000000,2.22,2.5,2.15,2.21,1098497,0
AKAN.US,D,20251021,000000,2.18,2.4,2.135,2.2,601316,0
AKAN.US,D,20251022,000000,2.15,2.26,2.14,2.17,289911,0
AKAN.US,D,20251023,000000,2.14,2.3,2.1,2.29,355696,0
AKAN.US,D,20251024,000000,2.29,2.38,2.18,2.21,204900,0
AKAN.US,D,20251027,000000,2.19,2.2292,2.06,2.1,221715,0
AKAN.US,D,20251028,000000,2.07,2.08,1.93,1.94,200078,0
AKAN.US,D,20251029,000000,1.93,1.97,1.635,1.68,361316,0
AKAN.US,D,20251030,000000,1.6,1.67,1.54,1.61,124302,0
AKAN.US,D,20251031,000000,1.61,1.68,1.54,1.61,139701,0
AKAN.US,D,20251103,000000,1.63,1.775,1.56,1.57,200461,0
AKAN.US,D,20251104,000000,1.59,1.63,1.45,1.465,149114,0
AKAN.US,D,20251105,000000,1.46,1.46,1.35,1.38,97792,0
