<TICKER>,<PER>,<DATE>,<TIME>,<OPEN>,<HIGH>,<LOW>,<CLOSE>,<VOL>,<OPENINT>
ASPC.US,D,20250106,000000,9.96,9.97,9.9591,9.97,463347,0
ASPC.US,D,20250107,000000,9.97,9.97,9.97,9.97,309,0
ASPC.US,D,20250108,000000,9.97,9.97,9.97,9.97,120525,0
ASPC.US,D,20250110,000000,9.98,9.98,9.98,9.98,391,0
ASPC.US,D,20250114,000000,9.98,9.98,9.97,9.98,102207,0
ASPC.US,D,20250115,000000,9.98,9.98,9.98,9.98,2403,0
ASPC.US,D,20250116,000000,9.98,9.98,9.98,9.98,142336,0
ASPC.US,D,20250123,000000,10,10,9.99,9.99,2324,0
ASPC.US,D,20250124,000000,9.985,9.99,9.985,9.99,4051,0
ASPC.US,D,20250127,000000,9.99,9.99,9.985,9.99,1724,0
ASPC.US,D,20250128,000000,9.99,9.99,9.98,9.98,55809,0
ASPC.US,D,20250130,000000,9.99,9.99,9.99,9.99,34109,0
ASPC.US,D,20250131,000000,9.985,9.99,9.985,9.99,133967,0
ASPC.US,D,20250204,000000,10,10,10,10,6200,0
ASPC.US,D,20250207,000000,10,10.01,9.99,9.99,174921,0
ASPC.US,D,20250210,000000,10.02,10.02,10.02,10.02,9016,0
ASPC.US,D,20250213,000000,10.51,10.51,9.99,9.99,745,0
ASPC.US,D,20250221,000000,10.01,10.01,10.01,10.01,1300,0
ASPC.US,D,20250224,000000,10.02,10.025,10.02,10.025,10549,0
ASPC.US,D,20250226,000000,10.02,10.02,10.02,10.02,31041,0
ASPC.US,D,20250227,000000,10.03,10.03,10.02,10.02,330862,0
ASPC.US,D,20250228,000000,10.04,10.04,10.04,10.04,144,0
ASPC.US,D,20250304,000000,10.03,10.03,10.03,10.03,55995,0
ASPC.US,D,20250307,000000,10.03,10.04,10.03,10.04,172506,0
ASPC.US,D,20250310,000000,10.04,10.04,10.04,10.04,47002,0
ASPC.US,D,20250320,000000,10.07,10.07,10.07,10.07,881,0
ASPC.US,D,20250321,000000,10.07,10.07,10.07,10.07,2370,0
ASPC.US,D,20250326,000000,10.1,10.1,10.07,10.07,904,0
ASPC.US,D,20250327,000000,10.07,10.07,10.065,10.07,25601,0
ASPC.US,D,20250331,000000,10.06,10.06,10.06,10.06,877,0
ASPC.US,D,20250401,000000,10.085,10.09,10.085,10.09,1308,0
ASPC.US,D,20250403,000000,10.085,10.09,10.085,10.09,6222,0
ASPC.US,D,20250404,000000,10.095,10.1,10.095,10.1,4198,0
ASPC.US,D,20250408,000000,10.1,10.1,10.1,10.1,150002,0
ASPC.US,D,20250411,000000,10.11,10.11,10.1,10.1,9377,0
ASPC.US,D,20250421,000000,10.13,10.13,10.13,10.13,702,0
ASPC.US,D,20250422,000000,10.12,10.12,10.11,10.11,2656,0
ASPC.US,D,20250423,000000,10.11,10.11,10.11,10.11,2453,0
ASPC.US,D,20250424,000000,10.11,10.12,10.11,10.12,6768,0
ASPC.US,D,20250425,000000,10.11,10.11,10.11,10.11,2209,0
ASPC.US,D,20250428,000000,10.11,10.11,10.11,10.11,2058,0
ASPC.US,D,20250429,000000,10.11,10.11,10.11,10.11,1887,0
ASPC.US,D,20250430,000000,10.11,10.11,10.11,10.11,1843,0
ASPC.US,D,20250501,000000,10.12,10.13,10.11,10.13,8266,0
ASPC.US,D,20250502,000000,10.12,10.12,10.12,10.12,1669,0
ASPC.US,D,20250505,000000,10.12,10.14,10.12,10.14,6031,0
ASPC.US,D,20250506,000000,10.14,10.18,10.14,10.18,8253,0
ASPC.US,D,20250507,000000,10.15,10.15,10.14,10.14,2054,0
ASPC.US,D,20250508,000000,10.15,10.15,10.15,10.15,1447,0
ASPC.US,D,20250509,000000,10.15,10.15,10.15,10.15,5140,0
ASPC.US,D,20250512,000000,10.16,10.16,10.15,10.15,1742,0
ASPC.US,D,20250513,000000,10.15,10.15,10.15,10.15,1468,0
ASPC.US,D,20250514,000000,10.15,10.15,10.15,10.15,1087,0
ASPC.US,D,20250515,000000,10.15,10.18,10.15,10.18,36100,0
ASPC.US,D,20250516,000000,10.15,10.18,10.15,10.18,2175,0
ASPC.US,D,20250519,000000,10.18,10.22,10.17,10.21,26197,0
ASPC.US,D,20250520,000000,10.17,10.19,10.17,10.19,2602,0
ASPC.US,D,20250521,000000,10.17,10.21,10.17,10.21,5322,0
ASPC.US,D,20250522,000000,10.18,10.22,10.18,10.22,2448,0
ASPC.US,D,20250523,000000,10.17,10.22,10.17,10.22,2114,0
ASPC.US,D,20250527,000000,10.28,10.28,10.17,10.21,3104,0
ASPC.US,D,20250528,000000,10.18,10.21,10.17,10.19,2104,0
ASPC.US,D,20250529,000000,10.18,10.18,10.16,10.16,108195,0
ASPC.US,D,20250602,000000,10.17,10.17,10.17,10.17,4001,0
ASPC.US,D,20250603,000000,10.18,10.2,10.18,10.2,30050,0
ASPC.US,D,20250604,000000,10.2,10.2,10.2,10.2,29278,0
ASPC.US,D,20250617,000000,10.25,10.25,10.25,10.25,1334,0
ASPC.US,D,20250618,000000,10.215,10.215,10.215,10.215,3648,0
ASPC.US,D,20250624,000000,10.23,10.25,10.23,10.25,9500,0
ASPC.US,D,20250702,000000,10.21,10.23,10.21,10.23,897,0
ASPC.US,D,20250703,000000,10.23,10.23,10.23,10.23,1929,0
ASPC.US,D,20250707,000000,10.27,10.27,10.27,10.27,148,0
ASPC.US,D,20250708,000000,10.27,10.27,10.27,10.27,130,0
ASPC.US,D,20250709,000000,10.27,10.27,10.27,10.27,101,0
ASPC.US,D,20250711,000000,10.24,10.26,10.24,10.24,406,0
ASPC.US,D,20250714,000000,10.25,10.25,10.25,10.25,2805,0
ASPC.US,D,20250715,000000,10.25,10.25,10.25,10.25,45150,0
ASPC.US,D,20250716,000000,10.27,10.27,10.27,10.27,1734,0
ASPC.US,D,20250718,000000,10.26,10.26,10.26,10.26,543,0
ASPC.US,D,20250723,000000,10.26,10.26,10.26,10.26,5002,0
ASPC.US,D,20250807,000000,10.27,10.2701,10.27,10.2701,537,0
ASPC.US,D,20250818,000000,10.29,10.29,10.29,10.29,2001,0
ASPC.US,D,20250819,000000,10.3,10.3,10.3,10.3,275,0
ASPC.US,D,20250822,000000,10.31,10.31,10.31,10.31,1180,0
ASPC.US,D,20250827,000000,10.3,10.3,10.3,10.3,30021,0
ASPC.US,D,20250902,000000,10.3,10.3,10.3,10.3,112,0
ASPC.US,D,20250912,000000,10.33,10.33,10.33,10.33,1128,0
ASPC.US,D,20250915,000000,10.34,10.34,10.34,10.34,4715,0
ASPC.US,D,20250919,000000,10.379,10.379,10.379,10.379,290,0
ASPC.US,D,20250922,000000,10.33,10.33,10.33,10.33,101,0
ASPC.US,D,20250923,000000,10.38,10.38,10.33,10.33,2001,0
ASPC.US,D,20250925,000000,10.33,10.35,10.33,10.35,3712,0
ASPC.US,D,20250926,000000,10.35,10.35,10.35,10.35,75000,0
ASPC.US,D,20250930,000000,10.34,10.35,10.34,10.34,3303,0
ASPC.US,D,20251001,000000,10.34,10.34,10.34,10.34,1201,0
ASPC.US,D,20251002,000000,10.35,10.35,10.34,10.34,14118,0
ASPC.US,D,20251006,000000,10.35,10.35,10.35,10.35,42962,0
ASPC.US,D,20251014,000000,10.36,10.36,10.36,10.36,2000,0
ASPC.US,D,20251015,000000,10.36,10.36,10.36,10.36,1001,0
ASPC.US,D,20251016,000000,10.351,10.36,10.35,10.35,73411,0
ASPC.US,D,20251017,000000,10.35,10.36,10.35,10.36,3286,0
ASPC.US,D,20251020,000000,10.35,10.35,10.35,10.35,1336,0
ASPC.US,D,20251022,000000,10.35,10.35,10.35,10.35,281,0
ASPC.US,D,20251028,000000,10.51,10.51,10.37,10.37,1004,0
ASPC.US,D,20251029,000000,10.51,10.51,10.37,10.37,1022,0
ASPC.US,D,20251030,000000,10.45,10.45,10.45,10.45,1000,0
ASPC.US,D,20251031,000000,10.51,10.53,10.38,10.5,9229,0
ASPC.US,D,20251103,000000,10.5,11.9,10.38,11.11,20524,0
ASPC.US,D,20251104,000000,11.05,11.8,11.05,11.41,4963,0
ASPC.US,D,20251105,000000,11.4,11.46,11.03,11.21,2881,0
