<TICKER>,<PER>,<DATE>,<TIME>,<OPEN>,<HIGH>,<LOW>,<CLOSE>,<VOL>,<OPENINT>
ATII.US,D,20250403,000000,9.98,10,9.97,9.97,700116,0
ATII.US,D,20250404,000000,9.97,9.975,9.96,9.965,307016,0
ATII.US,D,20250407,000000,9.96,9.97,9.96,9.97,176933,0
ATII.US,D,20250408,000000,9.97,9.97,9.97,9.97,125296,0
ATII.US,D,20250409,000000,9.96,9.97,9.96,9.97,5208,0
ATII.US,D,20250410,000000,9.97,9.97,9.965,9.97,624931,0
ATII.US,D,20250411,000000,9.96,9.97,9.96,9.97,2463,0
ATII.US,D,20250414,000000,9.97,9.97,9.965,9.97,102754,0
ATII.US,D,20250415,000000,9.96,9.97,9.96,9.965,3765,0
ATII.US,D,20250416,000000,9.97,9.97,9.96,9.965,55798,0
ATII.US,D,20250417,000000,9.965,9.965,9.965,9.965,324213,0
ATII.US,D,20250421,000000,9.96,9.97,9.96,9.97,3298,0
ATII.US,D,20250422,000000,9.97,10.01,9.96,9.97,1012102,0
ATII.US,D,20250423,000000,9.97,9.98,9.97,9.98,1209,0
ATII.US,D,20250424,000000,9.97,9.98,9.97,9.975,95166,0
ATII.US,D,20250425,000000,9.98,10,9.97,10,1045655,0
ATII.US,D,20250428,000000,10,10,10,10,68712,0
ATII.US,D,20250429,000000,10,10.03,10,10.0299,158195,0
ATII.US,D,20250430,000000,10.03,10.05,10.03,10.05,326044,0
ATII.US,D,20250501,000000,10.04,10.06,10.04,10.06,476108,0
ATII.US,D,20250502,000000,10.06,10.06,10.04,10.05,363325,0
ATII.US,D,20250505,000000,10.05,10.05,10.04,10.05,59290,0
ATII.US,D,20250506,000000,10.045,10.05,10.045,10.05,187979,0
ATII.US,D,20250507,000000,10.06,10.07,10.06,10.07,6961,0
ATII.US,D,20250508,000000,10.07,10.07,10.06,10.06,203719,0
ATII.US,D,20250509,000000,10.07,10.07,10.06,10.06,1499,0
ATII.US,D,20250512,000000,10.07,10.07,10.05,10.06,6691,0
ATII.US,D,20250513,000000,10.09,10.09,10.05,10.08,96753,0
ATII.US,D,20250514,000000,10.05,10.07,10.05,10.07,30624,0
ATII.US,D,20250515,000000,10.07,10.08,10.06,10.08,110474,0
ATII.US,D,20250516,000000,10.08,10.08,10.07,10.07,1710,0
ATII.US,D,20250519,000000,10.08,10.08,10.08,10.08,407,0
ATII.US,D,20250520,000000,10.06,10.06,10.06,10.06,1229,0
ATII.US,D,20250521,000000,10.06,10.07,10.06,10.07,57566,0
ATII.US,D,20250522,000000,10.07,10.07,10.07,10.07,766,0
ATII.US,D,20250523,000000,10.08,10.09,10.08,10.08,16700,0
ATII.US,D,20250527,000000,10.07,10.09,10.07,10.09,427,0
ATII.US,D,20250528,000000,10.09,10.11,10.09,10.09,111794,0
ATII.US,D,20250529,000000,10.11,10.12,10.11,10.12,32804,0
ATII.US,D,20250530,000000,10.11,10.11,10.11,10.11,519,0
ATII.US,D,20250602,000000,10.12,10.12,10.12,10.12,249,0
ATII.US,D,20250603,000000,10.15,10.15,10.15,10.15,10142,0
ATII.US,D,20250604,000000,10.1501,10.16,10.1501,10.16,5377,0
ATII.US,D,20250605,000000,10.15,10.165,10.15,10.1604,26367,0
ATII.US,D,20250606,000000,10.16,10.17,10.16,10.17,11124,0
ATII.US,D,20250609,000000,10.179,10.19,10.179,10.18,287232,0
ATII.US,D,20250610,000000,10.185,10.19,10.1835,10.1898,4825,0
ATII.US,D,20250611,000000,10.19,10.195,10.18,10.19,268557,0
ATII.US,D,20250612,000000,10.185,10.2,10.185,10.19,346720,0
ATII.US,D,20250613,000000,10.2,10.205,10.2,10.205,11241,0
ATII.US,D,20250616,000000,10.21,10.21,10.21,10.21,1215,0
ATII.US,D,20250617,000000,10.22,10.22,10.2,10.21,286067,0
ATII.US,D,20250620,000000,10.185,10.21,10.185,10.21,944,0
ATII.US,D,20250624,000000,10.16,10.22,10.16,10.22,1040,0
ATII.US,D,20250625,000000,10.21,10.21,10.2,10.21,42804,0
ATII.US,D,20250626,000000,10.19,10.21,10.19,10.21,884,0
ATII.US,D,20250627,000000,10.12,10.23,10.12,10.23,217358,0
ATII.US,D,20250630,000000,10.23,10.2375,10.22,10.23,14065,0
ATII.US,D,20250701,000000,10.23,10.23,10.22,10.22,75301,0
ATII.US,D,20250702,000000,10.2246,10.2246,10.2,10.2152,324205,0
ATII.US,D,20250703,000000,10.205,10.2261,10.205,10.2261,804,0
ATII.US,D,20250707,000000,10.23,10.23,10.23,10.23,193,0
ATII.US,D,20250708,000000,10.23,10.23,10.21,10.21,8772,0
ATII.US,D,20250709,000000,10.21,10.21,10.1962,10.1962,536,0
ATII.US,D,20250710,000000,10.21,10.21,10.21,10.21,14221,0
ATII.US,D,20250711,000000,10.2,10.21,10.2,10.21,47920,0
ATII.US,D,20250714,000000,10.2031,10.22,10.2031,10.21,3112,0
ATII.US,D,20250717,000000,10.21,10.21,10.21,10.21,245,0
ATII.US,D,20250718,000000,10.21,10.21,10.2,10.21,48242,0
ATII.US,D,20250721,000000,10.23,10.23,10.225,10.23,3645,0
ATII.US,D,20250723,000000,10.2246,10.2246,10.2246,10.2246,5035,0
ATII.US,D,20250728,000000,10.22,10.22,10.22,10.22,218,0
ATII.US,D,20250729,000000,10.2,10.23,10.2,10.22,143229,0
ATII.US,D,20250731,000000,10.225,10.23,10.215,10.215,11991,0
ATII.US,D,20250801,000000,10.22,10.22,10.2,10.2,155012,0
ATII.US,D,20250805,000000,10.23,10.23,10.1999,10.23,263531,0
ATII.US,D,20250806,000000,10.2084,10.23,10.2084,10.23,1110,0
ATII.US,D,20250807,000000,10.23,10.23,10.23,10.23,3556,0
ATII.US,D,20250808,000000,10.23,10.23,10.23,10.23,106,0
ATII.US,D,20250811,000000,10.23,10.23,10.2,10.2,217935,0
ATII.US,D,20250812,000000,10.21,10.21,10.21,10.21,309,0
ATII.US,D,20250813,000000,10.21,10.23,10.19,10.21,10378,0
ATII.US,D,20250814,000000,10.19,10.215,10.19,10.19,3200,0
ATII.US,D,20250815,000000,10.2,10.2,10.2,10.2,25006,0
ATII.US,D,20250818,000000,10.2,10.215,10.2,10.21,3833,0
ATII.US,D,20250819,000000,10.2003,10.2003,10.2,10.2,6000,0
ATII.US,D,20250820,000000,10.19,10.195,10.19,10.19,57017,0
ATII.US,D,20250821,000000,10.19,10.19,10.19,10.19,4971,0
ATII.US,D,20250822,000000,10.19,10.19,10.19,10.19,141,0
ATII.US,D,20250825,000000,10.2,10.215,10.2,10.215,1131,0
ATII.US,D,20250826,000000,10.21,10.22,10.205,10.21,463712,0
ATII.US,D,20250827,000000,10.21,10.21,10.2,10.2,1121,0
ATII.US,D,20250828,000000,10.205,10.2065,10.2,10.2065,5605,0
ATII.US,D,20250902,000000,10.205,10.205,10.2,10.2,3076,0
ATII.US,D,20250904,000000,10.21,10.21,10.2,10.2,341492,0
ATII.US,D,20250905,000000,10.22,10.22,10.21,10.21,11363,0
ATII.US,D,20250908,000000,10.21,10.21,10.2,10.2,184381,0
ATII.US,D,20250909,000000,10.2,10.2,10.19,10.2,300030,0
ATII.US,D,20250910,000000,10.21,10.21,10.2,10.2,1426,0
ATII.US,D,20250911,000000,10.2,10.26,10.2,10.25,5725,0
ATII.US,D,20250912,000000,10.21,10.22,10.2,10.2,2192,0
ATII.US,D,20250915,000000,10.2,10.2,10.195,10.2,12095,0
ATII.US,D,20250916,000000,10.2,10.2,10.2,10.2,202,0
ATII.US,D,20250918,000000,10.21,10.21,10.21,10.21,101,0
ATII.US,D,20250919,000000,10.215,10.22,10.2,10.2,5174,0
ATII.US,D,20250923,000000,10.21,10.22,10.19,10.21,45463,0
ATII.US,D,20250924,000000,10.27,10.27,10.27,10.27,171,0
ATII.US,D,20250925,000000,10.26,10.26,10.21,10.2103,5688,0
ATII.US,D,20251008,000000,10.24,10.24,10.24,10.24,12369,0
ATII.US,D,20251010,000000,10.245,10.25,10.245,10.25,4231,0
ATII.US,D,20251013,000000,10.27,10.27,10.27,10.27,14358,0
ATII.US,D,20251014,000000,10.49,10.49,10.31,10.34,40441,0
ATII.US,D,20251015,000000,10.31,10.365,10.31,10.36,72370,0
ATII.US,D,20251016,000000,10.3357,10.35,10.335,10.335,9389,0
ATII.US,D,20251017,000000,10.35,10.35,10.35,10.35,266,0
ATII.US,D,20251020,000000,10.3101,10.35,10.31,10.35,24879,0
ATII.US,D,20251021,000000,10.33,10.36,10.33,10.35,12743,0
ATII.US,D,20251023,000000,10.35,10.35,10.335,10.335,795,0
ATII.US,D,20251024,000000,10.35,10.37,10.35,10.37,30426,0
ATII.US,D,20251027,000000,10.38,10.38,10.38,10.38,2818,0
ATII.US,D,20251028,000000,10.38,10.38,10.38,10.38,201,0
ATII.US,D,20251029,000000,10.38,10.38,10.38,10.38,275,0
ATII.US,D,20251030,000000,10.37,10.37,10.32,10.36,5259,0
ATII.US,D,20251031,000000,10.32,10.36,10.32,10.36,461,0
ATII.US,D,20251103,000000,10.36,10.36,10.32,10.32,5496,0
ATII.US,D,20251104,000000,10.36,10.36,10.36,10.36,1528,0
ATII.US,D,20251105,000000,10.36,10.38,10.36,10.38,10797,0
