<TICKER>,<PER>,<DATE>,<TIME>,<OPEN>,<HIGH>,<LOW>,<CLOSE>,<VOL>,<OPENINT>
BACCU.US,D,20250613,000000,10.03,10.05,10.03,10.03,8766160,0
BACCU.US,D,20250616,000000,10.04,10.065,10.04,10.06,967424,0
BACCU.US,D,20250617,000000,10.04,10.06,10.04,10.04,482686,0
BACCU.US,D,20250618,000000,10.04,10.25,10.04,10.05,318773,0
BACCU.US,D,20250620,000000,10.09,10.1,10.065,10.09,19739,0
BACCU.US,D,20250623,000000,10.07,10.07,10.05,10.06,41326,0
BACCU.US,D,20250624,000000,10.06,10.1,10.05,10.07,117867,0
BACCU.US,D,20250625,000000,10.05,10.06,10.05,10.05,210088,0
BACCU.US,D,20250626,000000,10.05,10.07,10.05,10.055,44360,0
BACCU.US,D,20250627,000000,10.1,10.1,10.06,10.07,3614,0
BACCU.US,D,20250630,000000,10.06,10.06,10.04,10.04,9315,0
BACCU.US,D,20250701,000000,10.04,10.06,10.04,10.04,621179,0
BACCU.US,D,20250702,000000,10.04,10.04,10.04,10.04,15779,0
BACCU.US,D,20250703,000000,10.04,10.05,10.04,10.0433,4191,0
BACCU.US,D,20250707,000000,10.04,10.04,10.01,10.03,220160,0
BACCU.US,D,20250708,000000,10.03,10.05,10.03,10.035,308120,0
BACCU.US,D,20250709,000000,10.04,10.05,10.04,10.04,23779,0
BACCU.US,D,20250710,000000,10.0567,10.0567,10.04,10.04,21520,0
BACCU.US,D,20250711,000000,10.04,10.05,10.04,10.04,25131,0
BACCU.US,D,20250714,000000,10.0451,10.0451,10.04,10.04,5703,0
BACCU.US,D,20250715,000000,10.04,10.05,10.04,10.05,5990,0
BACCU.US,D,20250716,000000,10.04,10.04,10.04,10.04,1673,0
BACCU.US,D,20250717,000000,10.04,10.04,10.04,10.04,150001,0
BACCU.US,D,20250718,000000,10.05,10.0553,10.05,10.0553,1588,0
BACCU.US,D,20250721,000000,10.06,10.06,10.05,10.05,2610,0
BACCU.US,D,20250722,000000,10.05,10.05,10.05,10.05,316,0
BACCU.US,D,20250723,000000,10.08,10.095,10.08,10.09,92575,0
BACCU.US,D,20250724,000000,10.08,10.095,10.08,10.095,6657,0
BACCU.US,D,20250725,000000,10.0901,10.11,10.09,10.11,51092,0
BACCU.US,D,20250728,000000,10.12,10.13,10.12,10.12,22388,0
BACCU.US,D,20250729,000000,10.14,10.14,10.0947,10.11,26441,0
BACCU.US,D,20250730,000000,10.11,10.11,10.1,10.1,26165,0
BACCU.US,D,20250731,000000,10.1,10.1,10.08,10.09,108036,0
BACCU.US,D,20250801,000000,10.09,10.1,10.09,10.1,281327,0
BACCU.US,D,20250804,000000,10.14,10.14,10.1,10.11,613397,0
BACCU.US,D,20250805,000000,10.11,10.1475,10.1,10.11,20531,0
BACCU.US,D,20250806,000000,10.11,10.11,10.08,10.095,112745,0
BACCU.US,D,20250807,000000,10.1,10.105,10.09,10.105,8018,0
BACCU.US,D,20250808,000000,10.0928,10.1067,10.09,10.09,1040,0
BACCU.US,D,20250811,000000,10.09,10.12,10.09,10.11,28200,0
BACCU.US,D,20250812,000000,10.29,10.4122,10.1,10.1,34034,0
BACCU.US,D,20250813,000000,10.1,10.1,10.09,10.1,3565,0
BACCU.US,D,20250814,000000,10.12,10.12,10.09,10.12,1153,0
BACCU.US,D,20250815,000000,10.09,10.15,10.09,10.15,608,0
BACCU.US,D,20250818,000000,10.12,10.12,10.09,10.09,1117,0
BACCU.US,D,20250819,000000,10.1,10.16,10.1,10.1,779,0
BACCU.US,D,20250820,000000,10.14,10.14,10.09,10.09,583,0
BACCU.US,D,20250821,000000,10.15,10.15,10.09,10.13,158682,0
BACCU.US,D,20250822,000000,10.1,10.16,10.1,10.1,354,0
BACCU.US,D,20250825,000000,10.09,10.09,10.09,10.09,8377,0
BACCU.US,D,20250826,000000,10.09,10.09,10.07,10.07,5220,0
BACCU.US,D,20250827,000000,10.15,10.15,10.09,10.09,207,0
BACCU.US,D,20250828,000000,10.1,10.1,10.09,10.09,1987,0
BACCU.US,D,20250829,000000,10.09,10.09,10.09,10.09,184,0
BACCU.US,D,20250903,000000,10.09,10.12,10.08,10.08,7668,0
BACCU.US,D,20250904,000000,10.09,10.09,10.09,10.09,3919,0
BACCU.US,D,20250905,000000,10.09,10.09,10.09,10.09,4921,0
BACCU.US,D,20250908,000000,10.1,10.1,10.1,10.1,174,0
BACCU.US,D,20250909,000000,10.1,10.1,10.1,10.1,176,0
BACCU.US,D,20250910,000000,10.1,10.109,10.1,10.109,668,0
BACCU.US,D,20250911,000000,10.1,10.1,10.1,10.1,145,0
BACCU.US,D,20250912,000000,10.1,10.1,10.1,10.1,1812,0
BACCU.US,D,20250915,000000,10.12,10.12,10.1,10.11,36960,0
BACCU.US,D,20250916,000000,10.12,10.12,10.12,10.12,160,0
BACCU.US,D,20250917,000000,10.11,10.11,10.11,10.11,102,0
BACCU.US,D,20250918,000000,10.12,10.12,10.12,10.12,152,0
BACCU.US,D,20250919,000000,10.15,10.17,10.12,10.12,1105,0
BACCU.US,D,20250922,000000,10.11,10.11,10.11,10.11,131,0
BACCU.US,D,20250923,000000,10.14,10.14,10.12,10.12,393,0
BACCU.US,D,20250924,000000,10.12,10.12,10.09,10.09,433,0
BACCU.US,D,20251002,000000,10.17,10.17,10.17,10.17,862,0
BACCU.US,D,20251003,000000,10.15,10.15,10.15,10.15,687,0
BACCU.US,D,20251006,000000,10.15,10.15,10.15,10.15,116,0
BACCU.US,D,20251008,000000,10.17,10.17,10.17,10.17,180,0
BACCU.US,D,20251014,000000,10.17,10.17,10.17,10.17,240,0
BACCU.US,D,20251015,000000,10.22,10.22,10.12,10.2,47806,0
BACCU.US,D,20251016,000000,10.2,10.2,10.2,10.2,2700,0
BACCU.US,D,20251021,000000,10.479,10.479,10.22,10.22,300,0
BACCU.US,D,20251103,000000,10.35,10.35,10.24,10.24,1127,0
BACCU.US,D,20251105,000000,10.5,10.5,10.5,10.5,291,0
