<TICKER>,<PER>,<DATE>,<TIME>,<OPEN>,<HIGH>,<LOW>,<CLOSE>,<VOL>,<OPENINT>
CAPS.US,D,20250306,000000,3.5,4,3.41,3.9,404913,0
CAPS.US,D,20250307,000000,3.8,3.8,3.25,3.32,39044,0
CAPS.US,D,20250310,000000,3.9,3.9,3.05,3.11,75545,0
CAPS.US,D,20250311,000000,2.92,3.4999,2.92,3.01,68917,0
CAPS.US,D,20250312,000000,3.04,3.25,2.42,3,40786,0
CAPS.US,D,20250313,000000,3.07,3.151,2.5,2.52,17976,0
CAPS.US,D,20250314,000000,3.1,3.19,2.2,2.5,219643,0
CAPS.US,D,20250317,000000,2.8,3.63,2.55,2.98,4271890,0
CAPS.US,D,20250318,000000,2.83,2.865,2.08,2.22,130565,0
CAPS.US,D,20250319,000000,2.09,2.4294,1.8,2.19,117301,0
CAPS.US,D,20250320,000000,2.1,2.2486,2.1,2.13,28782,0
CAPS.US,D,20250321,000000,2.0017,2.2,1.72,1.72,97830,0
CAPS.US,D,20250324,000000,1.97,4.18,1.9495,2.77,13600311,0
CAPS.US,D,20250325,000000,2.6,3.04,2.51,2.92,363065,0
CAPS.US,D,20250326,000000,3.2,3.2663,2.6501,2.8,133204,0
CAPS.US,D,20250327,000000,2.7,2.8,2.46,2.5,43184,0
CAPS.US,D,20250328,000000,2.42,2.6,2.36,2.4,16129,0
CAPS.US,D,20250331,000000,2.3,2.63,2.05,2.41,148904,0
CAPS.US,D,20250401,000000,2.32,2.84,2.25,2.34,262798,0
CAPS.US,D,20250402,000000,2.45,2.5,2.0015,2.36,156435,0
CAPS.US,D,20250403,000000,2.1,2.24,2,2.08,35603,0
CAPS.US,D,20250404,000000,1.95,2.01,1.8001,1.92,24100,0
CAPS.US,D,20250407,000000,1.8,1.94,1.6501,1.82,65577,0
CAPS.US,D,20250408,000000,1.961,2.77,1.95,2.53,378103,0
CAPS.US,D,20250409,000000,2.48,2.7,2.41,2.52,45587,0
CAPS.US,D,20250410,000000,2.6,2.6499,2.39,2.4184,9226,0
CAPS.US,D,20250411,000000,2.41,2.6,2.37,2.38,35603,0
CAPS.US,D,20250414,000000,2.55,3,2.42,2.9,101646,0
CAPS.US,D,20250415,000000,2.853,2.9976,2.7172,2.75,11113,0
CAPS.US,D,20250416,000000,2.75,2.97,2.12,2.19,90343,0
CAPS.US,D,20250417,000000,2.19,2.29,1.9257,2.02,26013,0
CAPS.US,D,20250421,000000,2.03,2.25,2,2.03,27906,0
CAPS.US,D,20250422,000000,2.08,2.08,1.95,2.03,21009,0
CAPS.US,D,20250423,000000,2.09,2.09,1.98,2.02,16220,0
CAPS.US,D,20250424,000000,2.03,2.15,1.975,2.05,13394,0
CAPS.US,D,20250425,000000,2.19,2.21,2,2.01,52796,0
CAPS.US,D,20250428,000000,2.04,2.04,2.02,2.03,1874,0
CAPS.US,D,20250429,000000,2.03,2.06,1.9855,2,4068,0
CAPS.US,D,20250430,000000,2.02,2.02,1.729,1.76,14199,0
CAPS.US,D,20250501,000000,1.82,1.95,1.82,1.9,12890,0
CAPS.US,D,20250502,000000,1.9,1.9,1.76,1.88,15970,0
CAPS.US,D,20250505,000000,1.83,1.9,1.745,1.78,4838,0
CAPS.US,D,20250506,000000,1.7484,1.8292,1.71,1.8292,5376,0
CAPS.US,D,20250507,000000,1.79,1.79,1.7,1.7,7104,0
CAPS.US,D,20250508,000000,1.7201,1.81,1.68,1.76,15012,0
CAPS.US,D,20250509,000000,1.58,1.77,1.58,1.75,5638,0
CAPS.US,D,20250512,000000,1.7136,2.21,1.59,1.92,618122,0
CAPS.US,D,20250513,000000,1.87,1.94,1.7356,1.77,70670,0
CAPS.US,D,20250514,000000,1.76,2.05,1.75,1.75,7469,0
CAPS.US,D,20250515,000000,1.84,1.92,1.65,1.66,17149,0
CAPS.US,D,20250516,000000,2.76,3.29,2.16,2.45,21665221,0
CAPS.US,D,20250519,000000,2.15,2.2699,1.89,2.09,522621,0
CAPS.US,D,20250520,000000,2,2.1,1.9401,1.97,147670,0
CAPS.US,D,20250521,000000,2,2.14,1.9,1.95,232958,0
CAPS.US,D,20250522,000000,2.05,2.065,1.9,1.91,76194,0
CAPS.US,D,20250523,000000,1.96,2,1.9,1.94,73861,0
CAPS.US,D,20250527,000000,1.91,1.98,1.9,1.92,42583,0
CAPS.US,D,20250528,000000,1.95,1.9599,1.82,1.84,31296,0
CAPS.US,D,20250529,000000,1.9,2.0299,1.7401,1.8,69298,0
CAPS.US,D,20250530,000000,1.9,1.9,1.7506,1.82,28261,0
CAPS.US,D,20250602,000000,1.87,2.04,1.81,1.92,67650,0
CAPS.US,D,20250603,000000,1.91,1.9985,1.8518,1.93,33769,0
CAPS.US,D,20250604,000000,1.88,1.94,1.85,1.9,24993,0
CAPS.US,D,20250605,000000,1.94,1.95,1.804,1.9,24394,0
CAPS.US,D,20250606,000000,1.84,1.93,1.8109,1.86,19216,0
CAPS.US,D,20250609,000000,1.94,1.94,1.82,1.88,21747,0
CAPS.US,D,20250610,000000,1.95,1.95,1.89,1.89,11052,0
CAPS.US,D,20250611,000000,1.86,1.97,1.81,1.92,14786,0
CAPS.US,D,20250612,000000,1.97,1.97,1.826,1.86,27680,0
CAPS.US,D,20250613,000000,1.87,1.94,1.76,1.79,34745,0
CAPS.US,D,20250616,000000,1.89,1.92,1.77,1.89,29177,0
CAPS.US,D,20250617,000000,1.92,1.97,1.86,1.88,42887,0
CAPS.US,D,20250618,000000,1.905,1.905,1.85,1.88,9709,0
CAPS.US,D,20250620,000000,1.95,1.95,1.76,1.76,36582,0
CAPS.US,D,20250623,000000,1.77,1.933,1.73,1.77,23026,0
CAPS.US,D,20250624,000000,1.75,1.83,1.6702,1.7,29991,0
CAPS.US,D,20250625,000000,1.67,1.74,1.67,1.74,15361,0
CAPS.US,D,20250626,000000,1.73,1.8,1.7,1.7,20092,0
CAPS.US,D,20250627,000000,1.7,1.72,1.67,1.67,8074,0
CAPS.US,D,20250630,000000,1.85,1.94,1.75,1.8,221701,0
CAPS.US,D,20250701,000000,1.54,1.65,1.4,1.42,824083,0
CAPS.US,D,20250702,000000,1.41,1.53,1.41,1.52,99542,0
CAPS.US,D,20250703,000000,1.5,1.5991,1.5,1.51,10633,0
CAPS.US,D,20250707,000000,1.52,1.55,1.3,1.42,134530,0
CAPS.US,D,20250708,000000,1.4,1.4,1.31,1.36,31132,0
CAPS.US,D,20250709,000000,1.4,1.51,1.36,1.48,65539,0
CAPS.US,D,20250710,000000,1.5,1.52,1.43,1.43,33824,0
CAPS.US,D,20250711,000000,1.43,1.67,1.43,1.61,107772,0
CAPS.US,D,20250714,000000,1.53,1.61,1.53,1.59,57913,0
CAPS.US,D,20250715,000000,1.61,1.64,1.51,1.51,36510,0
CAPS.US,D,20250716,000000,1.55,1.6737,1.49,1.49,20957,0
CAPS.US,D,20250717,000000,1.55,1.62,1.51,1.62,18872,0
CAPS.US,D,20250718,000000,1.63,1.66,1.5524,1.62,49506,0
CAPS.US,D,20250721,000000,1.6,1.63,1.56,1.62,35153,0
CAPS.US,D,20250722,000000,1.5705,1.6152,1.5705,1.6,5298,0
CAPS.US,D,20250723,000000,1.6,1.7389,1.59,1.68,65224,0
CAPS.US,D,20250724,000000,1.67,1.68,1.6,1.6,39954,0
CAPS.US,D,20250725,000000,1.63,1.6396,1.58,1.595,16998,0
CAPS.US,D,20250728,000000,1.62,1.6285,1.52,1.56,47453,0
CAPS.US,D,20250729,000000,1.59,1.7808,1.56,1.78,103432,0
CAPS.US,D,20250730,000000,1.74,2,1.6,1.67,372001,0
CAPS.US,D,20250731,000000,1.61,1.9395,1.6,1.66,569105,0
CAPS.US,D,20250801,000000,1.62,1.69,1.29,1.44,178939,0
CAPS.US,D,20250804,000000,1.44,1.59,1.32,1.485,253733,0
CAPS.US,D,20250805,000000,1.41,1.5,1.3,1.4,74590,0
CAPS.US,D,20250806,000000,1.44,1.54,1.36,1.36,39383,0
CAPS.US,D,20250807,000000,1.49,1.49,1.29,1.32,65931,0
CAPS.US,D,20250808,000000,1.3,1.385,1.29,1.32,57254,0
CAPS.US,D,20250811,000000,1.3,1.34,1.2212,1.24,21632,0
CAPS.US,D,20250812,000000,1.24,1.3,1.2,1.25,93132,0
CAPS.US,D,20250813,000000,1.25,1.2897,1.24,1.25,24233,0
CAPS.US,D,20250814,000000,1.27,1.3,1.22,1.29,44015,0
CAPS.US,D,20250815,000000,1.28,1.46,1.22,1.24,419965,0
CAPS.US,D,20250818,000000,1.24,1.24,1.11,1.14,153227,0
CAPS.US,D,20250819,000000,1.07,1.16,1.03,1.09,90547,0
CAPS.US,D,20250820,000000,1.15,1.15,0.98,1.02,61314,0
CAPS.US,D,20250821,000000,1.03,1.03,0.9609,1.01,32623,0
CAPS.US,D,20250822,000000,1,1.14,1,1.1,112544,0
CAPS.US,D,20250825,000000,1.87,2.07,1.58,1.71,105018631,0
CAPS.US,D,20250826,000000,1.35,1.54,1.27,1.42,2164494,0
CAPS.US,D,20250827,000000,1.3,1.38,1.23,1.23,588878,0
CAPS.US,D,20250828,000000,1.22,1.28,1.2,1.22,312262,0
CAPS.US,D,20250829,000000,1.28,1.3,1.21,1.22,219036,0
CAPS.US,D,20250902,000000,1.16,1.25,1.15,1.18,327514,0
CAPS.US,D,20250903,000000,1.16,1.2,1.15,1.17,117778,0
CAPS.US,D,20250904,000000,1.17,1.19,1.135,1.14,85914,0
CAPS.US,D,20250905,000000,1.16,1.2,1.11,1.18,94773,0
CAPS.US,D,20250908,000000,1.2,1.2,1.14,1.16,137523,0
CAPS.US,D,20250909,000000,1.11,1.1596,1.11,1.13,115129,0
CAPS.US,D,20250910,000000,1.11,1.22,1.11,1.17,283770,0
CAPS.US,D,20250911,000000,1.16,1.29,1.14,1.26,295661,0
CAPS.US,D,20250912,000000,1.3,1.3,1.2201,1.28,156958,0
CAPS.US,D,20250915,000000,1.28,1.3092,1.25,1.28,103445,0
CAPS.US,D,20250916,000000,1.26,1.2752,1.21,1.25,66130,0
CAPS.US,D,20250917,000000,1.25,1.3,1.15,1.26,7448438,0
CAPS.US,D,20250918,000000,1.45,1.57,1.342,1.52,4856289,0
CAPS.US,D,20250919,000000,1.52,1.54,1.38,1.4,467054,0
CAPS.US,D,20250922,000000,1.38,1.38,1.26,1.33,216172,0
CAPS.US,D,20250923,000000,1.32,1.3696,1.26,1.3,87882,0
CAPS.US,D,20250924,000000,1.32,1.3395,1.2798,1.29,67999,0
CAPS.US,D,20250925,000000,1.27,1.3,1.25,1.28,52705,0
CAPS.US,D,20250926,000000,1.27,1.29,1.21,1.25,57765,0
CAPS.US,D,20250929,000000,1.24,1.34,1.231,1.32,160956,0
CAPS.US,D,20250930,000000,1.3,1.35,1.285,1.31,58546,0
CAPS.US,D,20251001,000000,1.4,1.5,1.28,1.28,12369871,0
CAPS.US,D,20251002,000000,1.25,1.4397,1.25,1.4,729580,0
CAPS.US,D,20251003,000000,1.37,1.39,1.29,1.31,295876,0
CAPS.US,D,20251006,000000,1.32,1.33,1.18,1.19,308452,0
CAPS.US,D,20251007,000000,1.23,1.365,1.15,1.19,4979331,0
CAPS.US,D,20251008,000000,1.17,1.245,1.16,1.19,483424,0
CAPS.US,D,20251009,000000,1.2,1.28,1.19,1.22,462413,0
CAPS.US,D,20251010,000000,1.23,1.2385,1.11,1.13,297491,0
CAPS.US,D,20251013,000000,1.13,1.1486,1.08,1.12,247189,0
CAPS.US,D,20251014,000000,1.1,1.36,1.1,1.35,4111309,0
CAPS.US,D,20251015,000000,1.25,1.26,1.1302,1.18,1284307,0
CAPS.US,D,20251016,000000,1.18,1.19,1.1,1.1,369249,0
CAPS.US,D,20251017,000000,1.07,1.0901,1,1.02,552063,0
CAPS.US,D,20251020,000000,1,1.07,1,1.02,164605,0
CAPS.US,D,20251021,000000,1.05,1.08,1.01,1.07,227386,0
CAPS.US,D,20251022,000000,1.07,1.17,1.04,1.14,460160,0
CAPS.US,D,20251023,000000,1.17,1.26,1.15,1.18,495221,0
CAPS.US,D,20251024,000000,1.16,1.1629,1.07,1.11,218249,0
CAPS.US,D,20251027,000000,1.05,1.1,1.03,1.05,3414383,0
CAPS.US,D,20251028,000000,1.06,1.08,1.04,1.08,233556,0
CAPS.US,D,20251029,000000,1.09,1.09,1.02,1.04,165485,0
CAPS.US,D,20251030,000000,1.04,1.0598,1.005,1.01,147343,0
CAPS.US,D,20251031,000000,1.02,1.05,1,1.02,232630,0
CAPS.US,D,20251103,000000,1.01,1.04,1,1.02,159502,0
CAPS.US,D,20251104,000000,1,1.005,0.97,0.99,298611,0
CAPS.US,D,20251105,000000,0.9897,0.9998,0.92,0.9668,297007,0
