<TICKER>,<PER>,<DATE>,<TIME>,<OPEN>,<HIGH>,<LOW>,<CLOSE>,<VOL>,<OPENINT>
CEPT.US,D,20250502,000000,11,11.25,10.8,11.08,10218381,0
CEPT.US,D,20250505,000000,11.16,11.18,10.93,11,1429697,0
CEPT.US,D,20250506,000000,10.91,11.02,10.9,10.91,875905,0
CEPT.US,D,20250507,000000,10.95,11.02,10.9,10.95,527494,0
CEPT.US,D,20250508,000000,11,11.19,10.85,11.19,1262675,0
CEPT.US,D,20250509,000000,11.18,11.31,11.0119,11.11,630502,0
CEPT.US,D,20250512,000000,11.3,11.385,11.2,11.26,849802,0
CEPT.US,D,20250513,000000,11.26,11.476,10.99,11.3,368080,0
CEPT.US,D,20250514,000000,11.38,11.43,11.22,11.36,327718,0
CEPT.US,D,20250515,000000,11.25,11.3,11.02,11.17,624809,0
CEPT.US,D,20250516,000000,11.25,11.37,11.1401,11.25,385519,0
CEPT.US,D,20250519,000000,11.24,11.375,11.1008,11.27,229956,0
CEPT.US,D,20250520,000000,11.29,11.35,11.2,11.3,197135,0
CEPT.US,D,20250521,000000,11.27,11.285,11.15,11.21,226535,0
CEPT.US,D,20250522,000000,11.19,11.38,11.1546,11.27,178017,0
CEPT.US,D,20250523,000000,11.3,11.67,11.28,11.46,350344,0
CEPT.US,D,20250527,000000,11.53,11.55,11.3,11.5,426079,0
CEPT.US,D,20250528,000000,11.55,11.582,11.36,11.36,370500,0
CEPT.US,D,20250529,000000,11.45,11.5,11.3208,11.45,284652,0
CEPT.US,D,20250530,000000,11.43,11.53,11.365,11.47,203933,0
CEPT.US,D,20250602,000000,11.58,11.58,11.4322,11.51,130398,0
CEPT.US,D,20250603,000000,11.54,11.74,11.54,11.62,151965,0
CEPT.US,D,20250604,000000,11.76,11.76,11.5,11.56,292251,0
CEPT.US,D,20250605,000000,11.6,11.6,11.3,11.35,182521,0
CEPT.US,D,20250606,000000,11.31,11.37,11.24,11.24,242752,0
CEPT.US,D,20250609,000000,11.28,11.49,11.27,11.45,162318,0
CEPT.US,D,20250610,000000,11.48,11.48,11.33,11.36,95570,0
CEPT.US,D,20250611,000000,11.45,11.46,11.35,11.35,76980,0
CEPT.US,D,20250612,000000,11.39,11.44,11.32,11.385,30236,0
CEPT.US,D,20250613,000000,11.35,11.39,11.31,11.37,29897,0
CEPT.US,D,20250616,000000,11.45,11.45,11.31,11.385,40556,0
CEPT.US,D,20250617,000000,11.33,11.55,11.32,11.46,481739,0
CEPT.US,D,20250618,000000,11.45,11.51,11.43,11.45,73258,0
CEPT.US,D,20250620,000000,11.5,11.69,11.46,11.64,227887,0
CEPT.US,D,20250623,000000,11.6,11.6,11.4254,11.485,211480,0
CEPT.US,D,20250624,000000,11.55,11.87,11.24,11.35,300694,0
CEPT.US,D,20250625,000000,11.33,11.355,10.71,10.91,564539,0
CEPT.US,D,20250626,000000,10.88,11.14,10.88,10.97,244079,0
CEPT.US,D,20250627,000000,10.955,11.05,10.9,10.91,75100,0
CEPT.US,D,20250630,000000,10.91,11.05,10.91,11.03,99989,0
CEPT.US,D,20250701,000000,11.06,11.1,10.93,10.93,101736,0
CEPT.US,D,20250702,000000,11.0104,11.05,10.88,10.94,49801,0
CEPT.US,D,20250703,000000,10.95,11,10.94,10.9976,35599,0
CEPT.US,D,20250707,000000,11.01,11.01,10.885,10.9,60764,0
CEPT.US,D,20250708,000000,10.99,10.99,10.61,10.85,218361,0
CEPT.US,D,20250709,000000,10.85,10.9,10.7,10.71,126057,0
CEPT.US,D,20250710,000000,10.75,10.91,10.7105,10.83,588371,0
CEPT.US,D,20250711,000000,10.85,11.125,10.85,11.05,198098,0
CEPT.US,D,20250714,000000,11.11,11.19,11.05,11.09,101841,0
CEPT.US,D,20250715,000000,11.02,12.49,11.02,11.46,542117,0
CEPT.US,D,20250716,000000,11.5,11.75,11.47,11.7,769984,0
CEPT.US,D,20250717,000000,11.83,11.875,11.5438,11.69,267959,0
CEPT.US,D,20250718,000000,11.75,11.75,11.37,11.41,104647,0
CEPT.US,D,20250721,000000,11.45,11.45,11.17,11.26,144987,0
CEPT.US,D,20250722,000000,11.18,11.3,11.065,11.25,107885,0
CEPT.US,D,20250723,000000,11.17,11.3,11.17,11.25,150805,0
CEPT.US,D,20250724,000000,11.16,11.27,11.16,11.22,84471,0
CEPT.US,D,20250725,000000,11.24,11.25,11.1901,11.21,38702,0
CEPT.US,D,20250728,000000,11.18,11.24,11.12,11.2,55348,0
CEPT.US,D,20250729,000000,11.18,11.2,11.04,11.14,65068,0
CEPT.US,D,20250730,000000,11.05,11.05,10.95,10.97,576784,0
CEPT.US,D,20250731,000000,10.92,10.95,10.33,10.75,186016,0
CEPT.US,D,20250801,000000,10.61,10.74,10.535,10.7,135000,0
CEPT.US,D,20250804,000000,10.76,10.865,10.64,10.72,63370,0
CEPT.US,D,20250805,000000,10.72,10.84,10.5133,10.61,127033,0
CEPT.US,D,20250806,000000,10.592,10.66,10.59,10.65,68307,0
CEPT.US,D,20250807,000000,10.67,10.67,10.57,10.59,32363,0
CEPT.US,D,20250808,000000,10.56,10.65,10.56,10.58,67125,0
CEPT.US,D,20250811,000000,10.65,10.77,10.581,10.63,101193,0
CEPT.US,D,20250812,000000,10.68,10.74,10.535,10.6,61724,0
CEPT.US,D,20250813,000000,10.64,10.65,10.5574,10.59,51149,0
CEPT.US,D,20250814,000000,10.62,10.7,10.55,10.69,67112,0
CEPT.US,D,20250815,000000,10.7,10.72,10.54,10.54,137872,0
CEPT.US,D,20250818,000000,10.51,10.68,10.51,10.53,65240,0
CEPT.US,D,20250819,000000,10.6619,10.6619,10.47,10.515,145451,0
CEPT.US,D,20250820,000000,10.5,10.5885,10.4604,10.51,572310,0
CEPT.US,D,20250821,000000,10.52,10.63,10.505,10.52,361032,0
CEPT.US,D,20250822,000000,10.47,10.75,10.47,10.7,131891,0
CEPT.US,D,20250825,000000,10.565,10.83,10.565,10.76,51069,0
CEPT.US,D,20250826,000000,10.74,10.78,10.6,10.62,78999,0
CEPT.US,D,20250827,000000,10.6051,10.6939,10.6051,10.63,21167,0
CEPT.US,D,20250828,000000,10.6,10.9,10.6,10.76,72314,0
CEPT.US,D,20250829,000000,10.735,10.75,10.64,10.66,44251,0
CEPT.US,D,20250902,000000,10.69,10.73,10.52,10.55,59887,0
CEPT.US,D,20250903,000000,10.51,10.645,10.495,10.53,216761,0
CEPT.US,D,20250904,000000,10.5,10.51,10.44,10.47,108476,0
CEPT.US,D,20250905,000000,10.4678,10.5,10.42,10.46,28379,0
CEPT.US,D,20250908,000000,10.46,10.6136,10.45,10.5,20921,0
CEPT.US,D,20250909,000000,10.53,10.53,10.44,10.45,20308,0
CEPT.US,D,20250910,000000,10.5418,10.5418,10.4141,10.445,19926,0
CEPT.US,D,20250911,000000,10.4327,10.62,10.43,10.46,16201,0
CEPT.US,D,20250912,000000,10.46,10.47,10.325,10.37,427701,0
CEPT.US,D,20250915,000000,10.4,10.45,10.35,10.37,206037,0
CEPT.US,D,20250916,000000,10.43,10.46,10.37,10.46,38127,0
CEPT.US,D,20250917,000000,10.505,10.505,10.4,10.48,43091,0
CEPT.US,D,20250918,000000,10.44,10.7,10.4,10.55,27890,0
CEPT.US,D,20250919,000000,10.5112,10.536,10.495,10.53,12538,0
CEPT.US,D,20250922,000000,10.6447,10.6447,10.52,10.64,39549,0
CEPT.US,D,20250923,000000,10.59,10.72,10.59,10.645,37756,0
CEPT.US,D,20250924,000000,10.65,10.65,10.51,10.645,96698,0
CEPT.US,D,20250925,000000,10.65,10.65,10.56,10.57,129877,0
CEPT.US,D,20250926,000000,10.63,10.63,10.48,10.54,30271,0
CEPT.US,D,20250929,000000,10.5691,10.612,10.56,10.56,37803,0
CEPT.US,D,20250930,000000,10.48,10.61,10.48,10.51,25894,0
CEPT.US,D,20251001,000000,10.6,10.9,10.5,10.85,816784,0
CEPT.US,D,20251002,000000,10.92,10.94,10.7606,10.8,26504,0
CEPT.US,D,20251003,000000,10.8,10.8,10.6208,10.79,102854,0
CEPT.US,D,20251006,000000,10.8609,10.87,10.63,10.69,37680,0
CEPT.US,D,20251007,000000,10.69,10.75,10.6898,10.74,6428,0
CEPT.US,D,20251008,000000,10.72,10.86,10.72,10.84,26968,0
CEPT.US,D,20251009,000000,10.84,10.86,10.8023,10.83,8364,0
CEPT.US,D,20251010,000000,10.85,12.33,10.77,12.2,4178394,0
CEPT.US,D,20251013,000000,12.33,13.05,12.2,12.84,1318372,0
CEPT.US,D,20251014,000000,12.77,13.25,12.3001,12.76,555189,0
CEPT.US,D,20251015,000000,13,13,12.15,12.35,290282,0
CEPT.US,D,20251016,000000,12.4,12.75,11.9,12,328477,0
CEPT.US,D,20251017,000000,12,12.6309,11.9,12.25,290866,0
CEPT.US,D,20251020,000000,12.2,12.34,12,12.29,102353,0
CEPT.US,D,20251021,000000,12.3,12.3999,11.72,12.1,155493,0
CEPT.US,D,20251022,000000,12.19,12.3,11.75,11.81,340792,0
CEPT.US,D,20251023,000000,12,12.03,11.82,11.95,168356,0
CEPT.US,D,20251024,000000,12.09,12.1,11.96,12.03,142984,0
CEPT.US,D,20251027,000000,12.85,12.9,12.56,12.83,849773,0
CEPT.US,D,20251028,000000,12.47,12.5,11.71,12.33,3739273,0
CEPT.US,D,20251029,000000,12.47,12.55,11.95,12.03,1137837,0
CEPT.US,D,20251030,000000,12.02,12.02,11.6,11.9,916604,0
CEPT.US,D,20251031,000000,12.01,12.0491,11.85,11.86,451687,0
CEPT.US,D,20251103,000000,11.96,11.96,11.56,11.6,823289,0
CEPT.US,D,20251104,000000,11.61,11.705,11.3,11.4,671262,0
CEPT.US,D,20251105,000000,11.47,11.78,11.47,11.5,342926,0
