<TICKER>,<PER>,<DATE>,<TIME>,<OPEN>,<HIGH>,<LOW>,<CLOSE>,<VOL>,<OPENINT>
CIIT.US,D,20250410,000000,3.3,3.47,2.3,2.6,316095,0
CIIT.US,D,20250411,000000,2.69,2.99,2.55,2.75,218122,0
CIIT.US,D,20250414,000000,2.76,3.15,2.71,3.023,128522,0
CIIT.US,D,20250415,000000,3,3,2.6,2.79,85318,0
CIIT.US,D,20250416,000000,2.6932,2.85,2.6932,2.7799,17561,0
CIIT.US,D,20250417,000000,2.76,2.84,2.225,2.78,109428,0
CIIT.US,D,20250421,000000,2.89,2.89,2.39,2.735,272920,0
CIIT.US,D,20250422,000000,2.9,2.9,2.55,2.75,57086,0
CIIT.US,D,20250423,000000,2.71,2.84,2.5201,2.84,186845,0
CIIT.US,D,20250424,000000,2.8848,2.89,2.73,2.88,19333,0
CIIT.US,D,20250425,000000,2.85,2.87,2.6,2.7501,51788,0
CIIT.US,D,20250428,000000,2.59,2.75,2.41,2.7039,22214,0
CIIT.US,D,20250429,000000,2.57,2.84,2.48,2.69,12553,0
CIIT.US,D,20250430,000000,2.66,2.69,2.38,2.5999,132127,0
CIIT.US,D,20250501,000000,2.52,2.928,2.28,2.39,214588,0
CIIT.US,D,20250502,000000,2.61,2.61,2.11,2.5,172747,0
CIIT.US,D,20250505,000000,2.41,2.59,2.16,2.4399,153008,0
CIIT.US,D,20250506,000000,2.38,2.59,1.915,2.59,174548,0
CIIT.US,D,20250507,000000,2.38,2.76,2.25,2.42,449925,0
CIIT.US,D,20250508,000000,2.5098,2.57,2.225,2.57,62777,0
CIIT.US,D,20250509,000000,2.35,2.35,2,2.2,163454,0
CIIT.US,D,20250512,000000,2.07,2.2,1.98,2.13,222347,0
CIIT.US,D,20250513,000000,2.2,2.21,1.94,1.94,16254,0
CIIT.US,D,20250514,000000,1.95,2.3,1.95,2.22,21112,0
CIIT.US,D,20250515,000000,2.25,2.25,2.05,2.15,38013,0
CIIT.US,D,20250516,000000,2.01,2.1999,1.99,2.08,10169,0
CIIT.US,D,20250519,000000,2.02,2.07,1.7,1.78,38279,0
CIIT.US,D,20250520,000000,1.79,2.07,1.79,1.86,3683,0
CIIT.US,D,20250521,000000,1.98,1.98,1.8,1.94,70031,0
CIIT.US,D,20250522,000000,1.95,1.9542,1.86,1.9,23021,0
CIIT.US,D,20250523,000000,1.9123,2.09,1.84,1.955,131429,0
CIIT.US,D,20250527,000000,1.89,1.9828,1.7002,1.9828,5013,0
CIIT.US,D,20250528,000000,1.92,1.9825,1.8,1.92,10658,0
CIIT.US,D,20250529,000000,2.01,2.1,1.82,2.09,20547,0
CIIT.US,D,20250530,000000,1.85,2,1.85,2,4675,0
CIIT.US,D,20250602,000000,1.6,2.11,1.6,1.9498,8066,0
CIIT.US,D,20250603,000000,1.838,2.1,1.77,2.1,9288,0
CIIT.US,D,20250604,000000,1.8,2.15,1.8,2.1199,65931,0
CIIT.US,D,20250605,000000,2.16,2.25,2.05,2.12,34766,0
CIIT.US,D,20250606,000000,2.25,2.4857,2.1,2.26,52926,0
CIIT.US,D,20250609,000000,2.35,2.4,2.28,2.4,23674,0
CIIT.US,D,20250610,000000,2.3999,2.4899,2.05,2.48,23158,0
CIIT.US,D,20250611,000000,2.48,2.4899,2.3693,2.48,14570,0
CIIT.US,D,20250612,000000,2.48,2.48,2.1601,2.47,30588,0
CIIT.US,D,20250613,000000,2.4,2.5,2.215,2.38,22977,0
CIIT.US,D,20250616,000000,2.42,2.49,2.3,2.35,179216,0
CIIT.US,D,20250617,000000,2.42,2.57,2.04,2.34,630191,0
CIIT.US,D,20250618,000000,2.345,2.5728,1.98,2.19,892252,0
CIIT.US,D,20250620,000000,2.2,2.37,2.08,2.23,192128,0
CIIT.US,D,20250623,000000,2.28,2.28,1.95,2.18,292324,0
CIIT.US,D,20250624,000000,2.22,2.22,1.96,2.14,313132,0
CIIT.US,D,20250625,000000,2.12,2.1899,2,2.08,319191,0
CIIT.US,D,20250626,000000,2.07,2.1,1.71,2.01,312078,0
CIIT.US,D,20250627,000000,2.01,2.025,1.81,1.885,381228,0
CIIT.US,D,20250630,000000,1.95,1.98,0.6329,0.77,1425495,0
CIIT.US,D,20250701,000000,0.7877,0.7877,0.6689,0.6878,148721,0
CIIT.US,D,20250702,000000,0.7108,0.7108,0.6,0.675,195067,0
CIIT.US,D,20250703,000000,0.69,0.7189,0.69,0.7189,108755,0
CIIT.US,D,20250707,000000,0.681,0.7013,0.56,0.6789,67795,0
CIIT.US,D,20250708,000000,0.6906,0.9799,0.6418,0.937,329304,0
CIIT.US,D,20250709,000000,0.9463,1.26,0.9135,1.235,250712,0
CIIT.US,D,20250710,000000,1.25,1.29,1.14,1.205,171224,0
CIIT.US,D,20250711,000000,1.16,1.28,1.101,1.26,169300,0
CIIT.US,D,20250714,000000,1.18,1.28,1.12,1.15,334197,0
CIIT.US,D,20250715,000000,1.0566,1.198,1.04,1.14,94468,0
CIIT.US,D,20250716,000000,1.0844,1.15,1.05,1.14,75892,0
CIIT.US,D,20250717,000000,1.17,1.27,1.113,1.23,169053,0
CIIT.US,D,20250718,000000,1.21,1.21,0.98,1.05,155636,0
CIIT.US,D,20250721,000000,1.12,1.18,1,1.08,84097,0
CIIT.US,D,20250722,000000,1.05,1.17,1.0001,1.17,35697,0
CIIT.US,D,20250723,000000,1.11,1.15,1.04,1.1,205374,0
CIIT.US,D,20250724,000000,1.06,1.14,1.02,1.09,174102,0
CIIT.US,D,20250725,000000,1.07,1.1353,0.9923,1.06,27106,0
CIIT.US,D,20250728,000000,1.01,1.0899,0.94,1.0019,47119,0
CIIT.US,D,20250729,000000,1,1.02,0.916,1,112212,0
CIIT.US,D,20250730,000000,0.98,1.0283,0.93,0.99,16583,0
CIIT.US,D,20250731,000000,1.01,1.12,0.97,1.06,40762,0
CIIT.US,D,20250801,000000,1.02,1.06,0.93,1.05,61786,0
CIIT.US,D,20250804,000000,0.96,1.05,0.764999,1.05,152419,0
CIIT.US,D,20250805,000000,1,1.04,0.8849,1.02,238322,0
CIIT.US,D,20250806,000000,0.96,1.035,0.76,1.03,141450,0
CIIT.US,D,20250807,000000,0.97,0.97,0.8486,0.9528,88173,0
CIIT.US,D,20250808,000000,0.99,1.08,0.87,0.9477,231916,0
CIIT.US,D,20250811,000000,0.9342,1.12,0.9,0.9,24037,0
CIIT.US,D,20250812,000000,0.91,0.91,0.8,0.89005,4399,0
CIIT.US,D,20250813,000000,0.88,0.9225,0.81,0.8402,175713,0
CIIT.US,D,20250814,000000,0.863,1.03,0.83,0.868,39707,0
CIIT.US,D,20250815,000000,0.869,0.9088,0.8,0.9013,6918,0
CIIT.US,D,20250818,000000,0.8906,0.96,0.850629,0.95,22655,0
CIIT.US,D,20250819,000000,0.8601,1.03,0.8601,1.01,11901,0
CIIT.US,D,20250820,000000,1.02,1.02,0.84,0.96,8696,0
CIIT.US,D,20250821,000000,0.93,0.93,0.9,0.93,26349,0
CIIT.US,D,20250822,000000,0.914999,0.99,0.8782,0.99,45085,0
CIIT.US,D,20250825,000000,0.96,0.96,0.8564,0.86,34737,0
CIIT.US,D,20250826,000000,0.83,0.8865,0.7503,0.8,46629,0
CIIT.US,D,20250827,000000,0.76,0.79,0.6601,0.72,68642,0
CIIT.US,D,20250828,000000,0.7344,0.8,0.6675,0.68,105337,0
CIIT.US,D,20250829,000000,0.8,0.8,0.6152,0.6474,23313,0
CIIT.US,D,20250902,000000,0.67,0.67,0.61,0.61,18437,0
CIIT.US,D,20250903,000000,0.5805,0.599,0.5596,0.5608,116766,0
CIIT.US,D,20250904,000000,0.547,0.6513,0.51,0.6413,76608,0
CIIT.US,D,20250905,000000,0.645,0.83,0.5885,0.7,140529,0
CIIT.US,D,20250908,000000,0.6919,0.7077,0.6495,0.6496,18545,0
CIIT.US,D,20250909,000000,0.7299,0.8,0.65,0.787,353122,0
CIIT.US,D,20250910,000000,0.7718,0.92,0.605001,0.899,427637,0
CIIT.US,D,20250911,000000,0.7695,0.98,0.58,0.7294,208492,0
CIIT.US,D,20250912,000000,0.751,1.24,0.71,0.844,2514381,0
CIIT.US,D,20250915,000000,0.779,0.94,0.7,0.89,547097,0
CIIT.US,D,20250916,000000,0.81,1.05,0.8,1.02,380072,0
CIIT.US,D,20250917,000000,0.97,0.99,0.9006,0.9299,132265,0
CIIT.US,D,20250918,000000,0.9,0.92,0.8102,0.8311,84722,0
CIIT.US,D,20250919,000000,0.8062,0.8062,0.71,0.72,88530,0
CIIT.US,D,20250922,000000,0.7002,0.76,0.67,0.7399,124355,0
CIIT.US,D,20250923,000000,0.7,0.7001,0.6501,0.6905,36533,0
CIIT.US,D,20250924,000000,0.69,0.6904,0.645,0.6599,173466,0
CIIT.US,D,20250925,000000,0.717,0.7179,0.5929,0.6001,130719,0
CIIT.US,D,20250926,000000,0.625,0.625,0.521,0.5899,199135,0
CIIT.US,D,20250929,000000,0.59,0.59,0.5356,0.5533,104989,0
CIIT.US,D,20250930,000000,0.5698,0.5699,0.53,0.5579,52206,0
CIIT.US,D,20251001,000000,0.56,0.5844,0.54,0.5589,81661,0
CIIT.US,D,20251002,000000,0.5501,0.6255,0.55,0.61,109472,0
CIIT.US,D,20251003,000000,0.6023,0.649999,0.6023,0.634,14421,0
CIIT.US,D,20251006,000000,0.63,0.72,0.5984,0.6938,349004,0
CIIT.US,D,20251007,000000,0.68,0.8186,0.65,0.807,366494,0
CIIT.US,D,20251008,000000,0.8074,0.8376,0.7669,0.7962,598047,0
CIIT.US,D,20251009,000000,0.76,0.78,0.6006,0.6006,219152,0
CIIT.US,D,20251010,000000,0.5826,0.61,0.5801,0.6094,2332858,0
CIIT.US,D,20251013,000000,0.4827,0.5318,0.45,0.5318,624316,0
CIIT.US,D,20251014,000000,0.5223,0.5312,0.5,0.5187,286464,0
CIIT.US,D,20251015,000000,0.508,0.63,0.5025,0.63,337322,0
CIIT.US,D,20251016,000000,0.618,0.76,0.5363,0.58,648178,0
CIIT.US,D,20251017,000000,0.5595,1.02,0.5529,0.8831,7096551,0
CIIT.US,D,20251020,000000,0.59,0.795,0.4688,0.67,1947842,0
CIIT.US,D,20251021,000000,0.6205,0.99,0.6205,0.86,1815669,0
CIIT.US,D,20251022,000000,0.769,0.85,0.721,0.7312,362194,0
CIIT.US,D,20251023,000000,0.7093,0.7825,0.701,0.711,127276,0
CIIT.US,D,20251024,000000,0.712,1,0.7001,0.9921,4690511,0
CIIT.US,D,20251027,000000,0.8846,1,0.8433,1,2484365,0
CIIT.US,D,20251028,000000,0.93,0.9449,0.8,0.8,246816,0
CIIT.US,D,20251029,000000,0.795,0.839,0.76,0.7619,220564,0
CIIT.US,D,20251030,000000,0.765,0.8,0.7115,0.72575,93809,0
CIIT.US,D,20251031,000000,0.711,0.711,0.5801,0.5972,752986,0
CIIT.US,D,20251103,000000,0.621,0.668,0.6021,0.62,117755,0
CIIT.US,D,20251104,000000,0.605,0.64069,0.5639,0.58,138678,0
CIIT.US,D,20251105,000000,0.571,0.6387,0.571,0.6,141731,0
