<TICKER>,<PER>,<DATE>,<TIME>,<OPEN>,<HIGH>,<LOW>,<CLOSE>,<VOL>,<OPENINT>
CUPR.US,D,20250410,000000,4.4,4.79,3.51,4.15,2226217,0
CUPR.US,D,20250411,000000,4.06,4.5,4.02,4.48,502545,0
CUPR.US,D,20250414,000000,4.45,4.71,4.25,4.56,533664,0
CUPR.US,D,20250415,000000,4.3983,4.62,4.25,4.26,491513,0
CUPR.US,D,20250416,000000,4.3,5,4.3,4.955,260220,0
CUPR.US,D,20250417,000000,4.77,5.81,4.71,4.95,481337,0
CUPR.US,D,20250421,000000,4.5,5,4.3,4.85,114155,0
CUPR.US,D,20250422,000000,4.3,4.85,4.3,4.5439,27803,0
CUPR.US,D,20250423,000000,4.64,5,4.64,4.75,14299,0
CUPR.US,D,20250424,000000,4.65,4.83,4.4,4.55,22494,0
CUPR.US,D,20250425,000000,4.6,4.75,4.48,4.74,19128,0
CUPR.US,D,20250428,000000,4.7579,4.87,4.3001,4.55,852672,0
CUPR.US,D,20250429,000000,4.4874,4.6,4.34,4.55,496274,0
CUPR.US,D,20250430,000000,4.6,4.83,4.47,4.83,33084,0
CUPR.US,D,20250501,000000,4.57,4.85,4.4,4.76,2178,0
CUPR.US,D,20250502,000000,4.8,6.42,4.58,6.08,155627,0
CUPR.US,D,20250505,000000,6,6.05,5.21,5.48,83000,0
CUPR.US,D,20250506,000000,5.78,5.94,5.48,5.775,20015,0
CUPR.US,D,20250507,000000,5.67,6.72,5.3,5.3,238524,0
CUPR.US,D,20250508,000000,5.4001,5.9223,4.5,4.92,239213,0
CUPR.US,D,20250509,000000,4.9161,4.9161,4.02,4.85,18989,0
CUPR.US,D,20250512,000000,4.9,5.16,4.88,4.95,31298,0
CUPR.US,D,20250513,000000,4.7,5.15,4.2601,4.33,120534,0
CUPR.US,D,20250514,000000,4.55,4.59,4.4,4.43,5215,0
CUPR.US,D,20250515,000000,4.54,4.94,4.5,4.72,71555,0
CUPR.US,D,20250516,000000,4.75,4.75,4.48,4.48,15613,0
CUPR.US,D,20250519,000000,4.5,4.53,4.48,4.48,2325,0
CUPR.US,D,20250520,000000,4.61,4.74,4.39,4.4,16000,0
CUPR.US,D,20250521,000000,4.45,4.77,4.425,4.55,5565,0
CUPR.US,D,20250522,000000,4.64,4.64,4.42,4.54,7158,0
CUPR.US,D,20250523,000000,4.55,4.8,4.41,4.49,12187,0
CUPR.US,D,20250527,000000,4.77,4.83,4.5,4.5,31294,0
CUPR.US,D,20250528,000000,4.54,4.82,4.51,4.63,3462,0
CUPR.US,D,20250529,000000,4.69,4.75,4.69,4.75,10620,0
CUPR.US,D,20250530,000000,4.76,4.96,4.665,4.96,35210,0
CUPR.US,D,20250602,000000,4.8,4.95,4.7,4.7,83272,0
CUPR.US,D,20250603,000000,4.7785,4.92,4.68,4.92,28193,0
CUPR.US,D,20250604,000000,4.9,5.49,4.7573,5,206574,0
CUPR.US,D,20250605,000000,5.5,5.82,4.83,5.45,36581,0
CUPR.US,D,20250606,000000,5.3,5.6,4.94,5.18,116079,0
CUPR.US,D,20250609,000000,5.3,6.98,5.03,6,1200247,0
CUPR.US,D,20250610,000000,6,6,5.22,5.77,40022,0
CUPR.US,D,20250611,000000,5.56,5.84,5.51,5.74,12747,0
CUPR.US,D,20250612,000000,5.2,5.76,5.2,5.69,4170,0
CUPR.US,D,20250613,000000,5.12,5.81,5.04,5.73,48348,0
CUPR.US,D,20250616,000000,5.66,6.12,5.5,5.58,15916,0
CUPR.US,D,20250617,000000,5.41,5.93,5.295,5.33,10675,0
CUPR.US,D,20250618,000000,5.71,5.8,5.295,5.52,14277,0
CUPR.US,D,20250620,000000,5.39,5.84,5.39,5.7,14521,0
CUPR.US,D,20250623,000000,5.96,5.96,5.62,5.819,1565,0
CUPR.US,D,20250624,000000,5.69,5.9336,5.69,5.8,2066,0
CUPR.US,D,20250625,000000,6.2,6.51,5.7154,6.25,12289,0
CUPR.US,D,20250626,000000,6.25,6.25,5.7,5.85,15040,0
CUPR.US,D,20250627,000000,6.25,6.25,5.75,5.82,18560,0
CUPR.US,D,20250630,000000,5.86,6.22,5.25,5.86,269538,0
CUPR.US,D,20250701,000000,5.8772,7.39,5.8772,6.6,470621,0
CUPR.US,D,20250702,000000,6.75,6.9864,6.4,6.68,500097,0
CUPR.US,D,20250703,000000,6.75,6.95,6.6,6.9,432197,0
CUPR.US,D,20250707,000000,7.08,7.46,6.58,6.84,990164,0
CUPR.US,D,20250708,000000,6.88,7.18,6.6,7,715975,0
CUPR.US,D,20250709,000000,7.13,7.39,6.6,7.38,1014383,0
CUPR.US,D,20250710,000000,7.2,7.3492,7.0006,7.1,846003,0
CUPR.US,D,20250711,000000,7.14,7.39,7.05,7.3,727611,0
CUPR.US,D,20250714,000000,7.15,7.3,6.38,7.22,610340,0
CUPR.US,D,20250715,000000,7,7.6,6.5,7.39,698738,0
CUPR.US,D,20250716,000000,7.27,7.5,7.27,7.5,410984,0
CUPR.US,D,20250717,000000,7.5,7.56,7.3,7.5,326439,0
CUPR.US,D,20250718,000000,7.47,7.57,7.4,7.57,302592,0
CUPR.US,D,20250721,000000,7.51,8,7.48,7.95,378722,0
CUPR.US,D,20250722,000000,7.71,8,7.6001,7.73,449481,0
CUPR.US,D,20250723,000000,7.7,7.99,7.7,7.75,544192,0
CUPR.US,D,20250724,000000,7.8,7.9,7.69,7.73,562558,0
CUPR.US,D,20250725,000000,7.75,7.8,7.7,7.79,274645,0
CUPR.US,D,20250728,000000,7.76,7.88,7.53,7.78,550705,0
CUPR.US,D,20250729,000000,7.54,8.15,7.5,7.74,974214,0
CUPR.US,D,20250730,000000,7.55,8,7.55,7.83,116717,0
CUPR.US,D,20250731,000000,7.98,8.1,7.71,7.93,70234,0
CUPR.US,D,20250801,000000,7.93,8.29,7.75,8.19,2010787,0
CUPR.US,D,20250804,000000,8.15,8.3,8,8.22,691036,0
CUPR.US,D,20250805,000000,8.15,8.6,8.11,8.43,1518306,0
CUPR.US,D,20250806,000000,8.75,9.12,8.3,8.74,1184770,0
CUPR.US,D,20250807,000000,8.55,8.62,7.86,8.325,276838,0
CUPR.US,D,20250808,000000,8.16,8.91,8.16,8.21,784020,0
CUPR.US,D,20250811,000000,8.21,8.5,6.5101,8.28,168253,0
CUPR.US,D,20250812,000000,8.3,9,8.3,8.86,2269910,0
CUPR.US,D,20250813,000000,8.86,9.47,8.8,9.21,3534143,0
CUPR.US,D,20250814,000000,8.96,9.41,8.1,9.4,6155433,0
CUPR.US,D,20250815,000000,9.4,9.5,0.85,1.19,20231367,0
CUPR.US,D,20250818,000000,1.28,1.39,1.04,1.3,6531948,0
CUPR.US,D,20250819,000000,1.19,1.2,0.95,0.95,2718410,0
CUPR.US,D,20250820,000000,0.8628,0.9029,0.8051,0.8399,1734855,0
CUPR.US,D,20250821,000000,0.8232,1.39,0.801,1.12,8154257,0
CUPR.US,D,20250822,000000,1.09,1.09,0.9601,1.01,1099079,0
CUPR.US,D,20250825,000000,1.03,1.12,1.02,1.04,699183,0
CUPR.US,D,20250826,000000,1.04,1.05,0.98,0.98,671534,0
CUPR.US,D,20250827,000000,0.9798,1.04,0.95,0.965,497743,0
CUPR.US,D,20250828,000000,0.9268,0.9648,0.9,0.9191,525813,0
CUPR.US,D,20250829,000000,0.92,0.9638,0.9001,0.92,321602,0
CUPR.US,D,20250902,000000,0.9,0.913903,0.8248,0.8882,230846,0
CUPR.US,D,20250903,000000,0.86,0.915,0.825,0.8538,317076,0
CUPR.US,D,20250904,000000,0.798,0.8495,0.7648,0.778,362795,0
CUPR.US,D,20250905,000000,0.775,0.8105,0.68,0.7,480951,0
CUPR.US,D,20250908,000000,0.68,0.684999,0.6112,0.6255,390646,0
CUPR.US,D,20250909,000000,0.62,0.75,0.62,0.702,15662372,0
CUPR.US,D,20250910,000000,1.83,2.45,1.36,1.62,58160528,0
CUPR.US,D,20250911,000000,1,1.5,1,1.31,3245501,0
CUPR.US,D,20250912,000000,1.33,1.7,1.33,1.45,1951728,0
CUPR.US,D,20250915,000000,1.55,1.55,1.39,1.42,824341,0
CUPR.US,D,20250916,000000,1.44,1.51,1.4,1.46,470625,0
CUPR.US,D,20250917,000000,1.4,1.52,1.39,1.4,544245,0
CUPR.US,D,20250918,000000,1.4,1.5407,1.4,1.46,429635,0
CUPR.US,D,20250919,000000,1.43,1.46,1.31,1.35,791758,0
CUPR.US,D,20250922,000000,1.35,1.35,1.25,1.25,300207,0
CUPR.US,D,20250923,000000,1.25,1.25,1.1189,1.14,372026,0
CUPR.US,D,20250924,000000,1.17,1.17,0.9998,1.04,412676,0
CUPR.US,D,20250925,000000,0.99,1.05,0.98,1.02,284209,0
CUPR.US,D,20250926,000000,0.99,1.01,0.96,0.996,211587,0
CUPR.US,D,20250929,000000,0.96,1.02,0.9,0.95,258163,0
CUPR.US,D,20250930,000000,0.935,0.9724,0.9,0.94,146709,0
CUPR.US,D,20251001,000000,0.94,1.05,0.935,1.05,199749,0
CUPR.US,D,20251002,000000,0.98,1.11,0.98,1.1,199914,0
CUPR.US,D,20251003,000000,1.1,1.13,1.06,1.12,152873,0
CUPR.US,D,20251006,000000,1.12,1.12,1.0501,1.08,176765,0
CUPR.US,D,20251007,000000,1.06,1.15,1.06,1.1,220220,0
CUPR.US,D,20251008,000000,1.11,1.2,1.11,1.12,290364,0
CUPR.US,D,20251009,000000,1.11,1.1799,1.04,1.08,105527,0
CUPR.US,D,20251010,000000,1.1,1.14,0.96,0.96,378119,0
CUPR.US,D,20251013,000000,0.98,1.095,0.98,1.07,175016,0
CUPR.US,D,20251014,000000,1.05,1.05,1,1.03,70048,0
CUPR.US,D,20251015,000000,1,1.05,0.972,1,101218,0
CUPR.US,D,20251016,000000,0.985,1.05,0.9315,0.9315,347115,0
CUPR.US,D,20251017,000000,0.9,0.965,0.9,0.9468,109233,0
CUPR.US,D,20251020,000000,0.985,0.985,0.9209,0.94,140046,0
CUPR.US,D,20251021,000000,0.93,0.9599,0.91,0.95,70186,0
CUPR.US,D,20251022,000000,0.9189,0.9401,0.890451,0.9,85922,0
CUPR.US,D,20251023,000000,0.882,0.91,0.85,0.8999,161661,0
CUPR.US,D,20251024,000000,0.89,0.94,0.750002,0.813,111451,0
CUPR.US,D,20251027,000000,0.822,1.15,0.822,0.968,1700216,0
CUPR.US,D,20251028,000000,0.92,1.01,0.92,0.9259,152413,0
CUPR.US,D,20251029,000000,0.9168,0.941,0.8984,0.9026,96711,0
CUPR.US,D,20251030,000000,0.8984,0.94,0.86,0.88,85207,0
CUPR.US,D,20251031,000000,0.8536,0.99,0.853,0.9781,148871,0
CUPR.US,D,20251103,000000,0.9488,0.9535,0.9088,0.9093,73126,0
CUPR.US,D,20251104,000000,0.9,0.9093,0.88,0.907,65563,0
CUPR.US,D,20251105,000000,0.908,0.908,0.8672,0.8851,84941,0
