<TICKER>,<PER>,<DATE>,<TIME>,<OPEN>,<HIGH>,<LOW>,<CLOSE>,<VOL>,<OPENINT>
ELAB.US,D,20231121,000000,19600,19600,15190,16660,148.9795918739796,0
ELAB.US,D,20231122,000000,17150,18032,16170,17003,41.05428572454929,0
ELAB.US,D,20231124,000000,17885,19257,17493.5,18130,17.658775514618778,0
ELAB.US,D,20231127,000000,18228,20796.6,17003,19502,129.36040819560543,0
ELAB.US,D,20231128,000000,19649,20335,18375,19796,70.15775511958026,0
ELAB.US,D,20231129,000000,20580,20580,16170,17370.5,233.7520408747646,0
ELAB.US,D,20231130,000000,16219,17787,11809.5,13769,68.01693879251444,0
ELAB.US,D,20231201,000000,13720,15141,12495,14014,32.31693878358944,0
ELAB.US,D,20231204,000000,13328,13474.5,11515,11858,35.37163266190414,0
ELAB.US,D,20231205,000000,12201,13475,9996,10780,36.32877551928628,0
ELAB.US,D,20231206,000000,10829,12985,9886.24,11564,80.11102042819104,0
ELAB.US,D,20231207,000000,11564,14063,10094,10437,52.56040817640542,0
ELAB.US,D,20231208,000000,10437,12005,7546,10094,71.33061226273063,0
ELAB.US,D,20231211,000000,9800,10143,8575,9065,21.045510209343014,0
ELAB.US,D,20231212,000000,7938,9408,7938,8477,3.886734694849235,0
ELAB.US,D,20231213,000000,8477,9016,7840,8795.5,7.116734695656736,0
ELAB.US,D,20231214,000000,8526,9517.76,7856.17,8918,7.713877552948879,0
ELAB.US,D,20231215,000000,9555,11858,8820,8869,55.33367348322118,0
ELAB.US,D,20231218,000000,9163,10584,8918,9481.01,24.808163271508164,0
ELAB.US,D,20231219,000000,9996,10372.3,9379.58,9852.92,6.264081634219082,0
ELAB.US,D,20231220,000000,9457,9996,9359,9506,5.177551021702551,0
ELAB.US,D,20231221,000000,9800,9800,8869,8967.98,7.1902040834302055,0
ELAB.US,D,20231222,000000,8967,9555,7742,8967,8.418571430676073,0
ELAB.US,D,20231226,000000,8820,8967,7938.49,8526,6.044489797429491,0
ELAB.US,D,20231227,000000,9800,9800,8575,8810.2,5.211428572731429,0
ELAB.US,D,20231228,000000,8967,9065,8673,8820,1.759591837174592,0
ELAB.US,D,20231229,000000,8722,9065,8722,8958.18,2.003673469888674,0
ELAB.US,D,20240102,000000,8918,9751,8918,9261,2.466938776126939,0
ELAB.US,D,20240103,000000,9114,9261,8673,8991.5,2.584081633299082,0
ELAB.US,D,20240104,000000,8820,8820,7374.5,7840,4.6436734705486735,0
ELAB.US,D,20240105,000000,7644,8526,7644,8138.9,3.25448979673199,0
ELAB.US,D,20240108,000000,8673,9555,8477,8477,3.4357142865732144,0
ELAB.US,D,20240109,000000,8820,8820.49,8624,8624,0.48081632665081636,0
ELAB.US,D,20240110,000000,8624,8624,8183.49,8624,0.3959183674459184,0
ELAB.US,D,20240111,000000,8673,9261,8624,8722,2.4571428577571433,0
ELAB.US,D,20240112,000000,8859.2,8859.2,8134.49,8379,3.609183674371684,0
ELAB.US,D,20240116,000000,16562,19061,6664,6811,9952.19755350846,0
ELAB.US,D,20240117,000000,6615,6615,5047,5341,404.1281633663382,0
ELAB.US,D,20240118,000000,5145,5880,4609.92,5243,158.34265310081017,0
ELAB.US,D,20240119,000000,5292,5292,4753,4998,68.91081634375833,0
ELAB.US,D,20240122,000000,5047,5341,5047,5047,67.53224491484225,0
ELAB.US,D,20240123,000000,5145,5145,4234.09,4312,106.64755104707005,0
ELAB.US,D,20240124,000000,4659.9,4659.9,3773.49,3880.8,84.59979593951732,0
ELAB.US,D,20240125,000000,4047.4,4047.4,3430.98,3675,64.20367348543869,0
ELAB.US,D,20240126,000000,3590.72,3865.61,3483.41,3650.5,31.763061232430566,0
ELAB.US,D,20240129,000000,3626,3675,3321.22,3356.99,43.41163266391413,0
ELAB.US,D,20240130,000000,3418.73,3528,3087.49,3136,44.497755113165255,0
ELAB.US,D,20240131,000000,3185,3626,3038.49,3385.9,81.92204083680706,0
ELAB.US,D,20240201,000000,5096,5096.49,3604.93,4116,4389.184490893215,0
ELAB.US,D,20240202,000000,3851.4,4209.1,3846.5,4071.9,219.3969388303595,0
ELAB.US,D,20240205,000000,4067,4116,3679.9,3711.75,86.19510206236511,0
ELAB.US,D,20240206,000000,3573.08,3604.44,3354.05,3381,48.48000001212,0
ELAB.US,D,20240207,000000,3479,3479,3089.94,3136,45.82061225635312,0
ELAB.US,D,20240208,000000,3332,3332,2993.9,3136,61.08816328057818,0
ELAB.US,D,20240209,000000,3292.8,3356.5,3087,3246.25,47.071428583196436,0
ELAB.US,D,20240212,000000,3327.1,3430,3136,3195.78,40.35897960192648,0
ELAB.US,D,20240213,000000,3148.74,3283,2993.9,3136,39.84163266302164,0
ELAB.US,D,20240214,000000,3038,3773,3038,3662.75,135.84102044212352,0
ELAB.US,D,20240215,000000,3675,3920,3430,3567.69,59.23265307603267,0
ELAB.US,D,20240216,000000,3675,3675,3332,3339.84,41.64163266347164,0
ELAB.US,D,20240220,000000,3430,3675,3381,3626,40.80000001020001,0
ELAB.US,D,20240221,000000,3577,3890.6,3336.9,3768.1,148.73448983310203,0
ELAB.US,D,20240222,000000,4115.51,4312,3381,3454.5,2134.3728576764506,0
ELAB.US,D,20240223,000000,3381,3518.2,3178.14,3503.5,95.18224492175476,0
ELAB.US,D,20240226,000000,3379.53,3763.2,3332,3591.7,45.4146938889047,0
ELAB.US,D,20240227,000000,3668.14,3668.14,3339.35,3381.49,34.26571429428072,0
ELAB.US,D,20240228,000000,3467.73,3478.02,3332,3429.51,24.20346939380597,0
ELAB.US,D,20240229,000000,3332.49,3554.95,3332.49,3415.3,22.109183678996686,0
ELAB.US,D,20240301,000000,3396.19,3782.8,3381,3626,37.13612245826363,0
ELAB.US,D,20240304,000000,3454.5,3920,3454.5,3689.7,34.6697959270348,0
ELAB.US,D,20240305,000000,3920,3920,3577,3577.49,32.64918368163169,0
ELAB.US,D,20240306,000000,3716.65,3888.71,3577,3578.47,11.922448982572451,0
ELAB.US,D,20240307,000000,3684.8,3821.51,3479.98,3626,27.575714292608218,0
ELAB.US,D,20240308,000000,3704.4,3871,3552.5,3773,31.80693878346194,0
ELAB.US,D,20240311,000000,3712.24,4066.02,3675,3753.4,37.05265307048766,0
ELAB.US,D,20240312,000000,3967.04,3967.04,3675,3773,20.941632658296637,0
ELAB.US,D,20240313,000000,3866.1,3895.5,3684.8,3782.8,13.408775513556277,0
ELAB.US,D,20240314,000000,3885.7,3895.5,3704.4,3816.61,11.003265308873265,0
ELAB.US,D,20240315,000000,3748.5,3893.54,3528,3581.9,9.070000002267502,0
ELAB.US,D,20240318,000000,3822,3969,3628.45,3905.3,25.941632659546638,0
ELAB.US,D,20240319,000000,3822,3919.51,3699.5,3699.5,6.785306124145308,0
ELAB.US,D,20240320,000000,3731.35,3731.35,3556.91,3626,7.939591838719593,0
ELAB.US,D,20240321,000000,3712.73,3773,3577.98,3748.01,9.84244898205245,0
ELAB.US,D,20240322,000000,3773,3773,3581.9,3724,4.943061225725562,0
ELAB.US,D,20240325,000000,3651.97,3669.12,3381,3439.8,25.908571435048575,0
ELAB.US,D,20240326,000000,3523.1,3528,3356.99,3429.02,11.656530615159031,0
ELAB.US,D,20240327,000000,3478.51,3479,3381,3381,5.788979593283981,0
ELAB.US,D,20240328,000000,3430,3476.55,3332,3405.5,18.01734694327985,0
ELAB.US,D,20240401,000000,3430,3476.55,3283,3379.53,12.430612248005614,0
ELAB.US,D,20240402,000000,3379.53,3474.1,3241.35,3371.2,15.461020412028523,0
ELAB.US,D,20240403,000000,3283,3430,3239.39,3356.5,12.979795921612297,0
ELAB.US,D,20240404,000000,3336.9,3479,3234,3332,12.472653064342655,0
ELAB.US,D,20240405,000000,3320.24,3332,3091.9,3160.99,14.702040820002042,0
ELAB.US,D,20240408,000000,3234,3283,2944.9,3185,14.102040819852043,0
ELAB.US,D,20240409,000000,3091.9,3307.01,2940.49,2940.98,23.712653067152658,0
ELAB.US,D,20240410,000000,3065.93,3185,2945.39,2989.49,9.98244898208745,0
ELAB.US,D,20240411,000000,3112.48,3184.51,2966.95,3136.49,4.913265307350765,0
ELAB.US,D,20240412,000000,3136.49,3136.49,2940,2940,6.0518367362068375,0
ELAB.US,D,20240415,000000,3082.1,3087,2817.5,2817.5,11.465102043682602,0
ELAB.US,D,20240416,000000,2817.5,2952.25,2797.41,2857.93,13.884081636124085,0
ELAB.US,D,20240417,000000,2871.4,3024.77,2797.9,2805.25,4.231428572486429,0
ELAB.US,D,20240418,000000,2797.9,3009.09,2797.9,2866.5,2.89897959256148,0
ELAB.US,D,20240419,000000,2797.9,2912.07,2797.9,2802.8,3.9059183683234187,0
ELAB.US,D,20240422,000000,2866.5,2915.5,2817.5,2842,5.834897960642399,0
ELAB.US,D,20240423,000000,2842,2964.99,2817.5,2940,4.401836735794338,0
ELAB.US,D,20240424,000000,3003.7,3038,2891,2959.6,13.237755105350256,0
ELAB.US,D,20240425,000000,2989,3626,2940,3302.6,62.73857144425608,0
ELAB.US,D,20240426,000000,3331.51,3331.51,3047.8,3229.84,31.512857150735364,0
ELAB.US,D,20240429,000000,3284.96,3675,3101.7,3476.06,115.45306125335308,0
ELAB.US,D,20240430,000000,3405.5,3596.6,3283.49,3433.43,26.927346945507352,0
ELAB.US,D,20240501,000000,3373.16,3510.85,3087,3194.8,551.5644899338096,0
ELAB.US,D,20240502,000000,3381,3724,3234.49,3454.5,322.17632661115636,0
ELAB.US,D,20240503,000000,3479,3520.65,3087,3434.41,109.77979594581232,0
ELAB.US,D,20240506,000000,3381,3429.51,3234,3239.88,16.24795918773546,0
ELAB.US,D,20240507,000000,3356.5,3425.1,3262.91,3280.55,31.464693885417198,0
ELAB.US,D,20240508,000000,3280.55,3429.02,3280.55,3354.54,13.12734694205735,0
ELAB.US,D,20240509,000000,3302.6,3428.53,3234,3346.21,25.29183674101684,0
ELAB.US,D,20240510,000000,3283.49,3425.1,3185,3185,25.04795918993546,0
ELAB.US,D,20240513,000000,3188.43,3283,3185,3186.47,15.08387755479138,0
ELAB.US,D,20240514,000000,3184.51,3186.47,3087.49,3091.9,18.390204086230206,0
ELAB.US,D,20240515,000000,3140.9,3186.47,3087,3087,15.528163269188164,0
ELAB.US,D,20240516,000000,3160.5,3234,3111.5,3185.49,14.069183676986686,0
ELAB.US,D,20240517,000000,3219.3,3405.5,3190.39,3356.99,30.041632660571636,0
ELAB.US,D,20240520,000000,3356.99,3429.51,3283,3307.5,18.262653065790158,0
ELAB.US,D,20240521,000000,3425.1,3430,3249.19,3307.5,23.374897965027397,0
ELAB.US,D,20240522,000000,3430,3430,3258.5,3258.5,13.54040816665041,0
ELAB.US,D,20240523,000000,3234,3282.02,3185,3233.51,25.241632659371636,0
ELAB.US,D,20240524,000000,3234,3283,3160.99,3273.69,20.36775510713276,0
ELAB.US,D,20240528,000000,3320.24,3320.24,3136,3136,51.15285715564536,0
ELAB.US,D,20240529,000000,3185,3283,3182.55,3258.5,25.282448985912453,0
ELAB.US,D,20240530,000000,3283,3283,3206.56,3207.05,13.033061227748062,0
ELAB.US,D,20240531,000000,3270.26,3270.26,3185,3234,8.330816328613317,0
ELAB.US,D,20240603,000000,3270.75,3332,3233.51,3327.1,8.427142859249644,0
ELAB.US,D,20240604,000000,3329.55,3396.68,3235.47,3258.5,6.0648979606998985,0
ELAB.US,D,20240605,000000,3190.88,3283,3185,3189.9,8.429387757209389,0
ELAB.US,D,20240606,000000,3194.8,3258.01,3042.9,3138.45,13.562653064615157,0
ELAB.US,D,20240607,000000,3229.1,3246.25,3087,3111.5,52.29102042123603,0
ELAB.US,D,20240610,000000,3136,3289.86,2994.39,3052.7,22.70448980159449,0
ELAB.US,D,20240611,000000,3052.7,3135.51,2940,3042.41,16.22938775915939,0
ELAB.US,D,20240612,000000,3086.51,3133.92,3013.99,3094.35,11.991836737691838,0
ELAB.US,D,20240613,000000,3094.35,3136,3013.99,3038,10.166530614786533,0
ELAB.US,D,20240614,000000,2989,3136,2842,2883.16,33.72632653904383,0
ELAB.US,D,20240617,000000,2891,3086.51,2883.16,2925.3,6.829183675176684,0
ELAB.US,D,20240618,000000,2989,3028.69,2842,2891,12.417551023512553,0
ELAB.US,D,20240620,000000,2974.3,2974.3,2793,2886.1,9.86346939022097,0
ELAB.US,D,20240621,000000,2891,2930.15,2802.8,2842,5.0448979604448985,0
ELAB.US,D,20240624,000000,2847.39,2925.79,2822.4,2866.5,5.47346938912347,0
ELAB.US,D,20240625,000000,2891,2929.71,2821.91,2837.1,6.305102042392603,0
ELAB.US,D,20240626,000000,2891,2940,2842,2859.64,27.16755102720006,0
ELAB.US,D,20240627,000000,2915.5,2940,2861.6,2884.63,6.214897960737398,0
ELAB.US,D,20240628,000000,2866.5,2940,2817.5,2842,16.421632657166633,0
ELAB.US,D,20240701,000000,2891,2935.1,2842,2888.06,5.362040817667042,0
ELAB.US,D,20240702,000000,2842,2885.12,2802.8,2802.8,6.716530613924031,0
ELAB.US,D,20240703,000000,2920.4,2926.77,2802.8,2802.8,1.4712244901637248,0
ELAB.US,D,20240705,000000,2852.78,2939.51,2802.8,2817.5,4.03448979692699,0
ELAB.US,D,20240708,000000,2815.05,2915.45,2748.9,2753.31,26.789387761799393,0
ELAB.US,D,20240709,000000,2822.4,2828.04,2744,2748.9,13.370612248240613,0
ELAB.US,D,20240710,000000,2744,2768.5,2646,2655.8,13.564693880942194,0
ELAB.US,D,20240711,000000,2704.8,2748.9,2560.25,2572.99,11.553877553908878,0
ELAB.US,D,20240712,000000,2690.1,2690.1,2351.02,2471.56,33.18061225319311,0
ELAB.US,D,20240715,000000,2618.56,2618.56,2450,2465.68,10.54448979855449,0
ELAB.US,D,20240716,000000,2562.7,2646,2451.47,2555.35,24.37775510813526,0
ELAB.US,D,20240717,000000,2556.33,2597,2484.3,2530.85,18.892653065947655,0
ELAB.US,D,20240718,000000,2523.5,2587.2,2451.47,2472.05,20.064489800934492,0
ELAB.US,D,20240719,000000,2451.47,2533.3,2425.99,2449.51,6.207346940327348,0
ELAB.US,D,20240722,000000,2437.26,2577.4,2278.5,2283.4,20.00795918867546,0
ELAB.US,D,20240723,000000,2352,2442.65,2112.39,2121.7,32.415102048920104,0
ELAB.US,D,20240724,000000,2141.3,2315.5,2122.19,2205,11.916122451958623,0
ELAB.US,D,20240725,000000,2247.63,2309.26,2156,2177.56,5.06795918494046,0
ELAB.US,D,20240726,000000,2162.86,2312.8,2160.9,2168.25,16.66346939192097,0
ELAB.US,D,20240729,000000,2303,2305.45,2210.39,2254,9.928571431053573,0
ELAB.US,D,20240730,000000,2156,2290.75,2156,2160.9,8.804693879752195,0
ELAB.US,D,20240731,000000,2202.55,2287.81,2202.55,2286.83,5.964489797409491,0
ELAB.US,D,20240801,000000,2205,2278.01,2156,2156,14.003265309623266,0
ELAB.US,D,20240802,000000,2156,2204.51,1886.5,1921.29,49.70020409405771,0
ELAB.US,D,20240805,000000,1783.6,1845.83,1568,1637.09,20.55897959697648,0
ELAB.US,D,20240806,000000,1666,1830.64,1662.57,1763.51,6.508775511831277,0
ELAB.US,D,20240807,000000,1739.5,1886.5,1678.25,1734.6,2.8426530619351533,0
ELAB.US,D,20240808,000000,1764,1837.5,1666,1670.9,5.694285715709286,0
ELAB.US,D,20240809,000000,1671.39,1737.54,1622.39,1622.39,3.556122449868623,0
ELAB.US,D,20240812,000000,1687.07,1687.07,1622.39,1624.35,4.4469387766219395,0
ELAB.US,D,20240813,000000,1705.2,1715,1622.39,1634.15,5.150408164552909,0
ELAB.US,D,20240814,000000,1693.93,1693.93,1490.09,1526.35,12.78142857462393,0
ELAB.US,D,20240815,000000,1477.35,1587.11,1376.9,1470.49,18.49530612707281,0
ELAB.US,D,20240816,000000,1528.8,1529.29,1455.3,1455.3,7.87142857339643,0
ELAB.US,D,20240819,000000,1421,1470,1323,1436.68,120.7140816628316,0
ELAB.US,D,20240820,000000,1416.1,1470,1180.9,1225,108.3748979862774,0
ELAB.US,D,20240821,000000,1188.25,1268.12,1065.75,1127,75.79714287609215,0
ELAB.US,D,20240822,000000,1172.08,1223.53,1115.24,1115.24,32.858979600051484,0
ELAB.US,D,20240823,000000,1453.83,1592.5,1229.41,1504.3,7375.957756946031,0
ELAB.US,D,20240826,000000,1832.11,1911,1272.04,1568,7868.214083599707,0
ELAB.US,D,20240827,000000,1470,1631.7,1349.95,1592.5,411.852449082555,0
ELAB.US,D,20240828,000000,1519,1567.51,1396.5,1396.99,207.68653066416655,0
ELAB.US,D,20240829,000000,1396.99,1435.7,1229.9,1314.67,123.89265309219766,0
ELAB.US,D,20240830,000000,1301.44,1332.8,1245.09,1305.36,84.07448981693699,0
ELAB.US,D,20240903,000000,1470,1842.4,1357.79,1568,9600.434900359292,0
ELAB.US,D,20240904,000000,1376.9,1666,1352.4,1586.13,650.143469550291,0
ELAB.US,D,20240905,000000,1595.44,1764,1474.9,1538.6,451.3642858271268,0
ELAB.US,D,20240906,000000,1474.9,1587.6,1421,1426.88,95.73693879944445,0
ELAB.US,D,20240909,000000,1394.05,1423.21,1312.22,1372.98,59.22020409643771,0
ELAB.US,D,20240910,000000,1396.01,1441.09,1328.39,1430.8,150.788979629534,0
ELAB.US,D,20240911,000000,1421,1519,1396.99,1461.18,102.86836737265588,0
ELAB.US,D,20240912,000000,1421,1608.18,1421,1519,94.65244900325497,0
ELAB.US,D,20240913,000000,1509.2,1837.5,1503.81,1715,227.43591842420594,0
ELAB.US,D,20240916,000000,1617,1715.25,1490.09,1516.55,45.326122460311126,0
ELAB.US,D,20240917,000000,1592.01,1813,1541.05,1548.89,74.32612246756113,0
ELAB.US,D,20240918,000000,1553.79,1601.81,1470,1470,34.23877551876378,0
ELAB.US,D,20240919,000000,1563.1,1599.36,1473.92,1498.42,26.760612251588118,0
ELAB.US,D,20240920,000000,1518.51,1553.3,1372,1372,102.53693880114446,0
ELAB.US,D,20240923,000000,556.15,580.16,492.94,521.36,4828.510001207127,0
ELAB.US,D,20240924,000000,493.92,512.05,465.99,504.7,5444.127144218175,0
ELAB.US,D,20240925,000000,514.99,553.7,492.45,514.5,8419.665512308999,0
ELAB.US,D,20240926,000000,494.9,500.78,421.89,436.1,4818.420001204606,0
ELAB.US,D,20240927,000000,455.7,481.67,436.1,452.27,2950.5755109417264,0
ELAB.US,D,20240930,000000,436.1,445.9,402.29,406.7,2499.7546945024897,0
ELAB.US,D,20241001,000000,412.09,426.3,382.69,404.25,2824.2891843795423,0
ELAB.US,D,20241002,000000,433.65,438.06,401.8,417.48,2796.1048986582105,0
ELAB.US,D,20241003,000000,769.79,880.04,614.95,646.8,105063.13206708213,0
ELAB.US,D,20241004,000000,517.93,538.02,475.3,529.2,8133.814083666108,0
ELAB.US,D,20241007,000000,536.55,553.21,453.25,514.99,4299.233266380931,0
ELAB.US,D,20241008,000000,490,557.62,485.1,490.49,3064.999796684617,0
ELAB.US,D,20241009,000000,487.06,499.8,467.95,489.02,1938.811224974499,0
ELAB.US,D,20241010,000000,485.1,526.75,473.389,477.26,1618.3634697923462,0
ELAB.US,D,20241011,000000,494.41,494.788,455.7,459.13,1200.4065309123466,0
ELAB.US,D,20241014,000000,472.36,472.36,448.84,458.64,612.5991838266192,0
ELAB.US,D,20241015,000000,441,463.54,424.34,436.59,1014.8418369884045,0
ELAB.US,D,20241016,000000,429.73,435.61,412.09,421.4,679.1534695575435,0
ELAB.US,D,20241017,000000,426.3,426.3,407.68,426.3,731.4044899787697,0
ELAB.US,D,20241018,000000,418.46,507.64,411.6,456.19,2950.1708170640736,0
ELAB.US,D,20241021,000000,469.42,661.5,445.9,485.1,14071.889799436341,0
ELAB.US,D,20241022,000000,459.62,543.9,436.1,507.15,4269.75245004703,0
ELAB.US,D,20241023,000000,519.4,555.66,465.99,495.88,2255.3185719924013,0
ELAB.US,D,20241024,000000,474.81,492.45,441,451.78,1438.7763268903063,0
ELAB.US,D,20241025,000000,802.13,901.6,475.3,496.37,81367.45063258677,0
ELAB.US,D,20241028,000000,460.11,511.07,445.9,485.1,4346.356531698835,0
ELAB.US,D,20241029,000000,490,514.5,477.75,490,2282.644082203314,0
ELAB.US,D,20241030,000000,474.81,486.08,441,455.21,4175.110817370309,0
ELAB.US,D,20241031,000000,315.56,328.3,285.18,289.1,11078.740410932953,0
ELAB.US,D,20241101,000000,188.65,195.51,138.67,141.61,41281.80307154495,0
ELAB.US,D,20241104,000000,114.66,119.56,93.1,98.49,59315.308382175775,0
ELAB.US,D,20241105,000000,123.97,127.4,100.45,104.86,96850.6145140086,0
ELAB.US,D,20241106,000000,98.98,106.82,78.89,87.22,62828.28715856422,0
ELAB.US,D,20241107,000000,88.69,105.84,83.79,87.71,62315.519403333994,0
ELAB.US,D,20241108,000000,101.92,101.92,89.67,92.61,89548.42777748917,0
ELAB.US,D,20241111,000000,100.94,101.92,92.12,94.57,36146.18960087329,0
ELAB.US,D,20241112,000000,89.67,95.55,83.79,92.12,31352.17980375642,0
ELAB.US,D,20241113,000000,98,134.75,93.59,121.03,110551.32941539293,0
ELAB.US,D,20241114,000000,191.59,216.09,118.09,128.38,150691.10595604015,0
ELAB.US,D,20241115,000000,107.8,127.4,93.59,108.29,77557.21491734848,0
ELAB.US,D,20241118,000000,113.19,120.05,106.82,112.21,59231.01287195062,0
ELAB.US,D,20241119,000000,107.31,109.76,98.98,104.37,39882.41796915429,0
ELAB.US,D,20241120,000000,102.41,108.29,96.53,104.86,40686.34490813077,0
ELAB.US,D,20241121,000000,102.41,102.41,98,98.98,52296.51368654352,0
ELAB.US,D,20241122,000000,91.14,102.9,86.73,98.49,86811.3902257845,0
ELAB.US,D,20241125,000000,84.77,84.77,74.97,77.91,66386.22389414758,0
ELAB.US,D,20241126,000000,71.54,72.52,61.25,61.25,66494.6832819298,0
ELAB.US,D,20241127,000000,57.33,63.7,50.1025,59.045,38422.28572389129,0
ELAB.US,D,20241129,000000,58.31,59.829,50.225,50.225,30470.979599454484,0
ELAB.US,D,20241202,000000,49,55.1226,42.6349,51.45,42433.34694938386,0
ELAB.US,D,20241203,000000,49.98,52.675,47.53,48.755,13355.91837068592,0
ELAB.US,D,20241204,000000,51.205,58.31,45.325,51.205,135356.6939113902,0
ELAB.US,D,20241205,000000,48.755,52.185,46.305,50.715,28780.122456174628,0
ELAB.US,D,20241206,000000,50.96,51.45,46.55,49.98,21095.673474661675,0
ELAB.US,D,20241209,000000,50.47,54.635,49.245,51.45,23600.0000059,0
ELAB.US,D,20241210,000000,51.45,69.335,51.45,62.965,95643.7959422783,0
ELAB.US,D,20241211,000000,58.065,62.475,52.1728,61.005,26795.673476086675,0
ELAB.US,D,20241212,000000,59.29,60.2823,53.4125,54.635,15194.489799716992,0
ELAB.US,D,20241213,000000,54.635,58.6775,53.41,56.105,15470.36735080637,0
ELAB.US,D,20241216,000000,54.88,54.88,49.245,50.47,18123.142861673645,0
ELAB.US,D,20241217,000000,49.245,54.635,45.57,48.265,16992.244902207247,0
ELAB.US,D,20241218,000000,49.245,54.145,49.0025,52.675,91670.0000229175,0
ELAB.US,D,20241219,000000,78.155,87.22,52.9225,57.575,815318.1226528093,0
ELAB.US,D,20241220,000000,62.965,66.15,50.96,62.72,51575.22450268973,0
ELAB.US,D,20241223,000000,62.72,65.17,56.35,63.945,17372.040820669543,0
ELAB.US,D,20241224,000000,63.21,63.21,55.125,57.575,15542.163269191664,0
ELAB.US,D,20241226,000000,57.575,61.005,53.1258,59.045,17901.02041263852,0
ELAB.US,D,20241227,000000,58.31,61.0001,56.5019,59.78,12602.40816641591,0
ELAB.US,D,20241230,000000,56.84,60.025,54.684,58.31,18412.408167868412,0
ELAB.US,D,20241231,000000,58.8,59.5326,54.635,56.105,21134.28571956929,0
ELAB.US,D,20250102,000000,59.29,65.66,57.085,60.76,39167.836744485845,0
ELAB.US,D,20250103,000000,61.495,63.7,59.535,60.76,15119.551024188053,0
ELAB.US,D,20250106,000000,60.025,62.475,56.4725,56.84,18422.8979637894,0
ELAB.US,D,20250107,000000,56.84,60.5003,54.635,57.33,15125.142860924147,0
ELAB.US,D,20250108,000000,57.33,57.33,50.7175,51.695,13783.755105486756,0
ELAB.US,D,20250110,000000,51.45,52.43,49,50.47,9890.44898206445,0
ELAB.US,D,20250113,000000,49.245,53.165,48.02,51.205,8186.775512250776,0
ELAB.US,D,20250114,000000,51.205,58.8,49.49,56.595,33133.87755930388,0
ELAB.US,D,20250115,000000,53.9,54.8776,50.3377,52.92,9120.571430851573,0
ELAB.US,D,20250116,000000,53.655,54.39,50.4774,52.675,4237.428572487929,0
ELAB.US,D,20250117,000000,52.185,52.92,50.715,52.185,5098.653062499154,0
ELAB.US,D,20250121,000000,53.165,53.165,50.0682,51.695,8048.326532624328,0
ELAB.US,D,20250122,000000,51.695,51.695,49.245,49.245,5269.918368664419,0
ELAB.US,D,20250123,000000,49.245,50.225,47.775,48.51,5896.163266780164,0
ELAB.US,D,20250124,000000,97.02,99.715,68.11,75.95,3151190.6130326963,0
ELAB.US,D,20250127,000000,48.51,51.45,41.16,50.225,152364.1633033972,0
ELAB.US,D,20250128,000000,49,49.931,45.57,47.04,30723.75510972176,0
ELAB.US,D,20250129,000000,46.305,46.7877,41.405,42.385,30591.020415811025,0
ELAB.US,D,20250130,000000,39.445,43.365,39.445,41.65,104399.1836995692,0
ELAB.US,D,20250131,000000,41.16,43.365,40.18,41.895,36231.102049874105,0
ELAB.US,D,20250203,000000,41.2825,44.1,41.2825,42.385,17295.591841058595,0
ELAB.US,D,20250204,000000,44.59,45.2148,40.7876,42.63,46849.714297426726,0
ELAB.US,D,20250205,000000,43.61,43.855,41.405,42.875,14650.775513866778,0
ELAB.US,D,20250206,000000,44.1,46.305,42.8701,45.325,26129.22449632823,0
ELAB.US,D,20250207,000000,47.04,47.285,45.57,46.06,22451.959189286463,0
ELAB.US,D,20250210,000000,46.305,46.305,41.405,41.895,20427.591841841593,0
ELAB.US,D,20250211,000000,41.405,42.63,40.5304,41.65,10386.612247494613,0
ELAB.US,D,20250212,000000,40.425,43.9775,39.1559,42.875,12146.326533648828,0
ELAB.US,D,20250213,000000,41.65,43.12,41.16,41.65,9391.877553368378,0
ELAB.US,D,20250214,000000,41.405,42.875,41.2367,41.65,6623.428573084429,0
ELAB.US,D,20250218,000000,42.63,42.875,40.67,40.67,14291.469391327972,0
ELAB.US,D,20250219,000000,40.67,42.63,40.67,41.65,9856.040818790543,0
ELAB.US,D,20250220,000000,41.405,41.65,39.69,39.935,7369.755103883256,0
ELAB.US,D,20250221,000000,40.18,41.895,39.2025,40.425,15022.244901714746,0
ELAB.US,D,20250224,000000,39.935,40.915,37.485,38.465,10697.42857410293,0
ELAB.US,D,20250225,000000,32.095,33.5675,28.42,29.645,17973.30612694231,0
ELAB.US,D,20250226,000000,29.4,32.585,28.91,30.625,12423.469390860972,0
ELAB.US,D,20250227,000000,31.115,31.36,28.91,29.155,7373.755103884257,0
ELAB.US,D,20250228,000000,29.4,31.8378,29.155,30.5025,10391.510206679512,0
ELAB.US,D,20250303,000000,31.605,32.34,29.4,29.645,4292.081633726082,0
ELAB.US,D,20250304,000000,28.42,29.645,27.93,29.4,5399.387756451889,0
ELAB.US,D,20250305,000000,28.91,30.5025,28.665,30.135,3814.367347892368,0
ELAB.US,D,20250306,000000,21.7805,21.7805,16.0279,17.716,61477.83675006335,0
ELAB.US,D,20250307,000000,16.1676,18.62,15.3689,17.64,22902.36735266437,0
ELAB.US,D,20250310,000000,16.38,21.105,15.435,18.0604,45265.1428548796,0
ELAB.US,D,20250311,000000,17.675,18.865,16.1704,16.485,29600.571427091403,0
ELAB.US,D,20250312,000000,16.485,16.87,13.58,14.385,21770.5714274829,0
ELAB.US,D,20250313,000000,14.385,15.75,13.685,13.72,21230.285713224202,0
ELAB.US,D,20250314,000000,13.755,15.12,13.755,14.63,16812.2857134451,0
ELAB.US,D,20250317,000000,14.56,15.33,14.35,14.8225,17877.9999991061,0
ELAB.US,D,20250318,000000,14.805,18.62,14.42,16.45,58483.714282790104,0
ELAB.US,D,20250319,000000,16.905,20.09,16.905,19.74,54843.1428544007,0
ELAB.US,D,20250320,000000,23.24,28.595,20.335,22.4,405719.7142654283,0
ELAB.US,D,20250321,000000,25.9,27.93,16.345,17.255,1498668.2856393524,0
ELAB.US,D,20250324,000000,17.08,18.375,16.8,17.115,47513.999997624305,0
ELAB.US,D,20250325,000000,16.8,17.43,16.2225,17.185,16946.8571420098,0
ELAB.US,D,20250326,000000,16.695,18.48,16.38,17.85,27201.428570068503,0
ELAB.US,D,20250327,000000,17.045,17.745,16.135,17.08,20059.999998997002,0
ELAB.US,D,20250328,000000,17.08,17.7604,16.4854,16.975,6697.7142853794,0
ELAB.US,D,20250331,000000,16.87,16.87,15.435,16.205,6019.428571127601,0
ELAB.US,D,20250401,000000,15.8641,16.1,14.2804,15.155,7963.4285710304,0
ELAB.US,D,20250402,000000,15.2838,16.555,15.1816,15.925,15818.857142066201,0
ELAB.US,D,20250403,000000,15.61,15.82,14.7,15.47,8582.857142428,0
ELAB.US,D,20250404,000000,15.75,16.415,14.945,14.98,6535.4285711018,0
ELAB.US,D,20250407,000000,13.93,14.875,13.93,14.315,9760.2857137977,0
ELAB.US,D,20250408,000000,14.14,15.4,12.2917,12.6,23977.428570229702,0
ELAB.US,D,20250409,000000,12.425,14.343,12.425,13.965,16340.2857134687,0
ELAB.US,D,20250410,000000,18.3334,19.425,10.0835,11.235,3826439.142665821,0
ELAB.US,D,20250411,000000,11.06,11.27,10.15,10.745,72195.99999639021,0
ELAB.US,D,20250414,000000,10.71,11.34,10.255,11.13,28588.857141427703,0
ELAB.US,D,20250415,000000,10.64,10.9417,10.15,10.185,23109.714284558802,0
ELAB.US,D,20250416,000000,8.82,9.345,7.91,9.03,379258.8571238942,0
ELAB.US,D,20250417,000000,9.03,9.17,8.68,9.1,13360.5714279034,0
ELAB.US,D,20250421,000000,8.995,9.485,8.68,9.38,18437.9999990781,0
ELAB.US,D,20250422,000000,9.24,10.01,9.24,9.765,16701.7142848792,0
ELAB.US,D,20250423,000000,10.115,10.36,9.45035,10.185,18641.7142847822,0
ELAB.US,D,20250424,000000,10.255,10.325,7.525,7.77,1542353.9999228823,0
ELAB.US,D,20250425,000000,7.91,9.485,7.735,7.91,233405.714274044,0
ELAB.US,D,20250428,000000,7.98,8.32825,7.56,7.98,93336.8571381903,0
ELAB.US,D,20250429,000000,8.225,8.435,7.875,8.19,31450.857141284603,0
ELAB.US,D,20250430,000000,8.19,8.575,7.49,8.015,40724.8571408209,0
ELAB.US,D,20250501,000000,8.015,8.4,7.87535,8.365,62812.571425430804,0
ELAB.US,D,20250502,000000,8.925,11.2,8.015,8.61,1732447.1427705206,0
ELAB.US,D,20250505,000000,8.4,8.82,7.91,8.505,45837.9999977081,0
ELAB.US,D,20250506,000000,8.295,8.715,8.295,8.47,21917.4285703327,0
ELAB.US,D,20250507,000000,8.26,8.4658,7.805,7.98,30814.285712745,0
ELAB.US,D,20250508,000000,8.085,8.365,7.91035,8.225,21373.9999989313,0
ELAB.US,D,20250509,000000,8.155,8.36465,8.05,8.33,19188.571427612,0
ELAB.US,D,20250512,000000,8.4,8.54,8.085,8.365,21274.8571417934,0
ELAB.US,D,20250513,000000,8.47,8.925,8.33,8.54,35341.1428553758,0
ELAB.US,D,20250514,000000,8.4,8.8375,8.365,8.715,50573.142854614205,0
ELAB.US,D,20250515,000000,8.82,8.82,8.295,8.4,19079.714284760303,0
ELAB.US,D,20250516,000000,8.435,8.925,8.365,8.645,23681.7142845302,0
ELAB.US,D,20250519,000000,8.435,9.03,8.365,8.82,34051.428569726,0
ELAB.US,D,20250520,000000,8.855,9.1,8.75,9.03,22522.857141731,0
ELAB.US,D,20250521,000000,9.17,9.4402,8.575,8.715,31227.1428555815,0
ELAB.US,D,20250522,000000,8.4,9.1,8.05105,8.19,61479.1428540689,0
ELAB.US,D,20250523,000000,8.12,8.4714,7.945,8.225,10393.1428566232,0
ELAB.US,D,20250527,000000,8.4,8.435,7.84,8.26,7254.285713923,0
ELAB.US,D,20250528,000000,8.26,8.365,7.35,7.42,20285.7142847,0
ELAB.US,D,20250529,000000,7.49,7.875,7.28,7.42,15895.1428563481,0
ELAB.US,D,20250530,000000,7.35,7.665,6.8075,7.315,20731.714284677702,0
ELAB.US,D,20250602,000000,7.315,7.7,7.175,7.7,12461.428570805501,0
ELAB.US,D,20250603,000000,7.84,7.87395,7.35035,7.49,14106.5714278661,0
ELAB.US,D,20250604,000000,7.49,7.8015,7.21,7.735,11247.1428565805,0
ELAB.US,D,20250605,000000,7.805,7.805,7.28,7.525,7855.428571035801,0
ELAB.US,D,20250606,000000,7.49875,7.7,7.42,7.595,5366.8571425888,0
ELAB.US,D,20250609,000000,9.135,10.92,8.015,9.24,7901406.285319216,0
ELAB.US,D,20250610,000000,9.345,9.345,6.86,7.49,220078.8571318532,0
ELAB.US,D,20250611,000000,7.28,7.76965,7.175,7.665,52742.5714259343,0
ELAB.US,D,20250612,000000,7.525,7.875,7.49,7.595,44782.5714263323,0
ELAB.US,D,20250613,000000,7.49,7.7,7.21,7.28,23941.428570231503,0
ELAB.US,D,20250616,000000,7.175,7.455,6.825,7.21,175695.7142769295,0
ELAB.US,D,20250617,000000,7.455,7.525,7.105,7.14,60897.999996955106,0
ELAB.US,D,20250618,000000,7.175,7.525,6.86,7.35,33745.142855455604,0
ELAB.US,D,20250620,000000,7.455,7.455,7.21,7.21,15984.2857134865,0
ELAB.US,D,20250623,000000,7.455,7.455,7.175,7.21,8120.8571424511,0
ELAB.US,D,20250624,000000,7.175,7.91,7.175,7.63,97057.14285229001,0
ELAB.US,D,20250625,000000,7.868,7.868,7.42,7.455,13006.5714279211,0
ELAB.US,D,20250626,000000,7.595,7.805,7.455,7.595,14832.5714278298,0
ELAB.US,D,20250627,000000,7.49,7.58765,7.385,7.49,10602.2857137556,0
ELAB.US,D,20250630,000000,7.385,7.7,7.385,7.56,10458.5714280485,0
ELAB.US,D,20250701,000000,7.665,8.365,7.49,8.155,71926.28571068941,0
ELAB.US,D,20250702,000000,8.4,8.4,7.8001,8.085,150475.4285639048,0
ELAB.US,D,20250703,000000,8.085,8.1081,7.665,7.84,16219.428570617602,0
ELAB.US,D,20250707,000000,7.98,8.00905,7.61495,7.875,16564.285713457502,0
ELAB.US,D,20250708,000000,7.91,8.225,7.8057,8.05,17051.142856290302,0
ELAB.US,D,20250709,000000,8.33,8.33,7.84,8.015,10265.1428566296,0
ELAB.US,D,20250710,000000,8.61,8.61,7.7,7.945,54378.571425852504,0
ELAB.US,D,20250711,000000,7.84,7.9765,7.63,7.735,7586.8571424778,0
ELAB.US,D,20250714,000000,7.735,10.115,7.735,8.995,416466.2856934624,0
ELAB.US,D,20250715,000000,8.47,9.275,7.98,8.015,73138.57142491451,0
ELAB.US,D,20250716,000000,7.945,8.645,7.8785,8.295,25220.8571415961,0
ELAB.US,D,20250717,000000,8.12,8.4756,7.945,8.015,26252.8571415445,0
ELAB.US,D,20250718,000000,8.015,8.645,7.945,8.26,36226.285712474404,0
ELAB.US,D,20250721,000000,8.435,8.61,8.225,8.365,19433.7142847426,0
ELAB.US,D,20250722,000000,8.19,8.33,7.98,8.295,11543.1428565657,0
ELAB.US,D,20250723,000000,8.155,8.4,7.98,8.085,14974.857142108402,0
ELAB.US,D,20250724,000000,8.295,8.4,7.7,8.085,25787.4285701392,0
ELAB.US,D,20250725,000000,7.875,8.4,7.875,7.98,15819.7142849233,0
ELAB.US,D,20250728,000000,7.945,8.05,7.84,7.945,5551.428571151,0
ELAB.US,D,20250729,000000,7.945,8.15815,7.77,7.77,6023.428571127401,0
ELAB.US,D,20250730,000000,7.875,8.05,7.665,7.77,33280.5714269074,0
ELAB.US,D,20250731,000000,8.05,8.05,7.14,7.315,19542.2857133086,0
ELAB.US,D,20250801,000000,7.105,7.315,6.72,6.825,17564.8571419789,0
ELAB.US,D,20250804,000000,6.825,7.175,6.825,7.07,6816.285713944901,0
ELAB.US,D,20250805,000000,6.895,6.98845,6.335,6.545,12020.8571422561,0
ELAB.US,D,20250806,000000,6.615,6.86,6.615,6.685,5036.5714283196,0
ELAB.US,D,20250807,000000,6.685,6.755,6.58,6.5975,3315.9999998342,0
ELAB.US,D,20250808,000000,6.545,6.88065,6.475,6.58,7125.428571072301,0
ELAB.US,D,20250811,000000,6.685,6.94785,6.58,6.755,6525.7142853880005,0
ELAB.US,D,20250812,000000,6.58,6.99965,6.58,6.755,5413.1428568722,0
ELAB.US,D,20250813,000000,6.9125,7.035,6.685,6.895,21935.7142846175,0
ELAB.US,D,20250814,000000,6.72,6.74695,6.482,6.51455,5441.142856870801,0
ELAB.US,D,20250815,000000,6.685,7,6.685,6.755,14640.8571421251,0
ELAB.US,D,20250818,000000,6.755,7.175,6.755,6.93,9317.714285248401,0
ELAB.US,D,20250819,000000,6.965,7.035,6.615,6.93,2876.5714284276,0
ELAB.US,D,20250820,000000,6.93,6.93,6.37,6.65,13443.428570756401,0
ELAB.US,D,20250821,000000,6.51,6.65,6.44,6.615,4005.4285712283004,0
ELAB.US,D,20250822,000000,8.785,12.88,8.12,8.295,45263912.56916538,0
ELAB.US,D,20250825,000000,7.945,8.225,6.93,7.35,459409.1428341724,0
ELAB.US,D,20250826,000000,7.105,7.595,7,7.105,125917.14285084701,0
ELAB.US,D,20250827,000000,7.175,7.28,6.72,6.965,99348.8571378897,0
ELAB.US,D,20250828,000000,7,7.105,6.16,6.545,206603.1428468127,0
ELAB.US,D,20250829,000000,6.44,6.44,5.425,5.67,114944.5714228242,0
ELAB.US,D,20250902,000000,4.86,5.6639,4.57,4.66,142390,0
ELAB.US,D,20250903,000000,4.66,4.99,4.6,4.84,130519,0
ELAB.US,D,20250904,000000,5,5.42,4.31,4.36,295037,0
ELAB.US,D,20250905,000000,4.39,4.733,4.35,4.53,79147,0
ELAB.US,D,20250908,000000,4.44,4.575,4.38,4.41,47174,0
ELAB.US,D,20250909,000000,4.4,4.43,4.2939,4.4,37736,0
ELAB.US,D,20250910,000000,4.43,4.46,4.285,4.46,34229,0
ELAB.US,D,20250911,000000,4.5,4.89,4.5,4.78,58372,0
ELAB.US,D,20250912,000000,4.79,4.85,4.71,4.78,35575,0
ELAB.US,D,20250915,000000,4.8704,5.878,4.87,5.77,212049,0
ELAB.US,D,20250916,000000,5.77,5.8913,5.6,5.7,33895,0
ELAB.US,D,20250917,000000,5.72,5.825,5.7,5.7,24563,0
ELAB.US,D,20250918,000000,5.89,6.24,5.8725,6.1,66732,0
ELAB.US,D,20250919,000000,6.05,6.06,5.76,5.82,28315,0
ELAB.US,D,20250922,000000,5.82,6,5.63,5.63,24324,0
ELAB.US,D,20250923,000000,5.64,5.8964,5.27,5.29,36824,0
ELAB.US,D,20250924,000000,5.49,5.49,5.18,5.33,13105,0
ELAB.US,D,20250925,000000,5.39,5.545,5.03,5.03,28513,0
ELAB.US,D,20250926,000000,5.05,5.4,5.04,5.4,33938,0
ELAB.US,D,20250929,000000,5.4,5.6,5.31,5.43,34222,0
ELAB.US,D,20250930,000000,5.5,5.5898,5.05,5.29,35890,0
ELAB.US,D,20251001,000000,5.12,5.26,5.1,5.17,30214,0
ELAB.US,D,20251002,000000,5.18,5.65,5.02,5.44,84689,0
ELAB.US,D,20251003,000000,5.41,5.65,5.14,5.34,32670,0
ELAB.US,D,20251006,000000,5.25,5.6,5.25,5.41,46542,0
ELAB.US,D,20251007,000000,6.14,6.67,5.75,6.34,1290967,0
ELAB.US,D,20251008,000000,6.6,6.9,6.1946,6.29,448500,0
ELAB.US,D,20251009,000000,6.17,6.3,5.762,6.1,132725,0
ELAB.US,D,20251010,000000,5.95,5.95,5.27,5.47,102109,0
ELAB.US,D,20251013,000000,5.25,5.3,5,5.21,4318509,0
ELAB.US,D,20251014,000000,9.69,11.13,8.19,9.03,20410162,0
ELAB.US,D,20251015,000000,7.66,7.66,6.63,7.44,562244,0
ELAB.US,D,20251016,000000,6.3,8.7999,6.24,7.78,420974,0
ELAB.US,D,20251017,000000,7.35,7.5963,6.69,6.89,113088,0
ELAB.US,D,20251020,000000,6.75,7.3799,6.6,6.88,156373,0
ELAB.US,D,20251021,000000,6.74,7,6.7,6.72,54392,0
ELAB.US,D,20251022,000000,6.09,6.631886,6,6.18,104934,0
ELAB.US,D,20251023,000000,6.1,6.41,6.1,6.11,34800,0
ELAB.US,D,20251024,000000,6.035,6.119416,5.83,6.04,71309,0
ELAB.US,D,20251027,000000,5.99,6.11,5.9001,5.95,41726,0
ELAB.US,D,20251028,000000,6.12,6.4055,5.9601,5.99,51028,0
ELAB.US,D,20251029,000000,5.9,5.9699,5.75,5.84,400000,0
ELAB.US,D,20251030,000000,5.95,6.14,5.825,6.03,85665,0
ELAB.US,D,20251031,000000,5.88,6.0666,5.82,5.925,28600,0
ELAB.US,D,20251103,000000,6,6.2159,5.87,5.98,31505,0
ELAB.US,D,20251104,000000,5.86,5.9299,5.63,5.745,29801,0
ELAB.US,D,20251105,000000,5.65,5.65,5.433,5.5,25272,0
