<TICKER>,<PER>,<DATE>,<TIME>,<OPEN>,<HIGH>,<LOW>,<CLOSE>,<VOL>,<OPENINT>
FTEL.US,D,20230808,000000,80,84.16,69.6,80.8,143667,0
FTEL.US,D,20230809,000000,52.48,57.44,43.04,43.04,46934,0
FTEL.US,D,20230810,000000,40.48,43.68,38.4,38.56,16186.6,0
FTEL.US,D,20230811,000000,32.32,42.88,32.32,40.2992,8350.18,0
FTEL.US,D,20230814,000000,39.04,40.9888,36.96,38.72,2175.68,0
FTEL.US,D,20230815,000000,37.92,50.08,35.52,47.2,16272,0
FTEL.US,D,20230816,000000,44.64,51.2,44,48.32,8123.12,0
FTEL.US,D,20230817,000000,48.32,50.8784,48,50.4,2889.81,0
FTEL.US,D,20230818,000000,46.1184,48.4784,45.12,46.88,3817,0
FTEL.US,D,20230821,000000,45.92,46.4,43.84,44.64,12394.5,0
FTEL.US,D,20230822,000000,43.36,45.6,39.52,43.6768,11300.1,0
FTEL.US,D,20230823,000000,42.88,43.52,42.2848,42.64,19590,0
FTEL.US,D,20230824,000000,40.96,44.8,36.9696,41.44,6147.81,0
FTEL.US,D,20230825,000000,39.3616,41.12,39.36,40.8,1068.06,0
FTEL.US,D,20230828,000000,40.32,43.68,38.4,43.68,313.25,0
FTEL.US,D,20230829,000000,42.72,47.52,42.4,46.3984,1261.37,0
FTEL.US,D,20230830,000000,43.2,47.5424,39.2,41.44,1728.81,0
FTEL.US,D,20230831,000000,40.64,42.88,38.24,39.3024,26000,0
FTEL.US,D,20230901,000000,39.52,41.6,38.32,38.72,35376.3,0
FTEL.US,D,20230905,000000,39.2,43.04,39.2,41.6,11081,0
FTEL.US,D,20230906,000000,40.48,44.48,40,42.72,25180.8,0
FTEL.US,D,20230907,000000,41.92,42.88,38.88,41.92,23547,0
FTEL.US,D,20230908,000000,42.4,42.4,39.84,41.6,15557.7,0
FTEL.US,D,20230911,000000,43.04,43.04,39.84,42.56,15306.7,0
FTEL.US,D,20230912,000000,45.44,47.84,41.44,47.84,3916.18,0
FTEL.US,D,20230913,000000,45.28,48,39.84,42.08,28485.6,0
FTEL.US,D,20230914,000000,40.32,42.88,39.84,41.92,8531.37,0
FTEL.US,D,20230915,000000,40.96,41.92,40.96,41.9184,127.312,0
FTEL.US,D,20230918,000000,40.48,44.48,40.48,41.6,768.75,0
FTEL.US,D,20230919,000000,40,41.76,39.6,41.76,142.625,0
FTEL.US,D,20230920,000000,40,43.2,40,42.4,546,0
FTEL.US,D,20230921,000000,39.5104,43.2,39.5104,41.5984,963.687,0
FTEL.US,D,20230922,000000,41.92,42.24,40.96,41.28,434.125,0
FTEL.US,D,20230925,000000,39.9968,40.16,37.6016,39.624,729.562,0
FTEL.US,D,20230926,000000,39.68,40.48,37.6,40.48,1134.43,0
FTEL.US,D,20230927,000000,38.4,40.96,38.24,39.36,468.5,0
FTEL.US,D,20230928,000000,39.36,42.08,38.08,39.2,1328.43,0
FTEL.US,D,20230929,000000,40.64,40.64,37.8,38.4,232.312,0
FTEL.US,D,20231002,000000,37.76,38.256,37.76,38.256,58.8125,0
FTEL.US,D,20231003,000000,38.424,40.16,37.76,37.76,767.625,0
FTEL.US,D,20231004,000000,41.5984,41.5984,39.36,39.36,149.187,0
FTEL.US,D,20231005,000000,40.8,40.8,28.88,32.48,5349.56,0
FTEL.US,D,20231006,000000,34.4,34.4,31.2,31.2,110.937,0
FTEL.US,D,20231009,000000,31.2,31.28,29.28,29.28,138.687,0
FTEL.US,D,20231010,000000,28.32,29.6,20.32,22.56,3292.06,0
FTEL.US,D,20231011,000000,20.16,23.2,19.52,19.52,1263.12,0
FTEL.US,D,20231012,000000,20.8,22.08,17.92,18.72,2231,0
FTEL.US,D,20231013,000000,17.7616,18.72,16.3216,17.92,619.187,0
FTEL.US,D,20231016,000000,18.88,20.48,18.4016,19.84,395.125,0
FTEL.US,D,20231017,000000,18.4,20.16,18.24,18.24,1642.62,0
FTEL.US,D,20231018,000000,18.5264,18.6016,18.5264,18.6016,48.625,0
FTEL.US,D,20231019,000000,18.72,20.16,18.4,18.56,281.687,0
FTEL.US,D,20231020,000000,18.56,18.72,17.92,18.72,533.062,0
FTEL.US,D,20231023,000000,18.8,19.2,18.4,18.88,556.062,0
FTEL.US,D,20231024,000000,19.68,19.68,18.88,19.36,137.937,0
FTEL.US,D,20231025,000000,19.84,20.16,18.88,19.04,425.312,0
FTEL.US,D,20231026,000000,19.36,19.84,18.72,19.04,309,0
FTEL.US,D,20231027,000000,18.4,18.4,18.4,18.4,48.25,0
FTEL.US,D,20231030,000000,18.4,21.6,14.9008,20.8,7061.37,0
FTEL.US,D,20231031,000000,19.2,19.2,18.88,18.88,294.437,0
FTEL.US,D,20231101,000000,16.64,22.24,15.84,18.08,2006.87,0
FTEL.US,D,20231102,000000,18.08,20.32,18.08,19.2016,250.187,0
FTEL.US,D,20231103,000000,18.88,19.36,18.08,19.2,419,0
FTEL.US,D,20231106,000000,17.5712,18.56,17.5712,17.6,187.312,0
FTEL.US,D,20231107,000000,19.04,21.76,18.08,21.76,783.625,0
FTEL.US,D,20231108,000000,20.88,26.4,20.32,26.4,1658.75,0
FTEL.US,D,20231109,000000,24.2512,36.48,22.24,34.08,7734.93,0
FTEL.US,D,20231110,000000,32.96,46.3232,32.96,44.8,44812.2,0
FTEL.US,D,20231113,000000,41.92,52,40.8,52,2112.56,0
FTEL.US,D,20231114,000000,48,48,36.9696,40.8,2099.43,0
FTEL.US,D,20231115,000000,42,47.36,41.6,47.36,2728.31,0
FTEL.US,D,20231116,000000,42.08,45.44,37.1216,45.44,875.125,0
FTEL.US,D,20231117,000000,45.92,45.92,39.68,44.48,2776.18,0
FTEL.US,D,20231120,000000,44,46.4,40.4,42.72,1995.56,0
FTEL.US,D,20231121,000000,40.8,44.296,37.6,39.52,979.875,0
FTEL.US,D,20231122,000000,39.2,41.6,35.68,35.68,1504.25,0
FTEL.US,D,20231124,000000,35.2,35.2,29.76,29.76,242.125,0
FTEL.US,D,20231127,000000,29.76,31.04,27.36,28.16,238.875,0
FTEL.US,D,20231128,000000,29.76,31.0384,18.56,24.3216,1757.06,0
FTEL.US,D,20231129,000000,25.44,39.84,24,32.56,9588.93,0
FTEL.US,D,20231130,000000,31.04,34.56,28.8,34.56,1509.5,0
FTEL.US,D,20231201,000000,34.08,34.08,29.6,30.88,1141.31,0
FTEL.US,D,20231204,000000,28.96,29.6,27.36,27.36,147.562,0
FTEL.US,D,20231205,000000,26.24,27.04,20.8016,21.4416,888.812,0
FTEL.US,D,20231206,000000,18.24,26.384,18.24,22.72,663.125,0
FTEL.US,D,20231207,000000,26.24,36,26.24,32.32,6710.5,0
FTEL.US,D,20231208,000000,34.08,34.08,31.2,32.48,351.437,0
FTEL.US,D,20231211,000000,32.96,33.6,29.12,30.4,1881.62,0
FTEL.US,D,20231212,000000,30.24,30.24,30.24,30.24,78.5625,0
FTEL.US,D,20231213,000000,28.536,31.04,26.56,27.04,968.75,0
FTEL.US,D,20231214,000000,25.2288,31.032,20.16,31.032,678.312,0
FTEL.US,D,20231215,000000,27.2,28.8,23.352,26.4,359.25,0
FTEL.US,D,20231218,000000,25.44,28.8,23.92,28.0016,908.5,0
FTEL.US,D,20231219,000000,27.36,29.28,21.76,28.64,1006,0
FTEL.US,D,20231220,000000,27.0416,29.68,24.32,28.2352,727.625,0
FTEL.US,D,20231221,000000,28.32,29.44,26.08,28,278.187,0
FTEL.US,D,20231222,000000,27.52,29.2,26.24,28.16,523.187,0
FTEL.US,D,20231226,000000,27.36,28.8,22.08,22.6,655.312,0
FTEL.US,D,20231227,000000,22.9376,31.36,22.9376,24.48,1847,0
FTEL.US,D,20231228,000000,24.16,26.32,22.4,23.52,683.562,0
FTEL.US,D,20231229,000000,24,24.96,24,24.48,195.375,0
FTEL.US,D,20240102,000000,24.32,26.24,23.2,26.24,297.75,0
FTEL.US,D,20240103,000000,25.6,25.6,20.3216,20.48,736.125,0
FTEL.US,D,20240104,000000,18.4,22.3792,18.4,20.48,143.875,0
FTEL.US,D,20240105,000000,22.56,22.56,20.8,20.8,232.312,0
FTEL.US,D,20240108,000000,21.44,21.6,19.6672,21.12,287.937,0
FTEL.US,D,20240109,000000,22.24,22.72,18.6864,19.2,762.937,0
FTEL.US,D,20240110,000000,19.04,19.36,16.64,16.64,395.312,0
FTEL.US,D,20240111,000000,17.28,18.08,15.224,15.224,736.062,0
FTEL.US,D,20240112,000000,15.2,16.16,14.08,14.08,1233.37,0
FTEL.US,D,20240116,000000,17.44,17.44,14.72,15.84,1112.56,0
FTEL.US,D,20240117,000000,16.32,22.64,15.68,21.6,42479.8,0
FTEL.US,D,20240118,000000,23.52,31.04,22.4,26.56,41368.1,0
FTEL.US,D,20240119,000000,24.48,29.2544,24.48,29.12,7908.06,0
FTEL.US,D,20240122,000000,28.8,42.4,28.8,41.44,30335.8,0
FTEL.US,D,20240123,000000,40.64,44.16,38.24,41.6,12014.2,0
FTEL.US,D,20240124,000000,40.32,46.4,37.12,45.28,4978.5,0
FTEL.US,D,20240125,000000,42.5616,48.128,40.64,45.76,11542.8,0
FTEL.US,D,20240126,000000,46.08,47.68,40,45.28,10680,0
FTEL.US,D,20240129,000000,37.44,46.8,37.44,45.12,6340.68,0
FTEL.US,D,20240130,000000,44.8,47.52,44.8,47.2,7170.25,0
FTEL.US,D,20240131,000000,44.8,46.4,40.16,46.24,6436.12,0
FTEL.US,D,20240201,000000,43.04,52.4256,43.04,44.16,7207.75,0
FTEL.US,D,20240202,000000,41.2912,48.48,41.2912,44,5155.75,0
FTEL.US,D,20240205,000000,47.36,47.36,44.32,44.32,2612.5,0
FTEL.US,D,20240206,000000,46.4,48,41.6304,44,6109.43,0
FTEL.US,D,20240207,000000,44.3216,60.8,44.3216,55.36,13151,0
FTEL.US,D,20240208,000000,53.6,63.68,51.68,57.28,2361.12,0
FTEL.US,D,20240209,000000,59.328,59.328,48.96,55.36,1665.43,0
FTEL.US,D,20240212,000000,51.52,54.4,40.88,44.16,1484.93,0
FTEL.US,D,20240213,000000,44.6384,54.4,40.32,48.64,4160.93,0
FTEL.US,D,20240214,000000,47.2,47.68,43.68,47.68,538,0
FTEL.US,D,20240215,000000,44.16,45.6,43.2,45.12,182.75,0
FTEL.US,D,20240216,000000,44.48,47.52,44.48,47.52,78.375,0
FTEL.US,D,20240220,000000,48.48,52,47.2,50.4,537.437,0
FTEL.US,D,20240221,000000,51.04,56.96,44.16,47.36,2701.37,0
FTEL.US,D,20240222,000000,48,68.944,48,64,11677.6,0
FTEL.US,D,20240223,000000,62.4,68.8,62.4,68.8,1036.75,0
FTEL.US,D,20240226,000000,68,79.84,66.24,74.08,8843.75,0
FTEL.US,D,20240227,000000,79.2,93.04,74.88,77.6,13294.6,0
FTEL.US,D,20240228,000000,70.88,80.0944,64,79.2,4580,0
FTEL.US,D,20240229,000000,80.96,80.96,67.84,76.64,4133,0
FTEL.US,D,20240301,000000,76.8,79.52,72,78.4,4863.5,0
FTEL.US,D,20240304,000000,80,83.2,76,82.88,5099.06,0
FTEL.US,D,20240305,000000,85.28,85.28,76.96,79.2,4084.62,0
FTEL.US,D,20240306,000000,82.72,87.52,80,84,13296,0
FTEL.US,D,20240307,000000,84.16,89.5984,82.72,87.84,12712.3,0
FTEL.US,D,20240308,000000,89.76,103.68,79.2,99.04,12953.8,0
FTEL.US,D,20240311,000000,97.28,118.4,97.28,106.72,24221,0
FTEL.US,D,20240312,000000,105.92,120,101.12,108.32,33462,0
FTEL.US,D,20240313,000000,112.32,115.28,94.88,108.96,35064,0
FTEL.US,D,20240314,000000,110.08,113.598,105.92,110.72,31365.6,0
FTEL.US,D,20240315,000000,113.6,118.88,105.6,108.32,37286.3,0
FTEL.US,D,20240318,000000,105.44,111.84,97.92,111.36,37070.8,0
FTEL.US,D,20240319,000000,109.12,128,105.088,126.72,26041.3,0
FTEL.US,D,20240320,000000,130.4,140.48,106.24,107.04,34226.8,0
FTEL.US,D,20240321,000000,105.44,114.4,101.12,113.6,37825,0
FTEL.US,D,20240322,000000,114.88,119.36,107.68,109.92,43350.4,0
FTEL.US,D,20240325,000000,107.52,117.28,102.4,107.84,44852.5,0
FTEL.US,D,20240326,000000,107.68,116.32,105.44,108.8,40160.1,0
FTEL.US,D,20240327,000000,107.68,124.96,96.16,109.6,52972,0
FTEL.US,D,20240328,000000,108.8,132,108.8,126.56,43376.5,0
FTEL.US,D,20240401,000000,126.4,146.4,107.2,134.88,49544.9,0
FTEL.US,D,20240402,000000,134.56,144.8,121.6,136.8,68320.2,0
FTEL.US,D,20240403,000000,134.72,147.04,131.37,142.4,42050,0
FTEL.US,D,20240404,000000,140.8,147.2,107.2,117.28,71349.5,0
FTEL.US,D,20240405,000000,113.44,137.44,113.44,132,51140.8,0
FTEL.US,D,20240408,000000,132.96,132.96,124.48,125.44,51574.3,0
FTEL.US,D,20240409,000000,127.2,132.64,112,112.32,51614.8,0
FTEL.US,D,20240410,000000,109.6,127.2,108.96,110.24,57096,0
FTEL.US,D,20240411,000000,110.4,113.6,105.6,109.12,55534.1,0
FTEL.US,D,20240412,000000,108.8,115.2,103.835,109.12,67496.5,0
FTEL.US,D,20240415,000000,109.6,118.08,102.72,109.12,64151,0
FTEL.US,D,20240416,000000,108.32,115.2,105.6,109.6,67370.1,0
FTEL.US,D,20240417,000000,108.48,112,105.44,109.44,72665.7,0
FTEL.US,D,20240418,000000,109.92,135.52,107.36,124.64,71303.1,0
FTEL.US,D,20240419,000000,124.64,129.12,112.48,122.4,63225.6,0
FTEL.US,D,20240422,000000,120.48,145.6,120.48,143.36,73136.1,0
FTEL.US,D,20240423,000000,146.4,158.4,144,146.24,70825.1,0
FTEL.US,D,20240424,000000,144.48,144.64,128.8,141.12,68269.9,0
FTEL.US,D,20240425,000000,141.92,149.28,135.84,146.4,66054.4,0
FTEL.US,D,20240426,000000,146.88,148.16,121.6,128,65661.3,0
FTEL.US,D,20240429,000000,128,128,96.3296,97.92,81874.5,0
FTEL.US,D,20240430,000000,98.72,116.96,97.1216,100.96,67933.7,0
FTEL.US,D,20240501,000000,101.76,108.8,94.72,104.8,52865.8,0
FTEL.US,D,20240502,000000,104.8,105.6,99.2,101.76,43875.7,0
FTEL.US,D,20240503,000000,106.4,149.76,100.16,123.52,144328,0
FTEL.US,D,20240506,000000,119.2,156.16,115.52,147.84,57126,0
FTEL.US,D,20240507,000000,144,164.48,129.44,150.08,35599.2,0
FTEL.US,D,20240508,000000,148.48,181.76,147.84,180.8,33308.4,0
FTEL.US,D,20240509,000000,180.8,240,180.8,217.12,32436.6,0
FTEL.US,D,20240510,000000,217.12,230.08,188.568,197.92,31625.2,0
FTEL.US,D,20240513,000000,192,218.878,185.442,190.24,36831.9,0
FTEL.US,D,20240514,000000,198.4,203.2,174.24,177.76,33231.5,0
FTEL.US,D,20240515,000000,174.4,180.24,166.56,167.52,35341.1,0
FTEL.US,D,20240516,000000,172.8,204.48,168.222,177.6,34262.3,0
FTEL.US,D,20240517,000000,175.84,198.536,172.96,184,25598.6,0
FTEL.US,D,20240520,000000,186.08,229.44,179.2,212.64,25206.5,0
FTEL.US,D,20240521,000000,208,248,205.965,234.56,31874.7,0
FTEL.US,D,20240522,000000,240,271.84,222.803,269.28,29245,0
FTEL.US,D,20240523,000000,277.12,299.2,257.674,273.6,26410.6,0
FTEL.US,D,20240524,000000,276.32,310.667,247.2,254.08,29839,0
FTEL.US,D,20240528,000000,264.8,283.307,224,267.2,35479.1,0
FTEL.US,D,20240529,000000,240,311.84,235.68,272,42275,0
FTEL.US,D,20240530,000000,272.32,544.96,177.12,272.48,229372,0
FTEL.US,D,20240531,000000,265.12,271.296,233.76,248.16,28710.1,0
FTEL.US,D,20240603,000000,243.52,243.84,206.88,216.48,14774.1,0
FTEL.US,D,20240604,000000,216.48,261.44,210.722,249.6,19873.5,0
FTEL.US,D,20240605,000000,244,303.406,240.16,270.56,16401.4,0
FTEL.US,D,20240606,000000,256.64,284.32,244.962,255.84,12614.6,0
FTEL.US,D,20240607,000000,252.96,271.998,229.762,232.8,13926.1,0
FTEL.US,D,20240610,000000,233.12,243.914,228.8,236.48,3875.5,0
FTEL.US,D,20240611,000000,235.2,247.84,230.096,244,2406.12,0
FTEL.US,D,20240612,000000,256.64,299.038,251.2,294.88,7285.68,0
FTEL.US,D,20240613,000000,288,315.04,288,314.56,7474.93,0
FTEL.US,D,20240614,000000,317.76,334.24,312.16,316.8,8504.31,0
FTEL.US,D,20240617,000000,313.92,390.24,313.92,372.8,14247,0
FTEL.US,D,20240618,000000,386.08,401.92,377.52,396,12639.9,0
FTEL.US,D,20240620,000000,396.96,479.52,396.96,464,17213.5,0
FTEL.US,D,20240621,000000,457.28,497.6,434.88,476.16,20903,0
FTEL.US,D,20240624,000000,472.8,479.84,443.2,467.2,6781.56,0
FTEL.US,D,20240625,000000,468.16,557.92,468.16,518.4,16200.9,0
FTEL.US,D,20240626,000000,512,622.24,512,622.24,14637.3,0
FTEL.US,D,20240627,000000,592.48,638.24,448.48,540.48,32545.8,0
FTEL.US,D,20240628,000000,547.68,550.4,434.947,486.24,20908.8,0
FTEL.US,D,20240701,000000,487.2,526.4,476.96,489.6,9404.31,0
FTEL.US,D,20240702,000000,464.8,497.44,437.227,445.92,9193.56,0
FTEL.US,D,20240703,000000,441.6,471.68,439.16,469.6,2429.81,0
FTEL.US,D,20240705,000000,464.96,523.518,464.96,516.96,8150.18,0
FTEL.US,D,20240708,000000,519.84,527.84,502.72,516.64,4739.5,0
FTEL.US,D,20240709,000000,540.8,556.8,507.68,519.36,6712.62,0
FTEL.US,D,20240710,000000,518.24,529.579,470.72,473.92,4610.06,0
FTEL.US,D,20240711,000000,457.28,483.466,452,463.84,3044.25,0
FTEL.US,D,20240712,000000,479.84,494.56,464.334,480,2185.5,0
FTEL.US,D,20240715,000000,494.24,512.002,483.2,490.4,4521.87,0
FTEL.US,D,20240716,000000,496,507.048,480,484.8,3294.62,0
FTEL.US,D,20240717,000000,480,488.48,424.16,428.32,5674.25,0
FTEL.US,D,20240718,000000,409.44,414.88,304.96,315.04,18267.5,0
FTEL.US,D,20240719,000000,310.4,368,306.08,354.08,5839.12,0
FTEL.US,D,20240722,000000,320,333.04,290.395,310.88,11643.3,0
FTEL.US,D,20240723,000000,303.68,303.68,214.08,221.6,31324.7,0
FTEL.US,D,20240724,000000,196.8,248,185.827,215.84,19880.5,0
FTEL.US,D,20240725,000000,224,230.96,213.6,226.56,6574.5,0
FTEL.US,D,20240726,000000,230.4,270.083,229.12,245.92,8022.81,0
FTEL.US,D,20240729,000000,244.96,260.48,238.56,252,3638.56,0
FTEL.US,D,20240730,000000,247.04,259.84,247.04,257.44,2970.56,0
FTEL.US,D,20240731,000000,263.36,291.52,256,284.16,5112.31,0
FTEL.US,D,20240801,000000,288,313.44,281.499,311.36,7165.68,0
FTEL.US,D,20240802,000000,315.04,416,308.48,314.4,33320.3,0
FTEL.US,D,20240805,000000,288.64,352,272.8,324.32,8628.5,0
FTEL.US,D,20240806,000000,340.48,352,248.88,257.6,14308,0
FTEL.US,D,20240807,000000,258.08,265.68,216.96,224.16,10236.5,0
FTEL.US,D,20240808,000000,225.44,277.92,224.826,245.44,9862.56,0
FTEL.US,D,20240809,000000,243.68,269.28,176.16,216,26965.1,0
FTEL.US,D,20240812,000000,214.4,243.2,214.4,215.68,5308.25,0
FTEL.US,D,20240813,000000,214.24,220.8,204.96,212.64,2920.87,0
FTEL.US,D,20240814,000000,213.76,233.76,213.76,232,3313.68,0
FTEL.US,D,20240815,000000,233.92,262.88,232.16,258.72,4782,0
FTEL.US,D,20240816,000000,266.24,271.84,248,249.12,2716.68,0
FTEL.US,D,20240819,000000,247.2,261.68,234.4,240.16,2491.18,0
FTEL.US,D,20240820,000000,235.04,243.2,209.44,215.2,9108.5,0
FTEL.US,D,20240821,000000,214.08,231.998,210.88,230.24,6994.31,0
FTEL.US,D,20240822,000000,233.28,241.12,218.56,224.16,2750.12,0
FTEL.US,D,20240823,000000,228.8,287.998,222.56,267.2,8920.81,0
FTEL.US,D,20240826,000000,268.32,297.92,265.2,290.4,5609.31,0
FTEL.US,D,20240827,000000,296.64,296.64,265.6,271.68,3424.31,0
FTEL.US,D,20240828,000000,268.16,288.32,268.16,284.32,1824.68,0
FTEL.US,D,20240829,000000,281.44,291.04,253.76,261.6,4791.75,0
FTEL.US,D,20240830,000000,259.36,277.88,234.88,238.56,10140.4,0
FTEL.US,D,20240903,000000,237.12,263.998,216.16,240,19239.9,0
FTEL.US,D,20240904,000000,245.92,267.04,213.282,225.28,13086.9,0
FTEL.US,D,20240905,000000,222.4,238.4,195.36,202.72,42040.4,0
FTEL.US,D,20240906,000000,202.08,220,197.44,212,12191.6,0
FTEL.US,D,20240909,000000,212.96,265.28,208,208,13123.5,0
FTEL.US,D,20240910,000000,206.56,220.8,202.4,218.88,4778.5,0
FTEL.US,D,20240911,000000,217.92,290.08,211.36,281.44,24408,0
FTEL.US,D,20240912,000000,277.44,302.858,264.8,293.44,12155.5,0
FTEL.US,D,20240913,000000,293.12,391.998,225.76,252.48,40055.1,0
FTEL.US,D,20240916,000000,258.56,351.998,258.56,329.92,35083.1,0
FTEL.US,D,20240917,000000,355.2,368,156.32,274.08,71487.6,0
FTEL.US,D,20240918,000000,272,272,224.48,266.08,10411.6,0
FTEL.US,D,20240919,000000,270.24,299.2,251.808,272,11859.7,0
FTEL.US,D,20240920,000000,278.08,287.672,230.562,247.68,9828.5,0
FTEL.US,D,20240923,000000,258.24,265.12,240.002,264.32,5868.68,0
FTEL.US,D,20240924,000000,270.4,290.72,252.8,283.84,6556.37,0
FTEL.US,D,20240925,000000,283.52,289.598,272.16,281.76,2401.68,0
FTEL.US,D,20240926,000000,285.6,293.696,275.2,277.28,4999.62,0
FTEL.US,D,20240927,000000,275.36,287.36,242.88,262.56,4645.06,0
FTEL.US,D,20240930,000000,262.4,270.88,256,259.52,2130.87,0
FTEL.US,D,20241001,000000,265.76,280,251.52,276.48,4392.81,0
FTEL.US,D,20241002,000000,271.84,273.6,254.08,258.56,5463.06,0
FTEL.US,D,20241003,000000,261.92,275.2,256,267.52,3141.31,0
FTEL.US,D,20241004,000000,265.6,274.72,260,273.6,2671.93,0
FTEL.US,D,20241007,000000,268.64,275.52,243.2,246.56,10247.6,0
FTEL.US,D,20241008,000000,249.6,256,248,254.88,2524.81,0
FTEL.US,D,20241009,000000,248.8,268.8,248.8,252.64,1662.06,0
FTEL.US,D,20241010,000000,250.88,256,241.76,247.2,5177.25,0
FTEL.US,D,20241011,000000,247.36,288,247.36,270.08,7459.06,0
FTEL.US,D,20241014,000000,269.28,273.6,258.4,264.64,2682.87,0
FTEL.US,D,20241015,000000,271.52,279.84,263.872,275.68,6915.43,0
FTEL.US,D,20241016,000000,274.56,294.4,263.64,290.24,4690.87,0
FTEL.US,D,20241017,000000,292.64,293.28,281.21,286.4,4628.75,0
FTEL.US,D,20241018,000000,289.12,292.8,282.4,292.8,683.125,0
FTEL.US,D,20241021,000000,291.2,426.4,291.2,358.56,28177.8,0
FTEL.US,D,20241022,000000,358.72,384,336,341.44,6967.25,0
FTEL.US,D,20241023,000000,338.08,350.8,328,337.92,3536.62,0
FTEL.US,D,20241024,000000,340.96,366.4,328.16,356.48,4683.68,0
FTEL.US,D,20241025,000000,363.36,597.76,363.36,514.72,34583.6,0
FTEL.US,D,20241028,000000,547.36,599.04,481.28,501.12,11069.2,0
FTEL.US,D,20241029,000000,526.24,584.48,512,575.04,7269,0
FTEL.US,D,20241030,000000,568,600,524.48,544.16,6507.81,0
FTEL.US,D,20241031,000000,543.36,575.52,504.16,513.92,4366,0
FTEL.US,D,20241101,000000,519.84,519.84,472.595,487.36,4189.62,0
FTEL.US,D,20241104,000000,489.76,507.36,458.88,476.16,4612.62,0
FTEL.US,D,20241105,000000,480,543.84,474.32,521.44,3831.87,0
FTEL.US,D,20241106,000000,544,557.28,492.8,500.32,3940.68,0
FTEL.US,D,20241107,000000,499.2,514.4,400.64,440.64,7084.68,0
FTEL.US,D,20241108,000000,432.8,518,432.8,496,5041.06,0
FTEL.US,D,20241111,000000,510.08,515.2,450.32,488,5183.12,0
FTEL.US,D,20241112,000000,477.6,524.48,468.8,480,6378.18,0
FTEL.US,D,20241113,000000,480.16,492.96,432.48,451.2,11128.8,0
FTEL.US,D,20241114,000000,440.16,463.84,432,451.2,5161,0
FTEL.US,D,20241115,000000,459.2,587.04,457.6,580,22400.4,0
FTEL.US,D,20241118,000000,576.32,638.08,491.2,502.4,24208.5,0
FTEL.US,D,20241119,000000,494.4,568,472.002,513.92,29098.9,0
FTEL.US,D,20241120,000000,553.12,560,434.56,476,51874.1,0
FTEL.US,D,20241121,000000,480,502.08,359.68,381.6,17734.3,0
FTEL.US,D,20241122,000000,381.76,429.517,380.48,403.68,7296.87,0
FTEL.US,D,20241125,000000,403.68,406.4,367.2,381.6,12960.2,0
FTEL.US,D,20241126,000000,363.04,424.88,363.04,415.84,6652.68,0
FTEL.US,D,20241127,000000,430.08,443.68,393.76,432,8906.12,0
FTEL.US,D,20241129,000000,448.16,458.08,432.96,458.08,8202.75,0
FTEL.US,D,20241202,000000,464,464,426.459,451.52,4105,0
FTEL.US,D,20241203,000000,454.24,480,440.16,464.8,3570.37,0
FTEL.US,D,20241204,000000,468.16,478.696,449.28,470.24,6103.18,0
FTEL.US,D,20241205,000000,476.32,483.2,449.6,464.8,1699.68,0
FTEL.US,D,20241206,000000,466.88,538.24,451.68,528,10362.3,0
FTEL.US,D,20241209,000000,528,542.08,471.04,512.96,13387.4,0
FTEL.US,D,20241210,000000,526.4,548.48,496.16,514.24,4316.25,0
FTEL.US,D,20241211,000000,539.68,584,504,525.28,24107.4,0
FTEL.US,D,20241212,000000,525.28,556.16,438.4,464.16,33819.3,0
FTEL.US,D,20241213,000000,467.36,478.718,440,458.08,11597.2,0
FTEL.US,D,20241216,000000,452.64,492,433.6,478.4,7914.75,0
FTEL.US,D,20241217,000000,485.12,614.24,392.48,614.24,32731.5,0
FTEL.US,D,20241218,000000,447.04,792,80,112,105698,0
FTEL.US,D,20241219,000000,106.88,126.4,73.92,84.32,110831,0
FTEL.US,D,20241220,000000,82.08,94.24,79.84,92.8,12535.7,0
FTEL.US,D,20241223,000000,96,175.04,96,153.12,46847.5,0
FTEL.US,D,20241224,000000,152.16,156.898,128.16,135.36,11217.3,0
FTEL.US,D,20241226,000000,136.48,146.24,123.12,137.6,7285.81,0
FTEL.US,D,20241227,000000,140.48,148.96,136.16,138.88,3294.43,0
FTEL.US,D,20241230,000000,136.8,148.08,121.6,144.64,4396.43,0
FTEL.US,D,20241231,000000,144.8,150.81,137.12,139.84,2499.31,0
FTEL.US,D,20250102,000000,139.36,158.4,139.2,154.4,5391.75,0
FTEL.US,D,20250103,000000,156.16,156.16,144.16,152.64,4753.87,0
FTEL.US,D,20250106,000000,148.16,148.8,136,143.2,4189.18,0
FTEL.US,D,20250107,000000,142.88,155.2,140.8,142.56,6623.37,0
FTEL.US,D,20250108,000000,142.24,187.68,139.12,171.04,20422.7,0
FTEL.US,D,20250110,000000,164.8,176,159.04,165.44,19117.5,0
FTEL.US,D,20250113,000000,168.16,180.768,153.44,157.92,22616.8,0
FTEL.US,D,20250114,000000,153.92,167.36,121.04,126.88,20979,0
FTEL.US,D,20250115,000000,130.4,155.04,128.8,147.2,22256.1,0
FTEL.US,D,20250116,000000,140,154.88,140,152.96,22401.1,0
FTEL.US,D,20250117,000000,155.68,178.4,152,160,32227.4,0
FTEL.US,D,20250121,000000,155.2,163.198,150.08,158.72,31600.8,0
FTEL.US,D,20250122,000000,160.48,169.474,152.8,157.12,31457.7,0
FTEL.US,D,20250123,000000,155.04,156.8,146.4,151.2,28603.3,0
FTEL.US,D,20250124,000000,146.88,178.4,146.88,166.88,31630,0
FTEL.US,D,20250127,000000,167.84,167.84,137.6,143.52,27928.8,0
FTEL.US,D,20250128,000000,142.56,148.56,139.84,148.56,18755,0
FTEL.US,D,20250129,000000,153.6,170.56,147.68,164.64,19441.3,0
FTEL.US,D,20250130,000000,167.84,177.31,161.198,172.32,20550.8,0
FTEL.US,D,20250131,000000,171.2,174.4,154.08,158.88,18991.8,0
FTEL.US,D,20250203,000000,153.6,164.32,142.562,151.36,32000.8,0
FTEL.US,D,20250204,000000,150.4,152.16,136.8,147.36,38210.1,0
FTEL.US,D,20250205,000000,151.84,151.84,109.44,112.16,43235.6,0
FTEL.US,D,20250206,000000,112.32,116.8,91.04,100.48,52897.8,0
FTEL.US,D,20250207,000000,86.72,90.08,40.008,43.04,143517,0
FTEL.US,D,20250210,000000,45.76,45.92,33.12,34.4,67073.8,0
FTEL.US,D,20250211,000000,33.76,35.0336,15.2,16,464616,0
FTEL.US,D,20250212,000000,14.4,15.9968,10.0816,12.8096,588285,0
FTEL.US,D,20250213,000000,12.1056,15.2,11.2,14.2576,256414,0
FTEL.US,D,20250214,000000,14.56,22.72,13.6,19.36,525764,0
FTEL.US,D,20250218,000000,19.2,21.28,15.4864,17.6,253734,0
FTEL.US,D,20250219,000000,16.8,17.28,14.4,15.6816,121923,0
FTEL.US,D,20250220,000000,16.32,17.28,13.9168,14.4032,85168.5,0
FTEL.US,D,20250221,000000,14.72,16.32,14.08,14.5776,54925.8,0
FTEL.US,D,20250224,000000,14.72,14.72,10.9296,13.408,50635,0
FTEL.US,D,20250225,000000,13.36,13.36,11.36,11.68,27730.5,0
FTEL.US,D,20250226,000000,12,12.9584,11.8416,12.4816,14988.3,0
FTEL.US,D,20250227,000000,12.8,12.96,11.1097,11.2256,22488.6,0
FTEL.US,D,20250228,000000,10.72,11.3408,10.5696,10.8192,19731.3,0
FTEL.US,D,20250303,000000,11.04,11.1504,9.6336,10.2384,27606.6,0
FTEL.US,D,20250304,000000,10.08,10.2208,8.896,9.728,13542.3,0
FTEL.US,D,20250305,000000,9.424,9.76,8.32,9.112,19447.7,0
FTEL.US,D,20250306,000000,8.496,9.44,8.4832,8.808,11110.4,0
FTEL.US,D,20250307,000000,8.928,9.15504,8.4864,8.864,9268,0
FTEL.US,D,20250310,000000,8.4848,9.7024,8.32,8.8,11408.5,0
FTEL.US,D,20250311,000000,8.592,9.11998,8.144,8.944,8553.06,0
FTEL.US,D,20250312,000000,8.768,9.088,8.528,9.0784,5928.31,0
FTEL.US,D,20250313,000000,8.96,9.0784,8.3312,8.8,8222.75,0
FTEL.US,D,20250314,000000,8.536,9.2048,8.32,8.8496,10714.6,0
FTEL.US,D,20250317,000000,8.8496,9.28,8.576,9.28,11217.3,0
FTEL.US,D,20250318,000000,8.96,11.04,8.96,10.2976,19536,0
FTEL.US,D,20250319,000000,10.6336,12.4432,10.4,11.664,34622.6,0
FTEL.US,D,20250320,000000,12,15.1024,12,14.352,63510.5,0
FTEL.US,D,20250321,000000,14.72,14.8064,13.44,14.064,24446.6,0
FTEL.US,D,20250324,000000,14.4864,14.5598,12.8,13.408,17841.3,0
FTEL.US,D,20250325,000000,12.8992,14.08,11.84,13.2752,15260.3,0
FTEL.US,D,20250326,000000,13.6736,13.76,11.6816,11.8128,9953.31,0
FTEL.US,D,20250327,000000,11.792,11.8756,9.9184,11.152,13803.5,0
FTEL.US,D,20250328,000000,11.52,11.52,9.6016,9.6048,10897,0
FTEL.US,D,20250331,000000,9.584,9.6,8.528,9.12,7639.5,0
FTEL.US,D,20250401,000000,8.8,10.568,8.8,10.2048,5990,0
FTEL.US,D,20250402,000000,9.856,11.0512,9.856,10.688,4695.75,0
FTEL.US,D,20250403,000000,9.92,10.6864,9.6,9.9936,7993.87,0
FTEL.US,D,20250404,000000,9.1792,11.0384,8.992,9.616,11858.3,0
FTEL.US,D,20250407,000000,9.8384,10.648,9.12,10.592,10460.8,0
FTEL.US,D,20250408,000000,10.672,11.9968,10.184,10.7544,9209.5,0
FTEL.US,D,20250409,000000,11.04,11.04,9.77149,10.2832,8631,0
FTEL.US,D,20250410,000000,10.464,10.872,9.92,10.6,5759.18,0
FTEL.US,D,20250411,000000,10.256,11.04,10.24,10.88,4463.18,0
FTEL.US,D,20250414,000000,10.8736,11.12,10.4,10.7184,4623.93,0
FTEL.US,D,20250415,000000,10.424,11.04,10.376,10.864,4322.93,0
FTEL.US,D,20250416,000000,10.416,10.9248,9.84162,10.48,5607.87,0
FTEL.US,D,20250417,000000,10.1792,10.3984,9.76,10.24,4697.75,0
FTEL.US,D,20250421,000000,9.6,10.2208,8.64,8.8032,7262.93,0
FTEL.US,D,20250422,000000,8.64,9.184,8.64,9.152,4384.56,0
FTEL.US,D,20250423,000000,8.976,9.5952,8.8,9.568,3014.93,0
FTEL.US,D,20250424,000000,9.1056,9.8832,9.1056,9.216,3843.5,0
FTEL.US,D,20250425,000000,9.488,10.0704,9.2832,9.7552,1838.37,0
FTEL.US,D,20250428,000000,9.5952,10.072,8.9248,9.4832,10637.9,0
FTEL.US,D,20250429,000000,9.104,9.43998,8.48,8.784,9045.87,0
FTEL.US,D,20250430,000000,8.6768,8.6768,6.88,7.3104,14523.1,0
FTEL.US,D,20250501,000000,7.36,7.83998,6.88,7.0976,7812.68,0
FTEL.US,D,20250502,000000,6.88,7.9616,6.88,7.616,11956.5,0
FTEL.US,D,20250505,000000,7.3584,7.616,7.2,7.52,5634.93,0
FTEL.US,D,20250506,000000,7.8976,8.8,7.6816,8.032,10853.3,0
FTEL.US,D,20250507,000000,8.032,8.6128,7.68,8.16,4286.56,0
FTEL.US,D,20250508,000000,7.8224,8.616,7.6992,8.464,8359.12,0
FTEL.US,D,20250509,000000,8.64,8.64,8.05314,8.3952,2019.31,0
FTEL.US,D,20250512,000000,8,8.32,7.68,8.32,11947.2,0
FTEL.US,D,20250513,000000,8.32,8.7968,7.84162,8.0192,9127.31,0
FTEL.US,D,20250514,000000,8.2864,8.8,7.848,8,6054.12,0
FTEL.US,D,20250515,000000,7.84,8.624,7.84,8.5824,4308.18,0
FTEL.US,D,20250516,000000,8.48,9.11984,8.1808,9.104,6010.06,0
FTEL.US,D,20250519,000000,8.8304,9.104,8.3728,8.496,2461.93,0
FTEL.US,D,20250520,000000,8.5008,8.8,8.32,8.48,3078.62,0
FTEL.US,D,20250521,000000,8.48,8.7824,8.48,8.4976,2431.75,0
FTEL.US,D,20250522,000000,8.144,8.96,8.144,8.7712,3412.37,0
FTEL.US,D,20250523,000000,8.4784,9.12,8.336,8.7968,3383.75,0
FTEL.US,D,20250527,000000,8.8,9.104,8.496,8.64,2542,0
FTEL.US,D,20250528,000000,8.48,8.96,8.4,8.7056,8436.56,0
FTEL.US,D,20250529,000000,8.96,8.96,8.52,8.6848,2177.43,0
FTEL.US,D,20250530,000000,8.52,8.64,6.88,7.2016,24724.2,0
FTEL.US,D,20250602,000000,7.52,7.83998,6.4,7.36,21492.3,0
FTEL.US,D,20250603,000000,6.88016,7.68,6.88016,7.6784,2746.06,0
FTEL.US,D,20250604,000000,7.6512,7.9376,7.4528,7.68,2976.62,0
FTEL.US,D,20250605,000000,7.36,7.84,7.36,7.4416,5604.18,0
FTEL.US,D,20250606,000000,7.6,7.81598,6.72,7.4768,4457.81,0
FTEL.US,D,20250609,000000,7.4352,7.67998,7.2224,7.4096,2207.5,0
FTEL.US,D,20250610,000000,7.352,7.424,7.2144,7.36,3033.68,0
FTEL.US,D,20250611,000000,7.52,7.52,7.2016,7.52,7408.62,0
FTEL.US,D,20250612,000000,7.92,7.976,7.52,7.744,2486.5,0
FTEL.US,D,20250613,000000,7.424,7.52,7.2,7.26816,1152.68,0
FTEL.US,D,20250616,000000,5.76,9.072,5.76,8.704,163417,0
FTEL.US,D,20250617,000000,8.4416,8.48,8.0176,8.304,11541.7,0
FTEL.US,D,20250618,000000,8.16,8.16,7.6144,7.76,2914.18,0
FTEL.US,D,20250620,000000,7.84,8.6992,7.2,7.92,4437.25,0
FTEL.US,D,20250623,000000,7.9088,8.336,7.2,7.6,8840.18,0
FTEL.US,D,20250624,000000,7.328,7.9904,7.328,7.5296,1140.37,0
FTEL.US,D,20250625,000000,7.6,8,7.52,7.7264,1504.06,0
FTEL.US,D,20250626,000000,7.552,7.91998,7.3856,7.3856,1941.56,0
FTEL.US,D,20250627,000000,7.624,8.24,7.624,8.192,5956.43,0
FTEL.US,D,20250630,000000,7.4352,8.192,7.4352,8.1152,2165.5,0
FTEL.US,D,20250701,000000,8,8.31984,8,8.1936,841.937,0
FTEL.US,D,20250702,000000,8.192,8.4256,8.0016,8.352,2703.37,0
FTEL.US,D,20250703,000000,8.016,8.70398,8.016,8.4816,4089.62,0
FTEL.US,D,20250707,000000,8.1616,8.72,8.1616,8.72,5219.31,0
FTEL.US,D,20250708,000000,8.7984,10.8,8.5592,10.76,15836.7,0
FTEL.US,D,20250709,000000,10.08,11.696,10.08,11.0752,13183.6,0
FTEL.US,D,20250710,000000,10.88,12.464,10.576,12.416,9124.87,0
FTEL.US,D,20250711,000000,12.2352,12.4592,10.88,11.2,6935.12,0
FTEL.US,D,20250714,000000,11.0032,11.92,10.8,11.272,4881.56,0
FTEL.US,D,20250715,000000,11.04,12.32,11.04,11.8912,6996.43,0
FTEL.US,D,20250716,000000,11.6944,11.984,11.36,11.664,1611.43,0
FTEL.US,D,20250717,000000,11.36,12.1798,11.12,11.1216,6933.12,0
FTEL.US,D,20250718,000000,11.12,11.36,10.504,11.36,6222.43,0
FTEL.US,D,20250721,000000,11.3696,12.32,11.04,12.16,5336.56,0
FTEL.US,D,20250722,000000,12,12,11.68,11.712,2106.75,0
FTEL.US,D,20250723,000000,11.68,12.48,10.608,12.0016,9701.68,0
FTEL.US,D,20250724,000000,12.16,19.2,12.16,14.7971,535241,0
FTEL.US,D,20250725,000000,14.4,15.1792,13.6,14.7568,18485.5,0
FTEL.US,D,20250728,000000,14.8352,14.8352,12.48,12.96,20922.7,0
FTEL.US,D,20250729,000000,12.64,13.216,11.04,11.456,17158.6,0
FTEL.US,D,20250730,000000,11.2,11.2477,8.64,9.03874,25115.3,0
FTEL.US,D,20250731,000000,8.96,9.2752,8.0208,8.32,12983.3,0
FTEL.US,D,20250801,000000,8.144,8.7984,8,8.624,7123.81,0
FTEL.US,D,20250804,000000,8.7984,9.7056,7.8416,7.944,10282.1,0
FTEL.US,D,20250805,000000,7.84,8.3184,7.84,8.1584,7924.43,0
FTEL.US,D,20250806,000000,8.32,8.48,8,8.32,4428.31,0
FTEL.US,D,20250807,000000,8,8.32,8,8.32,2392.87,0
FTEL.US,D,20250808,000000,8.3184,8.3248,7.4928,7.7472,3728.18,0
FTEL.US,D,20250811,000000,7.72,7.8384,7.36,7.5168,4533.56,0
FTEL.US,D,20250812,000000,7.36,7.96,7.008,7.872,8570.43,0
FTEL.US,D,20250813,000000,7.5008,7.872,7.44,7.5552,1847.75,0
FTEL.US,D,20250814,000000,7.52,8.9632,7.52,7.9888,6615.31,0
FTEL.US,D,20250815,000000,7.68,8.16,7.68,7.704,2224.68,0
FTEL.US,D,20250818,000000,7.68,8.8,7.68,8.608,2471.87,0
FTEL.US,D,20250819,000000,8.336,8.6944,7.68,8.2528,6969.81,0
FTEL.US,D,20250820,000000,7.776,7.9136,7.68,7.68,1468.68,0
FTEL.US,D,20250821,000000,7.68,7.984,7.04,7.824,2836.68,0
FTEL.US,D,20250822,000000,7.632,7.632,7.21683,7.3936,2623.31,0
FTEL.US,D,20250825,000000,7.776,7.99998,7.312,7.36,2139.25,0
FTEL.US,D,20250826,000000,7.984,8.144,7.376,7.376,4509.12,0
FTEL.US,D,20250827,000000,7.36,7.84,7.36,7.52,976.937,0
FTEL.US,D,20250828,000000,7.52,7.52,7.2368,7.2384,1482,0
FTEL.US,D,20250829,000000,7.232,7.6784,7.232,7.3648,1269.75,0
FTEL.US,D,20250902,000000,7.632,7.68,7.36,7.648,597.562,0
FTEL.US,D,20250903,000000,7.5664,7.7344,7.5008,7.504,1164.75,0
FTEL.US,D,20250904,000000,7.96798,7.96798,6.72,6.912,5713.25,0
FTEL.US,D,20250905,000000,6.88,7.192,6.88,6.9648,1282.06,0
FTEL.US,D,20250908,000000,6.9648,7.0384,6.4064,6.6144,8196.93,0
FTEL.US,D,20250909,000000,6.4,6.7184,6.256,6.5216,4542.12,0
FTEL.US,D,20250910,000000,6.6592,10.88,6.6592,8.96,101253,0
FTEL.US,D,20250911,000000,8.64,9.76,8.4272,9.1088,19916,0
FTEL.US,D,20250912,000000,8.48,9.424,8.48,9.424,8753.93,0
FTEL.US,D,20250915,000000,9.2272,9.28,8.16,8.7184,6195,0
FTEL.US,D,20250916,000000,7.6256,8.3184,6.976,7.5296,210829,0
FTEL.US,D,20250917,000000,7.1824,7.52,6.88,7.3632,10467.4,0
FTEL.US,D,20250918,000000,7.9648,7.9648,7.2576,7.792,6768.25,0
FTEL.US,D,20250919,000000,7.6368,7.99998,7.04,7.4976,13492.5,0
FTEL.US,D,20250922,000000,7.192,7.696,7.0624,7.696,17914.6,0
FTEL.US,D,20250923,000000,13.6,15.7901,7.12,8.46,3416060,0
FTEL.US,D,20250924,000000,7.31,7.59,6.22,6.65,454014,0
FTEL.US,D,20250925,000000,6.65,6.96,6.175,6.25,112918,0
FTEL.US,D,20250926,000000,6.15,6.25,5.62,5.86,104433,0
FTEL.US,D,20250929,000000,6.01,6.0388,5.5,5.62,111670,0
FTEL.US,D,20250930,000000,5.76,5.777,5.0101,5.34,73601,0
FTEL.US,D,20251001,000000,5.25,6.11,5.1201,6.02,220863,0
FTEL.US,D,20251002,000000,5.45,5.87,5.1,5.32,398684,0
FTEL.US,D,20251003,000000,5.4,5.41,4.9,5.13,187926,0
FTEL.US,D,20251006,000000,5.13,5.13,4.7401,5,101645,0
FTEL.US,D,20251007,000000,4.97,5.17,4.61,5.02,1423044,0
FTEL.US,D,20251008,000000,5.5,6.1093,5.21,5.89,1058345,0
FTEL.US,D,20251009,000000,5.63,5.65,4.51,4.54,365130,0
FTEL.US,D,20251010,000000,4.75,5.11,4.73,4.8,216646,0
FTEL.US,D,20251013,000000,4.8,4.8,3.835,4.22,220204,0
FTEL.US,D,20251014,000000,4.03,4.3195,3.54,4.25,97039,0
FTEL.US,D,20251015,000000,4.45,4.6986,4.2299,4.37,204416,0
FTEL.US,D,20251016,000000,4.55,4.8999,4.29,4.51,215812,0
FTEL.US,D,20251017,000000,4.42,4.685,4.02,4.26,73270,0
FTEL.US,D,20251020,000000,4.06,4.2899,3.98,4.14,65322,0
FTEL.US,D,20251021,000000,4.06,4.6036,4.06,4.35,78535,0
FTEL.US,D,20251022,000000,4.2,4.31,3.94,4.01,62904,0
FTEL.US,D,20251023,000000,4.01,4.3999,4.01,4.1,49190,0
FTEL.US,D,20251024,000000,4.09,4.41,4.09,4.17,33577,0
FTEL.US,D,20251027,000000,4.03,4.39,4.03,4.2,27351,0
FTEL.US,D,20251028,000000,4.26,4.3383,3.83,3.93,55976,0
FTEL.US,D,20251029,000000,3.92,4.0719,1.91,2.36,553740,0
FTEL.US,D,20251030,000000,2.44,2.8,2.4,2.72,257804,0
FTEL.US,D,20251031,000000,2.72,2.72,2.52,2.62,71095,0
FTEL.US,D,20251103,000000,2.72,2.72,2.4201,2.48,62128,0
FTEL.US,D,20251104,000000,2.4,2.46,1.92,2.12,139731,0
FTEL.US,D,20251105,000000,2.12,2.29,2.0202,2.2201,58423,0
