<TICKER>,<PER>,<DATE>,<TIME>,<OPEN>,<HIGH>,<LOW>,<CLOSE>,<VOL>,<OPENINT>
LAFAU.US,D,20251024,000000,9.99,10.03,9.99,10.01,3505439,0
LAFAU.US,D,20251027,000000,10,10.03,10,10.02,47751,0
LAFAU.US,D,20251028,000000,10.05,10.12,10,10.02,271359,0
LAFAU.US,D,20251029,000000,10.1,10.11,10.01,10.03,224379,0
LAFAU.US,D,20251030,000000,10.0388,10.06,10.02,10.02,47101,0
LAFAU.US,D,20251031,000000,10.03,10.1,10.03,10.06,50599,0
LAFAU.US,D,20251103,000000,10,10.07,10,10.05,12602,0
LAFAU.US,D,20251104,000000,10.0425,10.07,10.0425,10.06,56949,0
LAFAU.US,D,20251105,000000,10.1,10.1,10.0505,10.1,1391,0
