<TICKER>,<PER>,<DATE>,<TIME>,<OPEN>,<HIGH>,<LOW>,<CLOSE>,<VOL>,<OPENINT>
METCB.US,D,20230616,000000,11.698,11.698,8.51384,8.51384,587.278,0
METCB.US,D,20230620,000000,8.52236,8.52236,7.67948,8.51384,1692.53,0
METCB.US,D,20230621,000000,7.8583,7.8583,7.23678,7.4113,7874.22,0
METCB.US,D,20230622,000000,7.52625,16.8574,7.52625,9.36521,585986,0
METCB.US,D,20230623,000000,8.78626,9.79097,7.96047,9.79097,575767,0
METCB.US,D,20230626,000000,10.4294,11.068,8.61601,9.0162,96475.7,0
METCB.US,D,20230627,000000,8.37764,9.45036,8.34358,8.57344,313903,0
METCB.US,D,20230628,000000,8.34358,9.36521,8.34358,9.3142,108105,0
METCB.US,D,20230629,000000,9.06718,9.29708,8.52236,9.0843,102914,0
METCB.US,D,20230630,000000,9.0843,9.28911,8.83736,9.03323,79934.4,0
METCB.US,D,20230703,000000,9.19497,9.28013,8.85439,9.06718,69066.2,0
METCB.US,D,20230705,000000,9.23746,9.56944,9.05015,9.05015,79449.3,0
METCB.US,D,20230706,000000,9.15238,9.36521,8.88845,9.24598,102981,0
METCB.US,D,20230707,000000,9.35681,10.2762,9.35681,9.99535,174997,0
METCB.US,D,20230710,000000,10.4721,10.5144,10.1826,10.1826,91368.7,0
METCB.US,D,20230711,000000,10.5145,10.5145,9.83355,9.95268,102686,0
METCB.US,D,20230712,000000,10.174,10.3953,9.95268,10.2593,97721.9,0
METCB.US,D,20230713,000000,10.3443,10.5231,10.191,10.3699,76141.8,0
METCB.US,D,20230714,000000,10.4037,10.4037,10.0548,10.2166,71361.3,0
METCB.US,D,20230717,000000,10.4037,10.5571,10.2166,10.3699,150268,0
METCB.US,D,20230718,000000,10.7189,11.7066,10.3868,11.3575,173267,0
METCB.US,D,20230719,000000,11.3575,12.6431,11.3575,12.3537,143863,0
METCB.US,D,20230720,000000,12.5239,12.5835,11.3234,11.6215,124991,0
METCB.US,D,20230721,000000,11.6215,11.8172,10.4977,10.5231,87268.3,0
METCB.US,D,20230724,000000,10.5231,11.1191,10.4551,10.5911,54891.7,0
METCB.US,D,20230725,000000,10.5401,10.9232,10.4806,10.8806,53384.7,0
METCB.US,D,20230726,000000,10.5911,11.6383,10.5061,11.4937,61408.1,0
METCB.US,D,20230727,000000,11.4937,11.6215,11.1234,11.5703,37497.7,0
METCB.US,D,20230728,000000,11.5023,11.9279,11.2328,11.8854,54270.3,0
METCB.US,D,20230731,000000,11.664,12.3793,11.3745,12.1152,74597.2,0
METCB.US,D,20230801,000000,11.7108,11.9109,10.8893,11.0936,42518.9,0
METCB.US,D,20230802,000000,11.1702,11.5192,10.7444,10.8211,50436.6,0
METCB.US,D,20230803,000000,10.6509,10.8722,10.5,10.7105,32768.9,0
METCB.US,D,20230804,000000,10.5316,10.7415,10.4721,10.4721,22122.7,0
METCB.US,D,20230807,000000,10.5998,11.5362,10.5998,11.4427,72228.1,0
METCB.US,D,20230808,000000,11.3745,12.6345,11.2808,12.3451,48995.4,0
METCB.US,D,20230809,000000,12.1152,12.3451,11.2639,11.8001,58301.4,0
METCB.US,D,20230810,000000,12.0915,12.1279,10.8977,10.9658,70345.3,0
METCB.US,D,20230811,000000,11.068,11.3234,10.9913,11.1617,17442.1,0
METCB.US,D,20230814,000000,11.2298,11.2298,10.6933,10.77,26399.3,0
METCB.US,D,20230815,000000,10.6849,10.8126,10.2421,10.3784,27734.8,0
METCB.US,D,20230816,000000,10.2507,10.6806,9.67601,9.78238,49245.6,0
METCB.US,D,20230817,000000,9.82496,10.2166,9.46743,9.49292,58752.5,0
METCB.US,D,20230818,000000,9.40769,9.84214,9.3822,9.74831,58739.5,0
METCB.US,D,20230821,000000,9.82496,9.90952,9.33545,9.3738,45114.7,0
METCB.US,D,20230822,000000,9.3738,9.77398,9.32271,9.67172,34537.8,0
METCB.US,D,20230823,000000,9.70582,10.9063,9.67803,10.2421,28324.4,0
METCB.US,D,20230824,000000,10.3188,10.6424,9.94409,10.4124,22463.3,0
METCB.US,D,20230825,000000,10.4037,10.4037,9.85171,10.1061,32490.5,0
METCB.US,D,20230828,000000,10.191,10.3443,9.88882,10.1103,26777.5,0
METCB.US,D,20230829,000000,10.191,10.2166,9.79097,9.81656,34842,0
METCB.US,D,20230830,000000,9.93569,10.0974,9.66332,10.0038,29897.1,0
METCB.US,D,20230831,000000,10.2502,10.2676,9.29168,9.36083,26564.9,0
METCB.US,D,20230901,000000,9.61126,9.99115,9.38658,9.78404,49609.5,0
METCB.US,D,20230905,000000,9.78404,10.2752,9.47303,9.62846,17135.1,0
METCB.US,D,20230906,000000,9.58968,9.63715,9.07578,9.21402,26039.1,0
METCB.US,D,20230907,000000,9.11897,9.49031,8.3591,8.59227,82924.5,0
METCB.US,D,20230908,000000,8.67862,9.11037,8.39364,8.58363,132219,0
METCB.US,D,20230911,000000,8.7477,8.85132,8.62681,8.70453,50728.1,0
METCB.US,D,20230912,000000,8.68294,9.36083,8.64408,9.14495,57009.2,0
METCB.US,D,20230913,000000,9.04989,9.28306,8.47138,8.65272,38568.9,0
METCB.US,D,20230914,000000,8.63545,9.62846,8.57932,9.36951,76394.4,0
METCB.US,D,20230915,000000,9.36951,10.259,9.30038,10.112,314071,0
METCB.US,D,20230918,000000,10.0171,10.3151,9.30038,10.1812,36564.4,0
METCB.US,D,20230919,000000,10.5524,10.6647,9.99994,10.4144,62154.3,0
METCB.US,D,20230920,000000,10.2762,10.6388,10.1985,10.3366,15933.1,0
METCB.US,D,20230921,000000,10.1379,10.6647,9.93071,10.5007,21451.1,0
METCB.US,D,20230922,000000,10.3194,11.0535,10.3194,10.7252,23567.9,0
METCB.US,D,20230925,000000,10.3971,10.967,10.1311,10.7942,28766.3,0
METCB.US,D,20230926,000000,10.9499,11.0406,10.3236,10.6217,34530.9,0
METCB.US,D,20230927,000000,11.0362,11.0983,10.518,10.7339,193658,0
METCB.US,D,20230928,000000,10.7252,10.7339,10.4489,10.6044,45935.1,0
METCB.US,D,20230929,000000,10.7079,10.7079,10.2762,10.3022,84396.3,0
METCB.US,D,20231002,000000,10.1034,10.4834,9.91352,9.99994,83518.5,0
METCB.US,D,20231003,000000,9.72338,9.93071,9.24864,9.56819,100248,0
METCB.US,D,20231004,000000,9.49899,9.50758,8.85308,9.024,80485.7,0
METCB.US,D,20231005,000000,9.06288,9.78404,8.88486,9.64574,57946,0
METCB.US,D,20231006,000000,9.43849,9.88765,9.43849,9.8271,8432.68,0
METCB.US,D,20231009,000000,9.75806,9.96967,9.75806,9.80123,13883.4,0
METCB.US,D,20231010,000000,9.87036,10.6648,9.87036,10.423,37123.7,0
METCB.US,D,20231011,000000,10.423,10.613,10.423,10.492,21707,0
METCB.US,D,20231012,000000,10.5267,10.5267,10.1638,10.1985,16570,0
METCB.US,D,20231013,000000,10.1985,10.5007,9.93071,10.3539,10288.9,0
METCB.US,D,20231016,000000,10.2287,10.6561,10.1379,10.3022,42804.9,0
METCB.US,D,20231017,000000,10.5784,11.7572,10.5784,10.8634,88480.7,0
METCB.US,D,20231018,000000,10.872,11.1397,10.4609,10.6647,24486.2,0
METCB.US,D,20231019,000000,10.7425,11.2001,10.6993,10.9585,12807.6,0
METCB.US,D,20231020,000000,10.9843,11.062,10.5958,10.8375,14998.6,0
METCB.US,D,20231023,000000,10.5352,10.7856,10.3279,10.4575,28201.2,0
METCB.US,D,20231024,000000,10.5612,10.8978,10.4834,10.8115,6592.59,0
METCB.US,D,20231025,000000,10.8419,10.9152,10.3606,10.5007,30429.2,0
METCB.US,D,20231026,000000,10.6116,10.7649,10.4058,10.6388,17087.7,0
METCB.US,D,20231027,000000,10.4575,11.2952,10.4575,10.5267,18158.8,0
METCB.US,D,20231030,000000,10.6044,10.9211,10.5524,10.872,13024.2,0
METCB.US,D,20231031,000000,10.7166,10.8548,10.3453,10.8028,23570.3,0
METCB.US,D,20231101,000000,10.6217,10.7079,10.5352,10.7079,12463.7,0
METCB.US,D,20231102,000000,10.6475,11.2225,10.6475,11.1829,23308.5,0
METCB.US,D,20231103,000000,10.967,11.4419,10.967,11.0535,18066.2,0
METCB.US,D,20231106,000000,10.9499,10.9499,10.6388,10.8462,6973.58,0
METCB.US,D,20231107,000000,11.4332,11.4332,9.64412,10.4316,16347.7,0
METCB.US,D,20231108,000000,11.1137,11.1137,10.1465,10.5137,6228.98,0
METCB.US,D,20231109,000000,11.4851,12.4782,10.967,12.2623,257671,0
METCB.US,D,20231110,000000,12.9531,13.8167,12.0896,12.6941,281320,0
METCB.US,D,20231113,000000,13.3848,14.1621,12.9963,14.0326,339518,0
METCB.US,D,20231114,000000,14.6802,15.4574,12.6855,12.9531,186647,0
METCB.US,D,20231115,000000,12.9531,13.1518,11.8823,12.1068,129227,0
METCB.US,D,20231116,000000,13.3934,13.6354,11.4073,11.6319,258894,0
METCB.US,D,20231117,000000,11.7529,12.366,11.6665,12.1587,92683.1,0
METCB.US,D,20231120,000000,12.3227,12.6508,11.8133,12.0205,74649.3,0
METCB.US,D,20231121,000000,12.0896,12.1674,11.8391,11.9514,28642.4,0
METCB.US,D,20231122,000000,11.9514,13.6698,11.9514,13.359,94525.5,0
METCB.US,D,20231124,000000,13.3245,14.2226,13.186,13.6008,46949.5,0
METCB.US,D,20231127,000000,13.6094,13.903,12.841,13.575,56885.3,0
METCB.US,D,20231128,000000,13.6958,13.8081,13.3159,13.5231,38229.6,0
METCB.US,D,20231129,000000,13.5318,13.8167,13.0223,13.0913,55829.2,0
METCB.US,D,20231130,000000,13.2747,13.4326,12.941,13.1342,39356.4,0
METCB.US,D,20231201,000000,13.1254,14.3458,12.7566,14.293,92565.5,0
METCB.US,D,20231204,000000,13.6698,14.135,13.6698,13.8716,32678.3,0
METCB.US,D,20231205,000000,13.8191,14.4862,13.6176,14.214,71923.1,0
METCB.US,D,20231206,000000,14.0736,14.3897,13.4502,13.5907,53165.8,0
METCB.US,D,20231207,000000,14.7232,14.7232,12.9585,13.1692,70377.5,0
METCB.US,D,20231208,000000,13.4062,13.5994,13.178,13.3185,43718.8,0
METCB.US,D,20231211,000000,13.3185,13.3185,11.8524,12.028,201277,0
METCB.US,D,20231212,000000,11.9401,11.9665,11.0535,11.2114,105077,0
METCB.US,D,20231213,000000,11.2114,11.4397,10.3687,10.8252,140612,0
METCB.US,D,20231214,000000,10.8866,11.2114,10.1579,10.2545,132399,0
METCB.US,D,20231215,000000,10.2721,11.0447,10.2457,10.9832,104312,0
METCB.US,D,20231218,000000,11.15,11.5012,11.0315,11.3432,52104.3,0
METCB.US,D,20231219,000000,11.4134,11.8084,11.1061,11.6153,64854.4,0
METCB.US,D,20231220,000000,11.466,11.8435,11.4221,11.4835,24495.6,0
METCB.US,D,20231221,000000,11.6416,12.1068,11.2817,11.6416,36538.5,0
METCB.US,D,20231222,000000,11.5012,12.1772,11.3917,12.0806,64766.7,0
METCB.US,D,20231226,000000,12.2474,12.2474,11.9709,12.0192,64540,0
METCB.US,D,20231227,000000,12.0121,12.2738,12.0121,12.2124,44976.3,0
METCB.US,D,20231228,000000,12.1333,12.5435,11.2114,11.7908,129854,0
METCB.US,D,20231229,000000,11.4485,11.9226,11.4485,11.6854,46156.3,0
METCB.US,D,20240102,000000,11.4559,11.7645,11.2378,11.4397,73786.6,0
METCB.US,D,20240103,000000,11.3255,11.8172,11.3255,11.5187,76901.8,0
METCB.US,D,20240104,000000,11.4485,12.2299,11.3255,11.6854,131239,0
METCB.US,D,20240105,000000,11.7118,11.8962,10.9042,11.3607,99498.7,0
METCB.US,D,20240108,000000,11.4134,11.4134,10.8866,11.1105,68199.7,0
METCB.US,D,20240109,000000,11.2114,11.308,10.9392,11.1237,36703.6,0
METCB.US,D,20240110,000000,11.4134,11.4572,10.9568,10.9745,58452,0
METCB.US,D,20240111,000000,11.0535,11.15,10.7725,10.9832,34101,0
METCB.US,D,20240112,000000,11.0447,11.9665,10.8866,11.6854,81504.5,0
METCB.US,D,20240116,000000,11.5889,12.0893,11.1939,11.2378,70878.7,0
METCB.US,D,20240117,000000,11.2289,11.5451,11.1105,11.4485,25455.8,0
METCB.US,D,20240118,000000,11.5451,11.7031,11.267,11.5889,21694.8,0
METCB.US,D,20240119,000000,11.6679,11.6679,11.2992,11.4134,27801.1,0
METCB.US,D,20240122,000000,11.4221,11.5626,11.15,11.3871,23206.3,0
METCB.US,D,20240123,000000,11.4748,11.5994,11.0359,11.3871,38954.3,0
METCB.US,D,20240124,000000,11.4046,11.4924,11.2905,11.4221,13402.8,0
METCB.US,D,20240125,000000,11.5012,11.5012,11.1501,11.3695,23643.7,0
METCB.US,D,20240126,000000,11.4134,11.4134,11.1518,11.3959,16410.9,0
METCB.US,D,20240129,000000,11.4134,11.4572,11.1983,11.3871,29707.8,0
METCB.US,D,20240130,000000,11.2289,11.3344,11.1061,11.2553,15292.4,0
METCB.US,D,20240131,000000,11.1676,11.3782,11.0447,11.0798,40433.9,0
METCB.US,D,20240201,000000,11.2378,11.2378,11.0182,11.1413,18095.5,0
METCB.US,D,20240202,000000,11.0095,11.108,10.7636,10.7899,33594.1,0
METCB.US,D,20240205,000000,10.7462,10.7462,9.35018,9.40293,105213,0
METCB.US,D,20240206,000000,9.41161,10.0526,9.24644,9.82427,131281,0
METCB.US,D,20240207,000000,9.85074,9.9559,9.56963,9.70142,23914.7,0
METCB.US,D,20240208,000000,10.0964,10.0964,9.49059,9.89448,32025.7,0
METCB.US,D,20240209,000000,9.93833,10.2721,9.82427,10.1492,34431.3,0
METCB.US,D,20240212,000000,10.2721,10.8415,10.2721,10.5267,51886.7,0
METCB.US,D,20240213,000000,10.8866,11.0271,10.4563,10.7987,50441.3,0
METCB.US,D,20240214,000000,10.9568,10.9568,10.5529,10.7899,15515.6,0
METCB.US,D,20240215,000000,10.9392,11.0182,10.1579,10.9305,42010.3,0
METCB.US,D,20240216,000000,10.9568,10.9745,10.5881,10.7636,26405.8,0
METCB.US,D,20240220,000000,10.8163,10.8602,10.5793,10.6056,7646.21,0
METCB.US,D,20240221,000000,10.6056,10.8213,10.5572,10.6232,17125.1,0
METCB.US,D,20240222,000000,10.5881,10.8602,10.5441,10.5441,56470.1,0
METCB.US,D,20240223,000000,10.5793,10.869,10.5793,10.7198,19957.8,0
METCB.US,D,20240226,000000,10.8339,11.3959,10.755,11.3959,50922,0
METCB.US,D,20240227,000000,11.3871,11.3871,10.9392,10.9392,14602.1,0
METCB.US,D,20240228,000000,11.1588,11.2289,10.5617,10.5617,37735.6,0
METCB.US,D,20240229,000000,10.7603,11.0564,10.6439,10.7513,31365.6,0
METCB.US,D,20240301,000000,10.7066,10.9753,10.7066,10.7782,10288.5,0
METCB.US,D,20240304,000000,11.0829,11.156,10.4915,10.4915,28791.8,0
METCB.US,D,20240305,000000,10.6618,10.9798,10.4915,10.5095,16138.2,0
METCB.US,D,20240306,000000,10.5005,10.9037,10.5005,10.6348,26004.8,0
METCB.US,D,20240307,000000,10.8947,10.9306,10.5274,10.859,25676.6,0
METCB.US,D,20240308,000000,10.7692,11.6025,10.7692,11.5578,27347.5,0
METCB.US,D,20240311,000000,11.5578,11.5578,11.065,11.3337,17706.3,0
METCB.US,D,20240312,000000,11.2531,11.2531,10.8857,10.9753,17588,0
METCB.US,D,20240313,000000,10.9306,11.2711,10.9037,11.1635,17752.1,0
METCB.US,D,20240314,000000,11.28,11.28,10.7692,10.859,18543.4,0
METCB.US,D,20240315,000000,10.7603,11.1724,10.5364,10.617,65247,0
METCB.US,D,20240318,000000,10.7425,11.0291,10.6081,10.7603,26588.5,0
METCB.US,D,20240319,000000,10.7603,11.2621,10.7603,10.7873,28626.6,0
METCB.US,D,20240320,000000,10.7873,11.1097,10.4915,10.9664,62995.7,0
METCB.US,D,20240321,000000,11.056,11.0918,10.8947,11.0113,13401.4,0
METCB.US,D,20240322,000000,11.1097,11.4234,11.1097,11.1724,46299.5,0
METCB.US,D,20240325,000000,11.1278,11.3785,10.7692,10.9485,29807.5,0
METCB.US,D,20240326,000000,10.9306,11.1635,10.7878,10.8679,7604.23,0
METCB.US,D,20240327,000000,10.9126,11.1097,10.7783,11.1097,11217.1,0
METCB.US,D,20240328,000000,11.1814,11.3337,10.9933,11.2442,18049,0
METCB.US,D,20240401,000000,11.3875,11.3875,11.1097,11.2531,33986.3,0
METCB.US,D,20240402,000000,11.1994,11.4144,11.1361,11.3696,26571.8,0
METCB.US,D,20240403,000000,11.1859,11.3472,11.1367,11.28,24442.2,0
METCB.US,D,20240404,000000,11.1233,11.2083,10.8947,11.0918,12392.4,0
METCB.US,D,20240405,000000,10.9753,11.0918,10.8857,10.8947,10931.4,0
METCB.US,D,20240408,000000,10.8857,10.9575,10.8051,10.9126,14631.4,0
METCB.US,D,20240409,000000,10.9664,10.9933,10.7873,10.8141,7868.75,0
METCB.US,D,20240410,000000,10.7963,10.9143,10.5095,10.608,26080.7,0
METCB.US,D,20240411,000000,10.617,10.9037,10.3303,10.4646,17127,0
METCB.US,D,20240412,000000,10.4558,10.6215,10.0794,10.2228,21511.2,0
METCB.US,D,20240415,000000,10.3258,10.3303,9.87329,10.0256,7693.52,0
METCB.US,D,20240416,000000,10.1063,10.4021,9.99877,10.0436,15951.8,0
METCB.US,D,20240417,000000,10.0167,10.5453,10.0167,10.151,18005.4,0
METCB.US,D,20240418,000000,10.151,10.3931,10.0928,10.1154,13462.8,0
METCB.US,D,20240419,000000,10.0616,10.5633,10.03,10.3213,37911.7,0
METCB.US,D,20240422,000000,10.3796,10.5543,10.1959,10.3213,13661.4,0
METCB.US,D,20240423,000000,10.3123,10.5005,10.0883,10.1243,20848.2,0
METCB.US,D,20240424,000000,10.0167,10.7335,10.0167,10.3931,36461.9,0
METCB.US,D,20240425,000000,10.5186,10.5273,10.0973,10.16,14760.8,0
METCB.US,D,20240426,000000,10.2138,10.4199,10.1421,10.3303,15142.6,0
METCB.US,D,20240429,000000,10.2944,10.5186,10.1869,10.2676,15273.1,0
METCB.US,D,20240430,000000,10.4736,10.4736,9.95405,9.95405,8585.31,0
METCB.US,D,20240501,000000,9.94506,10.5088,9.5553,10.4915,34244.1,0
METCB.US,D,20240502,000000,10.5274,10.5274,10.0078,10.1332,21543.6,0
METCB.US,D,20240503,000000,10.3267,10.3267,9.93432,10.0526,17822.4,0
METCB.US,D,20240506,000000,10.0525,10.3032,9.90024,10.0345,23665.4,0
METCB.US,D,20240507,000000,10.2005,10.7156,10.2005,10.5186,22600.6,0
METCB.US,D,20240508,000000,10.3123,11.3965,9.90923,11.1904,35076.7,0
METCB.US,D,20240509,000000,10.7702,11.1635,9.90024,10.4468,91432.6,0
METCB.US,D,20240510,000000,10.0883,10.4475,9.91811,10.0345,29367.7,0
METCB.US,D,20240513,000000,10.0794,10.1781,9.64039,9.64039,34878.1,0
METCB.US,D,20240514,000000,9.85542,10.1509,9.75691,9.81959,26671.1,0
METCB.US,D,20240515,000000,9.84654,10.0078,9.5956,9.76578,81612.9,0
METCB.US,D,20240516,000000,9.89126,10.0704,9.89126,9.90923,12909.2,0
METCB.US,D,20240517,000000,9.90024,10.2138,9.7211,9.76578,25297.2,0
METCB.US,D,20240520,000000,9.89126,10.2406,9.74038,9.84654,25404.3,0
METCB.US,D,20240521,000000,10.0705,10.0705,9.85542,9.86431,11312,0
METCB.US,D,20240522,000000,9.85542,10.0033,9.83765,9.86431,8983.77,0
METCB.US,D,20240523,000000,9.81959,10.2496,9.76578,10.1063,13995.2,0
METCB.US,D,20240524,000000,10.0838,10.2227,9.89126,10.1421,13231.7,0
METCB.US,D,20240528,000000,10.2676,10.5095,10.0297,10.0345,29185.8,0
METCB.US,D,20240529,000000,10.0345,10.0525,9.77486,9.77486,22327.1,0
METCB.US,D,20240530,000000,9.78385,9.89126,9.76578,9.85542,35956.2,0
METCB.US,D,20240531,000000,9.8441,10.1416,9.8441,9.97231,26044.6,0
METCB.US,D,20240603,000000,9.88081,10.1738,9.88081,10.1738,23082,0
METCB.US,D,20240604,000000,10.0365,10.2623,9.80748,9.93569,20193.6,0
METCB.US,D,20240605,000000,10.1281,10.1738,10.0227,10.1738,16069,0
METCB.US,D,20240606,000000,10.0456,10.1646,10.0456,10.1097,4033.92,0
METCB.US,D,20240607,000000,10.0639,10.1738,10.0639,10.1097,3734.71,0
METCB.US,D,20240610,000000,10.2653,10.2653,10.1646,10.1646,13043,0
METCB.US,D,20240611,000000,10.0823,10.1235,9.88999,9.88999,16063.6,0
METCB.US,D,20240612,000000,10.0823,10.2745,10.0823,10.1463,12127.9,0
METCB.US,D,20240613,000000,9.87163,10.1661,9.87163,9.99067,4638.9,0
METCB.US,D,20240614,000000,9.88999,10.1097,9.85327,9.93569,5821.56,0
METCB.US,D,20240617,000000,9.93569,10.073,9.79849,9.92651,19290.5,0
METCB.US,D,20240618,000000,9.85327,9.88081,9.75251,9.75251,13663.3,0
METCB.US,D,20240620,000000,9.64269,10.0548,9.64269,9.8441,14179.8,0
METCB.US,D,20240621,000000,9.8441,10.0273,9.70677,9.70677,20241.6,0
METCB.US,D,20240624,000000,9.97231,9.97231,9.64956,9.66093,9691.68,0
METCB.US,D,20240625,000000,9.70677,10.0548,9.70677,9.92651,29403.7,0
METCB.US,D,20240626,000000,9.99067,9.99067,9.71594,9.83492,9953.76,0
METCB.US,D,20240627,000000,9.7251,9.83492,9.66093,9.81666,19772.1,0
METCB.US,D,20240628,000000,9.81666,10.073,9.48704,9.94487,302204,0
METCB.US,D,20240701,000000,10.0639,10.2288,9.76168,9.87163,31267.8,0
METCB.US,D,20240702,000000,9.88081,10.073,9.6976,9.88081,18011.7,0
METCB.US,D,20240703,000000,9.81666,10.0639,9.81666,10.0548,8418.38,0
METCB.US,D,20240705,000000,10.0456,10.0726,9.78004,9.8441,35291.9,0
METCB.US,D,20240708,000000,9.86245,10.0273,9.8441,10.0181,17850.1,0
METCB.US,D,20240709,000000,10.0273,10.1097,9.73427,9.87163,15738.2,0
METCB.US,D,20240710,000000,9.8441,9.85327,9.61518,9.76168,21566.3,0
METCB.US,D,20240711,000000,9.71594,10.1097,9.71594,9.99984,34059,0
METCB.US,D,20240712,000000,10.0823,10.3294,9.8441,10.3021,22835.2,0
METCB.US,D,20240715,000000,10.2105,10.4028,10.1189,10.3661,24318.2,0
METCB.US,D,20240716,000000,10.2378,10.5034,9.98149,10.4028,45180.1,0
METCB.US,D,20240717,000000,10.3294,10.5859,10.3112,10.531,24819.4,0
METCB.US,D,20240718,000000,10.4394,10.7141,10.1738,10.1738,26597.2,0
METCB.US,D,20240719,000000,10.2013,10.2837,9.81666,10.0914,28667.7,0
METCB.US,D,20240722,000000,10.0273,10.3386,9.91743,10.2837,21979.1,0
METCB.US,D,20240723,000000,10.1005,10.5034,10.0823,10.5034,21955,0
METCB.US,D,20240724,000000,10.4028,10.6682,10.3203,10.476,14942.1,0
METCB.US,D,20240725,000000,10.3203,10.6317,10.1738,10.2196,40658.1,0
METCB.US,D,20240726,000000,10.3937,10.65,10.3478,10.6042,19417.2,0
METCB.US,D,20240729,000000,10.6225,10.6225,10.4028,10.4485,17728.9,0
METCB.US,D,20240730,000000,10.4028,10.6225,10.4028,10.6134,12473,0
METCB.US,D,20240731,000000,10.6225,10.7141,10.4486,10.705,17062.8,0
METCB.US,D,20240801,000000,10.595,10.595,10.1189,10.1738,14120.9,0
METCB.US,D,20240802,000000,10.1189,10.3021,9.71594,9.73427,31110.5,0
METCB.US,D,20240805,000000,9.34047,9.52363,9.09323,9.15734,59273.7,0
METCB.US,D,20240806,000000,9.35877,9.7251,9.22235,9.52363,17238.6,0
METCB.US,D,20240807,000000,9.47779,9.75251,9.43206,9.47779,15506.6,0
METCB.US,D,20240808,000000,9.47779,10.2837,9.47779,9.8441,23997.1,0
METCB.US,D,20240809,000000,10.009,10.2556,9.98149,9.99067,12012.2,0
METCB.US,D,20240812,000000,10.1005,10.1005,9.66093,9.6976,9012.44,0
METCB.US,D,20240813,000000,9.8441,10.0639,9.8441,10.0639,8904.33,0
METCB.US,D,20240814,000000,10.1189,10.1646,9.86245,9.90825,12242.6,0
METCB.US,D,20240815,000000,10.1097,10.1097,9.87163,10.0639,7478.15,0
METCB.US,D,20240816,000000,10.0639,10.073,9.95405,10.0639,15440,0
METCB.US,D,20240819,000000,10.0548,10.073,9.98149,10.0639,7407.17,0
METCB.US,D,20240820,000000,10.0273,10.073,9.94497,10.0365,8684.84,0
METCB.US,D,20240821,000000,10.073,10.073,10.0227,10.0639,6697.36,0
METCB.US,D,20240822,000000,10.0273,10.073,10.009,10.0548,14909.3,0
METCB.US,D,20240823,000000,10.073,10.247,9.93569,10.0914,38590.9,0
METCB.US,D,20240826,000000,10.1738,10.6225,10.0639,10.0639,45586.4,0
METCB.US,D,20240827,000000,10.073,10.2849,10.073,10.2562,10550,0
METCB.US,D,20240828,000000,10.3112,10.3203,10.1463,10.1554,5629.36,0
METCB.US,D,20240829,000000,10.3937,10.8787,10.3937,10.7781,13298.6,0
METCB.US,D,20240830,000000,10.7825,10.7825,10.5679,10.5771,10520,0
METCB.US,D,20240903,000000,10.4278,10.4278,10.1198,10.3344,19930.3,0
METCB.US,D,20240904,000000,10.2691,10.3438,10.1851,10.1851,10615.3,0
METCB.US,D,20240905,000000,10.1198,10.2271,10.0275,10.0824,6596.3,0
METCB.US,D,20240906,000000,10.157,10.157,9.72759,9.72759,35771.9,0
METCB.US,D,20240909,000000,9.72759,9.78365,9.3822,9.49423,27099.7,0
METCB.US,D,20240910,000000,9.72759,9.72759,9.05546,9.36353,35728,0
METCB.US,D,20240911,000000,9.28885,9.28885,8.88742,8.90609,25061.2,0
METCB.US,D,20240912,000000,9.21883,9.56896,9.12631,9.52223,14250.9,0
METCB.US,D,20240913,000000,9.64364,9.64364,9.2235,9.2235,22809.6,0
METCB.US,D,20240916,000000,9.21416,9.23283,8.79407,9.17682,45289.3,0
METCB.US,D,20240917,000000,9.2515,9.49423,9.01821,9.19549,19953.8,0
METCB.US,D,20240918,000000,9.20482,9.77896,9.20482,9.73695,37395.8,0
METCB.US,D,20240919,000000,9.90503,10.073,9.5596,9.97973,30812.4,0
METCB.US,D,20240920,000000,9.98901,9.98901,9.44755,9.70897,139019,0
METCB.US,D,20240923,000000,9.37287,9.80562,9.37287,9.68098,12477,0
METCB.US,D,20240924,000000,9.81168,10.213,9.71832,9.72759,15600.6,0
METCB.US,D,20240925,000000,9.71832,9.96098,9.52223,9.59694,18202.5,0
METCB.US,D,20240926,000000,9.72759,9.90503,9.3822,9.46622,17448.4,0
METCB.US,D,20240927,000000,9.49423,9.9143,9.46622,9.8396,20517.3,0
METCB.US,D,20240930,000000,9.92671,10.0451,9.67335,10.0451,16556.1,0
METCB.US,D,20241001,000000,10.1664,10.1944,9.86782,9.95161,17244.8,0
METCB.US,D,20241002,000000,9.90503,10.0544,9.90503,10.017,9324.59,0
METCB.US,D,20241003,000000,10.0077,10.0077,9.86773,9.89565,7377.19,0
METCB.US,D,20241004,000000,9.96518,10.0262,9.75567,9.79303,11580.4,0
METCB.US,D,20241007,000000,9.75567,9.94233,9.72682,9.92368,9655.59,0
METCB.US,D,20241008,000000,9.80279,10.0637,9.75567,10.0637,11885.7,0
METCB.US,D,20241009,000000,10.073,10.2691,9.90503,10.2037,25878.5,0
METCB.US,D,20241010,000000,10.0824,10.2224,9.95161,10.1664,14096.6,0
METCB.US,D,20241011,000000,10.1757,10.2056,9.90503,10.0917,23139.5,0
METCB.US,D,20241014,000000,10.0824,10.2504,9.97299,10.1104,12219.9,0
METCB.US,D,20241015,000000,10.0268,10.129,9.81168,9.86773,15631.6,0
METCB.US,D,20241016,000000,9.97035,10.2318,9.8023,10.0917,13145.4,0
METCB.US,D,20241017,000000,10.2365,10.2365,9.92368,10.0077,7499.31,0
METCB.US,D,20241018,000000,10.1198,10.2224,10.0451,10.073,8923.97,0
METCB.US,D,20241021,000000,10.0451,10.0835,9.83033,9.8396,11733.6,0
METCB.US,D,20241022,000000,9.8396,9.86538,9.69961,9.75567,25378.3,0
METCB.US,D,20241023,000000,9.66236,9.70897,9.58758,9.58758,8715.09,0
METCB.US,D,20241024,000000,9.5596,9.64364,9.52223,9.64364,7379.33,0
METCB.US,D,20241025,000000,9.63428,9.63428,9.5129,9.5409,3966.56,0
METCB.US,D,20241028,000000,9.61556,9.61556,9.52233,9.6063,4900.63,0
METCB.US,D,20241029,000000,9.66226,9.74631,9.45689,9.65291,18249.6,0
METCB.US,D,20241030,000000,9.7652,9.90962,9.56896,9.58758,10182.6,0
METCB.US,D,20241031,000000,9.70428,9.70428,9.5409,9.5409,6391.71,0
METCB.US,D,20241101,000000,9.66226,9.66226,9.55502,9.6063,8675.46,0
METCB.US,D,20241104,000000,9.48545,9.79303,9.48545,9.69961,11839.7,0
METCB.US,D,20241105,000000,9.5409,10.0357,9.5409,9.94233,11343.7,0
METCB.US,D,20241106,000000,10.7358,10.8478,9.93305,10.6052,57282.2,0
METCB.US,D,20241107,000000,10.4558,10.5211,10.0296,10.213,33766.7,0
METCB.US,D,20241108,000000,10.3344,10.3344,9.8023,10.0263,16107.2,0
METCB.US,D,20241111,000000,10.4651,10.4651,9.89565,10.1944,24836.3,0
METCB.US,D,20241112,000000,10.2877,10.4838,9.83033,9.86773,14500.5,0
METCB.US,D,20241113,000000,10.3378,10.3378,9.8024,10.0917,24346.7,0
METCB.US,D,20241114,000000,10.213,10.213,9.92368,9.92368,7906.35,0
METCB.US,D,20241115,000000,10.0077,10.1383,9.82095,10.1383,17063.8,0
METCB.US,D,20241118,000000,10.2504,10.2504,9.84898,9.86773,10133.3,0
METCB.US,D,20241119,000000,9.92368,10.1477,9.89565,10.1477,6563.1,0
METCB.US,D,20241120,000000,10.213,10.2504,9.39163,9.58758,80547.1,0
METCB.US,D,20241121,000000,9.13948,9.45409,8.93409,9.20482,125304,0
METCB.US,D,20241122,000000,9.66226,9.69961,8.91542,9.44755,58702.6,0
METCB.US,D,20241125,000000,9.5129,9.78365,9.41021,9.67162,70140.6,0
METCB.US,D,20241126,000000,9.73695,9.8023,9.42888,9.47556,18874.1,0
METCB.US,D,20241127,000000,9.43822,9.62359,9.27027,9.32619,15903.7,0
METCB.US,D,20241129,000000,9.42888,9.57822,9.27951,9.57822,30582.1,0
METCB.US,D,20241202,000000,9.78902,9.78902,9.31158,9.51204,25030.7,0
METCB.US,D,20241203,000000,9.65529,9.94946,9.36726,9.75079,42439.7,0
METCB.US,D,20241204,000000,10.0182,10.639,9.69349,10.5435,169942,0
METCB.US,D,20241205,000000,10.6008,10.6008,9.45483,9.71259,73684,0
METCB.US,D,20241206,000000,10.0182,10.0182,9.47384,9.58844,29769.9,0
METCB.US,D,20241209,000000,9.71259,10.0086,9.55024,9.85581,45219.8,0
METCB.US,D,20241210,000000,9.75614,10.1519,9.65529,10.1041,15174.4,0
METCB.US,D,20241211,000000,10.1137,10.3716,9.79859,9.79859,47348.5,0
METCB.US,D,20241212,000000,9.73169,9.8606,9.42608,9.55979,41510.9,0
METCB.US,D,20241213,000000,9.65529,10.0564,9.47862,10.0278,33289.2,0
METCB.US,D,20241216,000000,9.64574,9.97045,9.41653,9.85581,79518.4,0
METCB.US,D,20241217,000000,9.74124,9.77945,9.28761,9.70304,114411,0
METCB.US,D,20241218,000000,9.74124,9.78902,9.26373,9.50249,90249,0
METCB.US,D,20241219,000000,9.69349,9.98959,9.50249,9.68394,81392.7,0
METCB.US,D,20241220,000000,9.60754,9.68394,8.96767,8.96767,207315,0
METCB.US,D,20241223,000000,9.07272,9.34968,8.91037,9.30193,82838.7,0
METCB.US,D,20241224,000000,9.24463,9.27328,9.10835,9.15868,14996.4,0
METCB.US,D,20241226,000000,9.23508,9.31148,8.86263,9.12048,47740.1,0
METCB.US,D,20241227,000000,9.02497,9.07272,8.75758,8.97722,52531.6,0
METCB.US,D,20241230,000000,8.99632,9.66484,8.94857,9.48339,63853.8,0
METCB.US,D,20241231,000000,9.48339,9.64317,9.39743,9.43563,44869,0
METCB.US,D,20250102,000000,9.43563,9.52159,9.10137,9.32103,26668.4,0
METCB.US,D,20250103,000000,9.13452,9.38187,8.95812,9.24463,33117.4,0
METCB.US,D,20250106,000000,9.33058,9.50249,9.15868,9.30193,29715.4,0
METCB.US,D,20250107,000000,9.36878,9.38215,9.06317,9.13003,33048.3,0
METCB.US,D,20250108,000000,9.17778,9.45684,9.02497,9.04407,23977.4,0
METCB.US,D,20250110,000000,9.07272,9.07272,8.61432,8.63342,36326.8,0
METCB.US,D,20250113,000000,8.79578,9.09374,8.43287,8.93902,67463.2,0
METCB.US,D,20250114,000000,9.06317,9.06317,8.53792,8.71937,43918.2,0
METCB.US,D,20250115,000000,8.83398,9.00587,8.79578,8.98677,16288.5,0
METCB.US,D,20250116,000000,9.02497,9.02497,8.66207,8.66207,23359.6,0
METCB.US,D,20250117,000000,8.85308,8.91992,8.66207,8.70027,27851.6,0
METCB.US,D,20250121,000000,8.85308,9.24463,8.71937,9.23508,39088,0
METCB.US,D,20250122,000000,9.00587,9.27328,8.73847,8.73847,22068.5,0
METCB.US,D,20250123,000000,8.69072,8.84353,8.69072,8.79578,28030.7,0
METCB.US,D,20250124,000000,8.83398,8.91257,8.70982,8.79578,18955.5,0
METCB.US,D,20250127,000000,8.75758,8.81478,8.60477,8.66207,13175.5,0
METCB.US,D,20250128,000000,8.72892,8.80523,8.59522,8.63342,8622.81,0
METCB.US,D,20250129,000000,8.61098,8.73207,8.50927,8.54747,24433.9,0
METCB.US,D,20250130,000000,8.63342,8.68155,8.53792,8.54747,13914.8,0
METCB.US,D,20250131,000000,8.58567,8.61661,8.34691,8.41377,21823.5,0
METCB.US,D,20250203,000000,8.28961,8.60954,8.28961,8.49972,28735.4,0
METCB.US,D,20250204,000000,8.58567,8.83398,8.51404,8.74803,37218.9,0
METCB.US,D,20250205,000000,8.60926,8.91992,8.60926,8.91037,21800.4,0
METCB.US,D,20250206,000000,8.91992,8.94857,8.74803,8.81488,25878.9,0
METCB.US,D,20250207,000000,8.88173,8.88173,8.62606,8.70027,10317,0
METCB.US,D,20250210,000000,8.65252,8.8865,8.63915,8.77668,26781.5,0
METCB.US,D,20250211,000000,8.76713,8.87218,8.63342,8.72892,21540.8,0
METCB.US,D,20250212,000000,8.60477,8.68117,8.52837,8.52837,17180.7,0
METCB.US,D,20250213,000000,8.51882,9.01542,8.51882,9.01542,16893.8,0
METCB.US,D,20250214,000000,8.93902,8.93902,8.72338,8.72892,21272.7,0
METCB.US,D,20250218,000000,8.67162,8.67162,8.55702,8.56657,40792.6,0
METCB.US,D,20250219,000000,8.50927,8.66684,8.44242,8.58567,56159.8,0
METCB.US,D,20250220,000000,8.6869,8.91037,8.56179,8.90082,27718.6,0
METCB.US,D,20250221,000000,8.98677,8.98677,8.45197,8.50927,73794.9,0
METCB.US,D,20250224,000000,8.50927,8.69072,8.4682,8.62387,23531.3,0
METCB.US,D,20250225,000000,8.61432,8.82443,8.47107,8.64297,35608.5,0
METCB.US,D,20250226,000000,8.67162,8.87218,8.58567,8.78623,44764.3,0
METCB.US,D,20250227,000000,8.78623,8.91037,8.51882,8.56657,22347,0
METCB.US,D,20250228,000000,8.53444,8.72974,8.35867,8.64185,53386.6,0
METCB.US,D,20250303,000000,8.67115,8.80785,8.49538,8.63209,51207.3,0
METCB.US,D,20250304,000000,8.66138,8.66138,8.11455,8.18291,50733.2,0
METCB.US,D,20250305,000000,8.18291,8.69068,8.18291,8.41726,71799.6,0
METCB.US,D,20250306,000000,8.70044,8.70044,8.30985,8.58326,15933.7,0
METCB.US,D,20250307,000000,8.62232,8.64185,8.42703,8.48562,32646.8,0
METCB.US,D,20250310,000000,8.36824,8.5442,8.11455,8.38797,41375.1,0
METCB.US,D,20250311,000000,8.47585,9.32539,8.43679,9.17892,106705,0
METCB.US,D,20250312,000000,9.24727,9.24727,8.46609,8.48562,53404,0
METCB.US,D,20250313,000000,8.5735,8.71021,8.36854,8.51491,20838.1,0
METCB.US,D,20250314,000000,8.70044,8.70044,8.32938,8.61256,64954.7,0
METCB.US,D,20250317,000000,8.5442,8.7022,8.26103,8.38797,72499.1,0
METCB.US,D,20250318,000000,8.44656,8.5442,8.15361,8.15361,54221.2,0
METCB.US,D,20250319,000000,8.17314,8.45632,8.02667,8.36844,57710.3,0
METCB.US,D,20250320,000000,8.36844,8.41238,7.77278,7.81184,70694.7,0
METCB.US,D,20250321,000000,7.80208,8.17314,7.65561,7.7142,231200,0
METCB.US,D,20250324,000000,7.81184,7.96808,7.65561,7.78255,83638.1,0
METCB.US,D,20250325,000000,7.74349,7.97414,7.42125,7.5189,72201.1,0
METCB.US,D,20250326,000000,7.67514,7.67514,7.07948,7.26502,141437,0
METCB.US,D,20250327,000000,7.24549,7.28454,6.78654,6.93301,156290,0
METCB.US,D,20250328,000000,6.93301,7.02402,6.77677,6.78654,61987.9,0
METCB.US,D,20250331,000000,6.74748,7.03066,6.68889,6.94278,47318.9,0
METCB.US,D,20250401,000000,6.83048,7.14784,6.78654,7.08925,40440.1,0
METCB.US,D,20250402,000000,6.95254,7.66205,6.95254,7.07948,76921.1,0
METCB.US,D,20250403,000000,6.85489,6.9916,6.34166,6.39595,71737.2,0
METCB.US,D,20250404,000000,6.28853,6.40571,5.86865,6.38618,95611.7,0
METCB.US,D,20250407,000000,6.05418,6.76896,5.88818,6.11277,56811.1,0
METCB.US,D,20250408,000000,6.34712,6.52289,6.03465,6.30806,83348.3,0
METCB.US,D,20250409,000000,6.40571,7.28445,6.25924,6.9916,56571.5,0
METCB.US,D,20250410,000000,6.91348,7.02812,6.55306,6.64983,24792,0
METCB.US,D,20250411,000000,6.73772,7.36266,6.48383,7.3236,38204.5,0
METCB.US,D,20250414,000000,7.3236,7.3236,6.80607,6.9916,31370.8,0
METCB.US,D,20250415,000000,7.05995,7.41149,6.9916,7.3529,45283,0
METCB.US,D,20250416,000000,7.38219,7.80208,7.3529,7.66537,63597.7,0
METCB.US,D,20250417,000000,7.66537,8.03643,7.47984,7.98761,94743.3,0
METCB.US,D,20250421,000000,8.01691,8.07549,7.53355,7.56772,40695.1,0
METCB.US,D,20250422,000000,7.61655,8.02179,7.47037,8.00714,55378.4,0
METCB.US,D,20250423,000000,8.10479,8.34891,7.95832,8.22197,100045,0
METCB.US,D,20250424,000000,8.13408,8.79809,8.13408,8.66138,59502.4,0
METCB.US,D,20250425,000000,8.66138,8.82572,8.29559,8.69068,79488.5,0
METCB.US,D,20250428,000000,8.70044,8.82738,8.51647,8.7395,67114.4,0
METCB.US,D,20250429,000000,8.69068,8.93968,8.5442,8.92503,18045.4,0
METCB.US,D,20250430,000000,8.77856,9.04221,8.61744,8.95433,44263,0
METCB.US,D,20250501,000000,9.02268,9.30586,8.65162,8.69068,47435.6,0
METCB.US,D,20250502,000000,8.69068,8.81967,8.44656,8.47585,21240.5,0
METCB.US,D,20250505,000000,8.39773,8.55319,8.31336,8.39773,16112.9,0
METCB.US,D,20250506,000000,8.30008,8.41238,8.08526,8.09502,35348.3,0
METCB.US,D,20250507,000000,8.05596,8.36844,8.00714,8.30985,33162.9,0
METCB.US,D,20250508,000000,8.30985,8.63697,8.20244,8.50515,18875.9,0
METCB.US,D,20250509,000000,8.61519,8.62721,8.30008,8.60279,36074.4,0
METCB.US,D,20250512,000000,8.85668,9.21778,7.8802,7.8802,30506.4,0
METCB.US,D,20250513,000000,7.93879,8.59303,7.93879,8.30985,36710.4,0
METCB.US,D,20250514,000000,8.3782,8.5442,8.11455,8.17314,54870.5,0
METCB.US,D,20250515,000000,8.2122,8.36844,7.7142,7.89973,61012.9,0
METCB.US,D,20250516,000000,7.88996,8.20244,7.77278,8.10479,42463.7,0
METCB.US,D,20250519,000000,8.06573,8.53444,7.90949,8.53444,17498.5,0
METCB.US,D,20250520,000000,8.34891,8.55397,8.12432,8.12432,42477,0
METCB.US,D,20250521,000000,7.93879,8.30008,7.90949,8.0462,60011.4,0
METCB.US,D,20250522,000000,8.08526,8.12432,7.89973,8.11455,36010.9,0
METCB.US,D,20250523,000000,7.92902,8.29032,7.90949,8.00714,31984.2,0
METCB.US,D,20250527,000000,8.01691,8.20244,7.62631,7.78255,78554.5,0
METCB.US,D,20250528,000000,7.78255,7.97785,7.56772,7.57749,98445.3,0
METCB.US,D,20250529,000000,7.61655,7.7679,7.42125,7.5189,61918.2,0
METCB.US,D,20250530,000000,7.51,7.5799,7.31,7.45,43337,0
METCB.US,D,20250602,000000,7.52,7.715,7.1301,7.27,36214,0
METCB.US,D,20250603,000000,7.29,7.57,7.28,7.44,29478,0
METCB.US,D,20250604,000000,7.52,7.7399,7.225,7.27,40445,0
METCB.US,D,20250605,000000,7.31,7.42,7.21,7.39,35281,0
METCB.US,D,20250606,000000,7.42,7.8,7.42,7.8,53871,0
METCB.US,D,20250609,000000,7.88,8.03,7.67,7.75,53064,0
METCB.US,D,20250610,000000,7.8,7.85,7.55,7.59,33571,0
METCB.US,D,20250611,000000,7.6,7.8,7.21,7.25,58002,0
METCB.US,D,20250612,000000,7.26,7.58,7.17,7.55,49605,0
METCB.US,D,20250613,000000,7.44,7.56,7.225,7.46,89673,0
METCB.US,D,20250616,000000,7.48,7.62,7.23,7.52,95653,0
METCB.US,D,20250617,000000,7.45,7.62,7.35,7.435,45861,0
METCB.US,D,20250618,000000,7.46,7.65,7.3201,7.45,75763,0
METCB.US,D,20250620,000000,7.53,7.74,7.2627,7.71,159210,0
METCB.US,D,20250623,000000,7.62,7.98,7.61,7.83,66433,0
METCB.US,D,20250624,000000,7.85,7.8611,7.36,7.48,47163,0
METCB.US,D,20250625,000000,7.54,7.6358,7.18,7.34,74847,0
METCB.US,D,20250626,000000,7.35,7.8,7.22,7.64,78601,0
METCB.US,D,20250627,000000,7.64,7.92,7.28,7.29,900689,0
METCB.US,D,20250630,000000,7.88,8.4399,7.57,8.18,208860,0
METCB.US,D,20250701,000000,8.54,8.77,7.48,7.48,154479,0
METCB.US,D,20250702,000000,7.58,8.07,7.58,7.9,110379,0
METCB.US,D,20250703,000000,7.97,8.29,7.83,8.285,84859,0
METCB.US,D,20250707,000000,8.25,8.57,8.23,8.47,132632,0
METCB.US,D,20250708,000000,8.45,8.56,8.24,8.35,88907,0
METCB.US,D,20250709,000000,8.43,8.75,8.33,8.74,134970,0
METCB.US,D,20250710,000000,9.225,10.45,8.9874,10.34,644722,0
METCB.US,D,20250711,000000,10.38,12,10.06,11.965,662326,0
METCB.US,D,20250714,000000,13.46,13.9899,12.09,12.42,894975,0
METCB.US,D,20250715,000000,12.95,13.63,11.8385,12.315,661108,0
METCB.US,D,20250716,000000,12.86,13.087,11.18,11.57,540182,0
METCB.US,D,20250717,000000,11.74,13.24,11.655,13.11,566252,0
METCB.US,D,20250718,000000,13.25,14.9,13.16,13.95,472041,0
METCB.US,D,20250721,000000,14.31,15.5199,14.255,14.67,453467,0
METCB.US,D,20250722,000000,14.75,15.7,14.5,15.62,238951,0
METCB.US,D,20250723,000000,15.75,16.4,15.02,15.47,221456,0
METCB.US,D,20250724,000000,15.45,15.555,14.5947,15.24,150814,0
METCB.US,D,20250725,000000,15.17,15.3,13.82,14.405,172690,0
METCB.US,D,20250728,000000,14.32,14.51,13.57,13.66,134926,0
METCB.US,D,20250729,000000,13.58,14.52,13.58,13.93,335251,0
METCB.US,D,20250730,000000,13.99,14.42,13.1301,13.39,132830,0
METCB.US,D,20250731,000000,13.28,14.21,12.52,13.58,221362,0
METCB.US,D,20250801,000000,13.46,13.46,12.455,12.64,115844,0
METCB.US,D,20250804,000000,13.09,14.06,12.92,13.84,136314,0
METCB.US,D,20250805,000000,13.69,14.585,13.55,14.38,78976,0
METCB.US,D,20250806,000000,14.3,14.3,12.85,13.24,291373,0
METCB.US,D,20250807,000000,13.66,14.3366,13.1669,13.99,184981,0
METCB.US,D,20250808,000000,14.5,14.7809,13.8,13.84,168694,0
METCB.US,D,20250811,000000,14.23,14.97,14.056,14.75,173402,0
METCB.US,D,20250812,000000,14.63,15.21,14.31,14.9,154278,0
METCB.US,D,20250813,000000,15,15.87,14.7401,15.84,155835,0
METCB.US,D,20250814,000000,15.26,20.81,15.02,17.11,877278,0
METCB.US,D,20250815,000000,17.21,17.94,16.64,17.34,258176,0
METCB.US,D,20250818,000000,17.4,17.75,15.77,15.91,195972,0
METCB.US,D,20250819,000000,15.84,16.5,15.51,15.58,93257,0
METCB.US,D,20250820,000000,15.49,15.84,15.15,15.28,70733,0
METCB.US,D,20250821,000000,15.21,15.61,15.0101,15.39,36009,0
METCB.US,D,20250822,000000,15.62,16.89,15.62,16.14,155379,0
METCB.US,D,20250825,000000,16.2,16.6569,15.69,15.81,123336,0
METCB.US,D,20250826,000000,16.04,16.63,16.04,16.51,50564,0
METCB.US,D,20250827,000000,16.54,16.54,16.15,16.54,39215,0
METCB.US,D,20250828,000000,16.4,16.5,16.03,16.33,40061,0
METCB.US,D,20250829,000000,16.4217,16.99,16.22,16.25,142531,0
METCB.US,D,20250902,000000,16.25,16.6,15.6,15.86,73069,0
METCB.US,D,20250903,000000,16.02,16.16,15.41,15.86,84041,0
METCB.US,D,20250904,000000,15.88,16.69,15.6946,16.34,68933,0
METCB.US,D,20250905,000000,15.93,16.32,15.44,16,80976,0
METCB.US,D,20250908,000000,16.01,16.015,15.1,15.1,71101,0
METCB.US,D,20250909,000000,15.15,15.7499,15.1422,15.32,69962,0
METCB.US,D,20250910,000000,15.46,15.9,15.33,15.85,50284,0
METCB.US,D,20250911,000000,15.9,15.94,15.14,15.16,51864,0
METCB.US,D,20250912,000000,15.16,15.927,15.16,15.785,43542,0
METCB.US,D,20250915,000000,15.8,16.41,15.655,16.17,55792,0
METCB.US,D,20250916,000000,16.26,16.38,15.7665,16.3,53731,0
METCB.US,D,20250917,000000,16.3,16.58,15.17,15.42,80167,0
METCB.US,D,20250918,000000,15.41,17.8367,15.41,17.58,216566,0
METCB.US,D,20250919,000000,17.5,18.02,16.93,17.57,137292,0
METCB.US,D,20250922,000000,17.66,17.848,17.0516,17.49,70765,0
METCB.US,D,20250923,000000,17.54,17.8999,17.1,17.17,46271,0
METCB.US,D,20250924,000000,17.25,17.7304,16.92,17.1,95150,0
METCB.US,D,20250925,000000,17,17.5,16.08,16.35,122921,0
METCB.US,D,20250926,000000,16.36,16.63,16.02,16.12,63241,0
METCB.US,D,20250929,000000,16.32,16.98,16.255,16.81,66305,0
METCB.US,D,20250930,000000,16.7,17.34,16.6101,16.85,69296,0
METCB.US,D,20251001,000000,16.8,17.35,16.8,17.2,55031,0
METCB.US,D,20251002,000000,17.36,17.36,16.4026,16.97,34693,0
METCB.US,D,20251003,000000,17.43,17.5,16.8414,17.47,91108,0
METCB.US,D,20251006,000000,17.76,18.25,17.18,17.29,89154,0
METCB.US,D,20251007,000000,17.47,18.595,17.02,18.17,136391,0
METCB.US,D,20251008,000000,18.6,19.02,18.34,18.91,75209,0
METCB.US,D,20251009,000000,19,20.5,18.61,19.91,191046,0
METCB.US,D,20251010,000000,20.35,20.49,18.27,18.32,169927,0
METCB.US,D,20251013,000000,19.74,21.8268,19.41,21.67,220325,0
METCB.US,D,20251014,000000,21.79,22.11,20.46,20.97,215711,0
METCB.US,D,20251015,000000,21.96,21.99,18.5,18.715,278169,0
METCB.US,D,20251016,000000,18.85,19.36,17.54,17.78,177649,0
METCB.US,D,20251017,000000,18.16,18.41,16.084,16.38,116608,0
METCB.US,D,20251020,000000,17.25,18,16.6116,17.43,173363,0
METCB.US,D,20251021,000000,16.97,17.16,16.0501,16.37,108761,0
METCB.US,D,20251022,000000,15.8,16.3,14.56,15.225,126223,0
METCB.US,D,20251023,000000,15.48,15.92,15.1,15.2,88682,0
METCB.US,D,20251024,000000,15.22,15.32,14.3,14.41,156868,0
METCB.US,D,20251027,000000,14.33,15.8,13.7601,14.34,223884,0
METCB.US,D,20251028,000000,13.23,13.62,12.6128,13.08,204116,0
METCB.US,D,20251029,000000,12.89,13.46,12.7001,12.89,108500,0
METCB.US,D,20251030,000000,12.9,13.4199,12.59,12.74,78871,0
METCB.US,D,20251031,000000,13.56,15,13.3067,14.68,125574,0
METCB.US,D,20251103,000000,14.84,15.3367,14.0233,14.67,80551,0
METCB.US,D,20251104,000000,13.8,15.41,13.8,14.18,167691,0
METCB.US,D,20251105,000000,14,16.42,13.97,15.46,228142,0
