<TICKER>,<PER>,<DATE>,<TIME>,<OPEN>,<HIGH>,<LOW>,<CLOSE>,<VOL>,<OPENINT>
AGH.US,D,20250212,000000,4.37,4.48,3.72,3.88,2345807,0
AGH.US,D,20250213,000000,3.5,4.21,3.0221,3.47,1906522,0
AGH.US,D,20250214,000000,3.35,3.4961,3.02,3.15,177685,0
AGH.US,D,20250218,000000,3.08,3.6,2.3,2.71,662255,0
AGH.US,D,20250219,000000,2.93,4.4799,2.7512,3.86,1021270,0
AGH.US,D,20250220,000000,3.73,7.22,3.71,5.47,2490513,0
AGH.US,D,20250221,000000,5.18,5.5,4.68,5.39,156371,0
AGH.US,D,20250224,000000,4.75,4.92,3.56,3.56,987244,0
AGH.US,D,20250225,000000,3.62,3.9,3.5223,3.69,602396,0
AGH.US,D,20250226,000000,3.7,5,3.54,4.95,4984124,0
AGH.US,D,20250227,000000,5.13,5.7,5,5.38,2082781,0
AGH.US,D,20250228,000000,5.23,5.5689,5.06,5.44,1931833,0
AGH.US,D,20250303,000000,5.39,5.59,1.87,2.17,3800353,0
AGH.US,D,20250304,000000,1.36,1.48,0.687,0.77,4510258,0
AGH.US,D,20250305,000000,0.842,0.8799,0.75,0.7835,12646491,0
AGH.US,D,20250306,000000,0.717,0.7311,0.58,0.5984,2417209,0
AGH.US,D,20250307,000000,0.581,0.7249,0.5605,0.6951,1411958,0
AGH.US,D,20250310,000000,0.68,0.795,0.6426,0.75,1257659,0
AGH.US,D,20250311,000000,0.7067,0.7186,0.65,0.71,448015,0
AGH.US,D,20250312,000000,0.6891,0.7342,0.6501,0.67,199042,0
AGH.US,D,20250313,000000,0.66,0.699,0.61,0.6608,191457,0
AGH.US,D,20250314,000000,0.661,0.699,0.605,0.6113,323808,0
AGH.US,D,20250317,000000,0.588,0.6,0.5379,0.5608,327074,0
AGH.US,D,20250318,000000,0.544,0.63,0.5203,0.6099,278664,0
AGH.US,D,20250319,000000,0.6,0.849,0.5706,0.805,11031320,0
AGH.US,D,20250320,000000,0.828,1.14,0.7164,1.05,7845470,0
AGH.US,D,20250321,000000,0.89,0.9761,0.66,0.702,2431243,0
AGH.US,D,20250324,000000,0.698,0.73735,0.66,0.701,773196,0
AGH.US,D,20250325,000000,0.69,0.7429,0.6802,0.7221,466738,0
AGH.US,D,20250326,000000,0.6941,0.7199,0.68,0.692,314795,0
AGH.US,D,20250327,000000,0.6845,0.69,0.63,0.6504,241875,0
AGH.US,D,20250328,000000,0.6479,0.679799,0.5706,0.6434,221473,0
AGH.US,D,20250331,000000,0.604,0.6899,0.5726,0.689,80027,0
AGH.US,D,20250401,000000,0.6683,0.68,0.5709,0.66,257410,0
AGH.US,D,20250402,000000,0.6488,0.6648,0.5707,0.5998,174053,0
AGH.US,D,20250403,000000,0.577,0.62,0.56,0.58,88131,0
AGH.US,D,20250404,000000,0.5626,0.599,0.55,0.599,264604,0
AGH.US,D,20250407,000000,0.56,0.59,0.52,0.5517,105220,0
AGH.US,D,20250408,000000,0.55,0.84,0.55,0.82,13899443,0
AGH.US,D,20250409,000000,0.5971,0.7999,0.5603,0.6561,4495045,0
AGH.US,D,20250410,000000,0.605,0.6588,0.582,0.621,382399,0
AGH.US,D,20250411,000000,0.6177,0.66,0.6101,0.6416,225396,0
AGH.US,D,20250414,000000,0.6224,0.641599,0.581,0.61,297587,0
AGH.US,D,20250415,000000,0.64,0.69,0.61,0.67,310686,0
AGH.US,D,20250416,000000,0.651,0.6997,0.621,0.622,148247,0
AGH.US,D,20250417,000000,0.6366,0.6533,0.55,0.622,305673,0
AGH.US,D,20250421,000000,0.63,0.6399,0.5581,0.5999,304777,0
AGH.US,D,20250422,000000,0.5819,0.6,0.5592,0.6,96798,0
AGH.US,D,20250423,000000,0.588,0.6199,0.5772,0.6101,193509,0
AGH.US,D,20250424,000000,0.608,0.6199,0.588,0.59,193189,0
AGH.US,D,20250425,000000,0.5953,0.6198,0.5802,0.6001,120116,0
AGH.US,D,20250428,000000,0.6001,0.61,0.581,0.596,92699,0
AGH.US,D,20250429,000000,0.61,0.6164,0.58,0.58,205370,0
AGH.US,D,20250430,000000,0.567,0.6,0.561,0.5815,149738,0
AGH.US,D,20250501,000000,0.5641,0.5899,0.55,0.58,136269,0
AGH.US,D,20250502,000000,0.5626,0.5899,0.558,0.566,97018,0
AGH.US,D,20250505,000000,0.593,0.593,0.563,0.5848,67404,0
AGH.US,D,20250506,000000,0.567,0.62,0.56,0.5882,1061987,0
AGH.US,D,20250507,000000,0.62,0.6435,0.5705,0.6088,741073,0
AGH.US,D,20250508,000000,0.6099,0.63,0.5706,0.612,148605,0
AGH.US,D,20250509,000000,0.627,0.6532,0.598,0.6324,215422,0
AGH.US,D,20250512,000000,0.6203,0.6499,0.594,0.595,164592,0
AGH.US,D,20250513,000000,0.611,0.645051,0.6,0.6401,103755,0
AGH.US,D,20250514,000000,0.64,0.6649,0.626,0.649,3012184,0
AGH.US,D,20250515,000000,0.61,0.638,0.59,0.6019,438767,0
AGH.US,D,20250516,000000,0.59,0.6155,0.54,0.5909,301285,0
AGH.US,D,20250519,000000,0.6002,0.61,0.58,0.587,69756,0
AGH.US,D,20250520,000000,0.587,0.6,0.58,0.6,63531,0
AGH.US,D,20250521,000000,0.589,0.5999,0.54,0.5737,98135,0
AGH.US,D,20250522,000000,0.577,0.588,0.564,0.588,22724,0
AGH.US,D,20250523,000000,0.568,0.589999,0.566,0.584,42013,0
AGH.US,D,20250527,000000,0.5754,0.58,0.556,0.58,126540,0
AGH.US,D,20250528,000000,0.5755,0.586,0.57,0.586,97940,0
AGH.US,D,20250529,000000,0.576,0.619999,0.561,0.5863,176925,0
AGH.US,D,20250530,000000,0.59,0.6052,0.57,0.585,106978,0
AGH.US,D,20250602,000000,0.5964,0.5964,0.542401,0.552,135199,0
AGH.US,D,20250603,000000,0.568,0.5989,0.5575,0.578,124463,0
AGH.US,D,20250604,000000,0.565,0.6099,0.565,0.59,236579,0
AGH.US,D,20250605,000000,0.585,0.7,0.571,0.6289,573105,0
AGH.US,D,20250606,000000,0.62,0.679,0.601,0.6355,153713,0
AGH.US,D,20250609,000000,0.6299,0.655,0.6011,0.61,95766,0
AGH.US,D,20250610,000000,0.6168,0.633,0.5908,0.633,76071,0
AGH.US,D,20250611,000000,0.6133,0.6799,0.61,0.6341,121923,0
AGH.US,D,20250612,000000,0.652,0.7046,0.645001,0.6599,184957,0
AGH.US,D,20250613,000000,0.65,0.670851,0.5912,0.5918,158050,0
AGH.US,D,20250616,000000,0.59,0.64,0.59,0.61,120263,0
AGH.US,D,20250617,000000,0.61,0.63,0.605,0.6056,40468,0
AGH.US,D,20250618,000000,0.59,0.6244,0.59,0.6101,69860,0
AGH.US,D,20250620,000000,0.6,0.62,0.6,0.6114,65096,0
AGH.US,D,20250623,000000,0.6115,0.628409,0.605,0.605,26660,0
AGH.US,D,20250624,000000,0.605,0.6299,0.605,0.619,45843,0
AGH.US,D,20250625,000000,0.59,0.625,0.59,0.605,27054,0
AGH.US,D,20250626,000000,0.602,0.6196,0.59,0.5999,79303,0
AGH.US,D,20250627,000000,0.6011,0.608,0.58,0.5885,50472,0
AGH.US,D,20250630,000000,0.5859,0.59,0.565,0.578001,35996,0
AGH.US,D,20250701,000000,0.5701,0.59,0.5601,0.5724,47617,0
AGH.US,D,20250702,000000,0.5705,0.607,0.5666,0.5724,54184,0
AGH.US,D,20250703,000000,0.612,0.612,0.5761,0.5771,22734,0
AGH.US,D,20250707,000000,0.583,0.588554,0.5645,0.58,57611,0
AGH.US,D,20250708,000000,0.585,0.633,0.57595,0.6011,222525,0
AGH.US,D,20250709,000000,0.61,0.6252,0.6,0.605,48581,0
AGH.US,D,20250710,000000,0.62,0.640099,0.62,0.63,105740,0
AGH.US,D,20250711,000000,0.6111,0.635,0.6111,0.632,35593,0
AGH.US,D,20250714,000000,0.611,0.6299,0.605,0.605,33912,0
AGH.US,D,20250715,000000,0.604,0.6326,0.604,0.61,48047,0
AGH.US,D,20250716,000000,0.605001,0.62,0.6,0.611,52158,0
AGH.US,D,20250717,000000,0.610001,0.63,0.61,0.616,44055,0
AGH.US,D,20250718,000000,0.625,0.6301,0.604,0.6196,84639,0
AGH.US,D,20250721,000000,0.6196,0.63,0.6101,0.62,64248,0
AGH.US,D,20250722,000000,0.605,0.6311,0.605,0.621,49447,0
AGH.US,D,20250723,000000,0.64,2.0999,0.6302,1.91,30228539,0
AGH.US,D,20250724,000000,1.6,1.85,1.11,1.84,6745340,0
AGH.US,D,20250725,000000,1.88,2.69,1.8781,2.35,5562214,0
AGH.US,D,20250728,000000,2.28,2.29,1.78,1.88,972280,0
AGH.US,D,20250729,000000,1.79,2.3,1.79,2.14,649615,0
AGH.US,D,20250730,000000,2.07,2.4627,1.9,1.99,637178,0
AGH.US,D,20250731,000000,1.95,2.53,1.95,2.48,609642,0
AGH.US,D,20250801,000000,2.43,2.99,2.43,2.95,1515453,0
AGH.US,D,20250804,000000,3.06,3.193,2.51,2.76,562002,0
AGH.US,D,20250805,000000,2.71,3.35,2.62,3.25,391399,0
AGH.US,D,20250806,000000,3.11,3.5412,2.94,3.05,383388,0
AGH.US,D,20250807,000000,2.96,3.18,2.2108,2.86,720694,0
AGH.US,D,20250808,000000,2.85,2.905,2.56,2.64,106374,0
AGH.US,D,20250811,000000,2.7,3.99,2.7,3.88,1537316,0
AGH.US,D,20250812,000000,3.95,4.8799,3.74,4.74,774277,0
AGH.US,D,20250813,000000,4.28,4.89,4.03,4.35,351921,0
AGH.US,D,20250814,000000,4.31,4.61,3.58,3.6,273371,0
AGH.US,D,20250815,000000,3.73,4.0812,3.37,3.62,258051,0
AGH.US,D,20250818,000000,3.62,4.08,3.48,3.83,152321,0
AGH.US,D,20250819,000000,3.8,4.048,2.5201,2.93,533596,0
AGH.US,D,20250820,000000,2.82,3.2199,2.47,2.8,250475,0
AGH.US,D,20250821,000000,2.66,3.0817,2.55,2.9,231511,0
AGH.US,D,20250822,000000,2.73,3.61,2.73,3.6,179015,0
AGH.US,D,20250825,000000,3.57,3.7335,3.2,3.35,135104,0
AGH.US,D,20250826,000000,3.35,3.3889,2.95,3.08,120052,0
AGH.US,D,20250827,000000,3.04,3.4843,3,3.12,117599,0
AGH.US,D,20250828,000000,3.22,3.8923,3.09,3.57,287073,0
AGH.US,D,20250829,000000,3.75,4.5,3.4788,4.34,366349,0
AGH.US,D,20250902,000000,4.11,4.1799,3.52,3.91,370898,0
AGH.US,D,20250903,000000,3.94,4.7,3.94,4.36,503812,0
AGH.US,D,20250904,000000,4.01,4.4399,3.12,3.2,508980,0
AGH.US,D,20250905,000000,3.22,3.82,3.22,3.71,384434,0
AGH.US,D,20250908,000000,3.8,4.47,3.8,4.16,432924,0
AGH.US,D,20250909,000000,4.1,4.4385,3.94,4.1,161851,0
AGH.US,D,20250910,000000,3.99,5.89,3.99,4.87,893750,0
AGH.US,D,20250911,000000,4.67,5.29,4.21,4.22,402666,0
AGH.US,D,20250912,000000,4.32,4.8199,4.27,4.315,222661,0
AGH.US,D,20250915,000000,4.33,4.7254,3.78,4.18,572830,0
AGH.US,D,20250916,000000,4.02,4.3799,3.83,4.15,288257,0
AGH.US,D,20250917,000000,4.11,4.27,3.71,3.71,322277,0
AGH.US,D,20250918,000000,3.77,4.01,3.37,3.4,328254,0
AGH.US,D,20250919,000000,3.4,3.689,3.15,3.33,574045,0
AGH.US,D,20250922,000000,3.29,3.43,2.12,2.25,852502,0
AGH.US,D,20250923,000000,2.4,2.6999,2.23,2.28,499818,0
AGH.US,D,20250924,000000,2.25,2.4788,1.96,2.01,283348,0
AGH.US,D,20250925,000000,2.01,2.57,1.8,2.18,1136039,0
AGH.US,D,20250926,000000,2.12,3.09,2.12,2.87,1629125,0
AGH.US,D,20250929,000000,2.75,3.32,2.75,3.17,585980,0
AGH.US,D,20250930,000000,3.01,3.5487,2.9967,3.26,392899,0
AGH.US,D,20251001,000000,3.23,3.94,3.23,3.51,621214,0
AGH.US,D,20251002,000000,3.53,3.87,3.37,3.82,345202,0
AGH.US,D,20251003,000000,3.84,4,3.5001,3.52,313074,0
AGH.US,D,20251006,000000,3.49,3.78,3.2723,3.7,164300,0
AGH.US,D,20251007,000000,3.7,3.72,3.41,3.48,72783,0
AGH.US,D,20251008,000000,3.48,3.77,3.46,3.5,98128,0
AGH.US,D,20251009,000000,3.45,3.75,3.45,3.71,159408,0
AGH.US,D,20251010,000000,3.7,3.715,3.33,3.51,144797,0
AGH.US,D,20251013,000000,3.63,4.2,3.63,4.14,154692,0
AGH.US,D,20251014,000000,4.13,4.56,4.0347,4.43,221935,0
AGH.US,D,20251015,000000,4.25,4.74,4.15,4.64,157901,0
AGH.US,D,20251016,000000,4.72,5.09,4.56,5.01,162618,0
AGH.US,D,20251017,000000,4.61,6.2795,4.61,5.91,659250,0
AGH.US,D,20251020,000000,5.96,8,5.96,7.07,986317,0
AGH.US,D,20251021,000000,7.07,7.488,6.6,6.81,204487,0
AGH.US,D,20251022,000000,6.59,6.68,5.502,5.67,345506,0
AGH.US,D,20251023,000000,5.67,6.75,5.67,6.74,311312,0
AGH.US,D,20251024,000000,6.61,7.7,6.61,7.64,466341,0
AGH.US,D,20251027,000000,7.14,8.1,7.14,7.815,595800,0
AGH.US,D,20251028,000000,8.25,8.25,5.66,5.73,443421,0
AGH.US,D,20251029,000000,6.01,7.14,5.7,6.73,281590,0
AGH.US,D,20251030,000000,6.67,6.81,5.975,6.08,237391,0
AGH.US,D,20251031,000000,6.21,6.5399,5.31,5.71,204402,0
AGH.US,D,20251103,000000,5.7,5.91,5.19,5.27,99208,0
AGH.US,D,20251104,000000,5.27,5.51,4.93,5.24,239290,0
AGH.US,D,20251105,000000,5.14,5.8365,4.97,5.34,169967,0
