<TICKER>,<PER>,<DATE>,<TIME>,<OPEN>,<HIGH>,<LOW>,<CLOSE>,<VOL>,<OPENINT>
GTI.US,D,20220111,000000,594,594.6,593.4,593.4,8627.000017254,0
GTI.US,D,20220112,000000,594,594.6,594,594.552,1765.5500035311,0
GTI.US,D,20220113,000000,594.6,594.6,594,594,3020.2166727071,0
GTI.US,D,20220114,000000,594,594.3,594,594.3,532.9333343992,0
GTI.US,D,20220120,000000,593.4,594,593.4,594,1289.333335912,0
GTI.US,D,20220121,000000,592.8,594,592.2,594,1017.1000020342,0
GTI.US,D,20220124,000000,593.4,594.6,593.4,593.4,839.7166683460999,0
GTI.US,D,20220125,000000,592.2,594.6,592.2,594.6,5285.7000105714,0
GTI.US,D,20220126,000000,594,594.6,593.4,593.4,51.683333436699996,0
GTI.US,D,20220127,000000,594,594,593.4,593.4,1148.1500022963,0
GTI.US,D,20220128,000000,594.6,594.6,594.6,594.6,284.0166672347,0
GTI.US,D,20220201,000000,594.6,594.6,594.6,594.6,93.9166668545,0
GTI.US,D,20220203,000000,595.2,595.2,594,595.2,2312.8666712924,0
GTI.US,D,20220204,000000,595.2,596.4,595.2,596.4,320.21666730709995,0
GTI.US,D,20220207,000000,597,597,597,597,1.7500000034999998,0
GTI.US,D,20220208,000000,597,597,597,597,94.65000018929999,0
GTI.US,D,20220209,000000,596.4,596.4,594.978,595.2,6541.5666797498,0
GTI.US,D,20220210,000000,595.2,595.8,595.2,595.2,380.00000076,0
GTI.US,D,20220211,000000,595.2,595.2,595.2,595.2,3.33333334,0
GTI.US,D,20220214,000000,595.2,595.2,595.2,595.2,38.333333409999995,0
GTI.US,D,20220215,000000,595.2,595.8,595.2,595.8,421.96666751059996,0
GTI.US,D,20220216,000000,595.8,595.8,595.2,595.8,747.500001495,0
GTI.US,D,20220222,000000,595.8,596.4,595.8,596.4,480.96666762859996,0
GTI.US,D,20220223,000000,596.4,597,596.4,597,148.9500002979,0
GTI.US,D,20220224,000000,597.6,597.6,597.6,597.6,3.2833333399,0
GTI.US,D,20220225,000000,596.4,596.4,596.4,596.4,21.000000042,0
GTI.US,D,20220301,000000,594.6,597.6,594.6,597.6,404.2166674751,0
GTI.US,D,20220314,000000,598.2,598.2,597.9,597.9,6.6833333467,0
GTI.US,D,20220316,000000,598.2,598.2,597.9,597.9,278.2166672231,0
GTI.US,D,20220318,000000,598.2,598.2,598.2,598.2,274.9666672166,0
GTI.US,D,20220321,000000,598.8,598.8,598.8,598.8,1.7666666701999998,0
GTI.US,D,20220329,000000,598.8,600,598.8,600,844.8833350230999,0
GTI.US,D,20220330,000000,599.4,599.4,599.4,599.4,416.66666749999996,0
GTI.US,D,20220331,000000,600,600,600,600,163.83333366099998,0
GTI.US,D,20220405,000000,600,600,599.4,600,39.7333334128,0
GTI.US,D,20220407,000000,599.4,600.6,599.4,600.6,85.00000016999999,0
GTI.US,D,20220408,000000,600.6,600.9,600.6,600.6,520.8333343749999,0
GTI.US,D,20220412,000000,601.2,601.2,601.2,601.2,1.66666667,0
GTI.US,D,20220414,000000,601.2,601.2,601.2,601.2,93.500000187,0
GTI.US,D,20220419,000000,601.2,601.2,601.2,601.2,8353.366683373399,0
GTI.US,D,20220421,000000,601.8,602.4,601.8,602.4,6.3166666793,0
GTI.US,D,20220425,000000,602.4,602.4,601.2,602.4,10016.6833533667,0
GTI.US,D,20220428,000000,601.2,601.2,601.2,601.2,231.3000004626,0
GTI.US,D,20220503,000000,601.2,601.2,601.2,601.2,225.00000045,0
GTI.US,D,20220504,000000,601.2,601.5,601.2,601.5,50.0166667667,0
GTI.US,D,20220505,000000,601.8,601.8,601.5,601.8,353.38333404009995,0
GTI.US,D,20220506,000000,601.8,601.8,601.8,601.8,12.5166666917,0
GTI.US,D,20220510,000000,600.6,600.6,599.4,600,1669.000003338,0
GTI.US,D,20220512,000000,600.6,600.6,600.6,600.6,166.2666669992,0
GTI.US,D,20220513,000000,599.4,600,599.4,599.4,178.3833336901,0
GTI.US,D,20220516,000000,600.6,601.314,600.6,601.314,5.4000000107999995,0
GTI.US,D,20220517,000000,599.4,599.4,599.4,599.4,833.5666683338,0
GTI.US,D,20220520,000000,600,600,600,600,83.5500001671,0
GTI.US,D,20220524,000000,600.3,600.3,600.3,600.3,5.3500000107,0
GTI.US,D,20220603,000000,601.2,601.8,600.6,601.8,661.1166679889,0
GTI.US,D,20220608,000000,601.5,601.5,601.26,601.368,39.4500000789,0
GTI.US,D,20220609,000000,601.8,602.598,601.8,602.598,488.00000097599997,0
GTI.US,D,20220610,000000,603,603,603,603,33.933333401199995,0
GTI.US,D,20220613,000000,601.836,602.7,601.836,602.4,1469.3166696053,0
GTI.US,D,20220616,000000,601.8,601.932,601.8,601.932,193.166667053,0
GTI.US,D,20220617,000000,601.2,601.398,601.2,601.2,98.60000019719999,0
GTI.US,D,20220622,000000,602.4,602.4,602.4,602.4,5.0166666767,0
GTI.US,D,20220623,000000,604.2,604.2,604.2,604.2,8.200000016399999,0
GTI.US,D,20220627,000000,601.2,602.4,598.8,601.8,1179.333335692,0
GTI.US,D,20220628,000000,601.8,601.8,600,601.2,819.9500016398999,0
GTI.US,D,20220629,000000,601.8,601.8,601.2,601.2,4208.33334175,0
GTI.US,D,20220630,000000,601.8,602.4,600.6,602.4,241.9666671506,0
GTI.US,D,20220701,000000,601.8,601.8,601.8,601.8,128.6333335906,0
GTI.US,D,20220713,000000,601.938,601.938,601.938,601.938,5.416666677499999,0
GTI.US,D,20220715,000000,602.4,602.7,602.4,602.4,1190.3500023806998,0
GTI.US,D,20220718,000000,603,603,603,603,72.0500001441,0
GTI.US,D,20220720,000000,603,604.2,603,604.2,178.1333336896,0
GTI.US,D,20220727,000000,604.2,604.2,604.2,604.2,3358.1666733829998,0
GTI.US,D,20220728,000000,604.2,604.2,604.2,604.2,623.8666679144,0
GTI.US,D,20220801,000000,604.8,605.4,604.2,605.4,957.8333352489999,0
GTI.US,D,20220802,000000,605.4,606,604.8,604.8,322.2500006445,0
GTI.US,D,20220803,000000,604.8,605.4,604.8,605.4,6819.6333469726,0
GTI.US,D,20220804,000000,605.4,605.4,604.8,604.8,80.4833334943,0
GTI.US,D,20220805,000000,605.4,605.4,604.8,604.8,127.43333358819999,0
GTI.US,D,20220808,000000,605.4,605.4,604.8,604.8,78.1166668229,0
GTI.US,D,20220809,000000,604.8,605.394,604.8,604.8,34.633333402599995,0
GTI.US,D,20220810,000000,605.4,605.4,604.8,604.8,401.5666674698,0
GTI.US,D,20220811,000000,605.4,605.4,605.4,605.4,85.833333505,0
GTI.US,D,20220815,000000,605.4,605.4,605.4,605.4,172.833333679,0
GTI.US,D,20220816,000000,606,606,605.1,605.4,1601.3166698692999,0
GTI.US,D,20220817,000000,605.4,605.7,605.4,605.4,228.3666671234,0
GTI.US,D,20220819,000000,605.4,605.4,605.4,605.4,250.95000050189998,0
GTI.US,D,20220822,000000,606.6,607.2,606.6,606.78,27.5333333884,0
GTI.US,D,20220823,000000,609,609,609,609,39.2500000785,0
GTI.US,D,20220825,000000,606,606,606,606,144.31666695529998,0
GTI.US,D,20220831,000000,606.6,606.6,606.6,606.6,257.2833338479,0
GTI.US,D,20220901,000000,606.6,608.4,606.6,608.4,211.56666708979998,0
GTI.US,D,20220906,000000,607.2,607.2,606.9,606.9,226.8666671204,0
GTI.US,D,20220908,000000,607.8,608.1,607.8,608.1,11.166666689,0
GTI.US,D,20220912,000000,607.2,607.5,607.2,607.2,42.900000085799995,0
GTI.US,D,20220919,000000,607.8,608.4,607.8,608.4,141.41666694949998,0
GTI.US,D,20220921,000000,607.8,608.4,607.8,607.8,2883.6500057672997,0
GTI.US,D,20220922,000000,608.4,608.4,608.4,608.4,93.6500001873,0
GTI.US,D,20220923,000000,608.4,609,607.8,609,3225.8333397849997,0
GTI.US,D,20220926,000000,608.7,608.7,608.4,608.4,4183.500008367,0
GTI.US,D,20220927,000000,608.4,608.4,608.4,608.4,83.36666683339999,0
GTI.US,D,20220928,000000,608.4,608.7,608.4,608.4,120.4500002409,0
GTI.US,D,20220929,000000,608.4,608.4,608.4,608.4,84.4333335022,0
GTI.US,D,20220930,000000,608.4,608.7,608.4,608.7,262.0833338575,0
GTI.US,D,20221003,000000,609,609,609,609,105.9333335452,0
GTI.US,D,20221004,000000,609.6,609.6,609.3,609.6,438.36666754339996,0
GTI.US,D,20221005,000000,609.6,610.2,609.6,610.2,91.68333351669999,0
GTI.US,D,20221006,000000,610.2,610.2,610.158,610.2,2002.4666706715998,0
GTI.US,D,20221007,000000,610.5,610.5,610.2,610.2,21.9666667106,0
GTI.US,D,20221011,000000,610.8,610.8,610.638,610.8,16.7000000334,0
GTI.US,D,20221012,000000,611.4,611.4,610.8,610.8,97.1333335276,0
GTI.US,D,20221014,000000,611.4,611.4,611.4,611.4,18.500000037,0
GTI.US,D,20221017,000000,611.4,612.3,611.4,612.3,20.1833333737,0
GTI.US,D,20221019,000000,610.2,610.2,610.2,610.2,102.48333353829999,0
GTI.US,D,20221020,000000,611.4,611.4,610.8,610.8,44.1500000883,0
GTI.US,D,20221021,000000,611.1,611.4,610.8,611.1,188.81666704429998,0
GTI.US,D,20221024,000000,610.8,610.8,610.8,610.8,2.0333333373999998,0
GTI.US,D,20221025,000000,611.1,611.1,611.1,611.1,3.6000000072,0
GTI.US,D,20221027,000000,611.4,612,611.4,612,168.41666700349998,0
GTI.US,D,20221028,000000,612.3,612.6,612,612.594,93.90000018779999,0
GTI.US,D,20221031,000000,612,612,611.7,611.7,101.7666668702,0
GTI.US,D,20221101,000000,611.4,611.4,610.8,610.8,1741.1166701488999,0
GTI.US,D,20221102,000000,613.2,613.2,613.2,613.2,2.6833333387,0
GTI.US,D,20221103,000000,613.2,613.2,612,613.2,946.7500018935,0
GTI.US,D,20221104,000000,609.6,613.8,609.6,613.8,369.6333340726,0
GTI.US,D,20221107,000000,609,609,609,609,2.5500000051,0
GTI.US,D,20221108,000000,615.618,631.5,612,614.4,420.0500008401,0
GTI.US,D,20221109,000000,618,619.2,618,619.2,78.166666823,0
GTI.US,D,20221110,000000,652.2,675,618,633.6,191.2000003824,0
GTI.US,D,20221111,000000,652.8,652.8,610.2,619.2,114.11666689489999,0
GTI.US,D,20221114,000000,631.8,632.4,618,618,30.550000061099997,0
GTI.US,D,20221115,000000,616.8,627.6,613.8,613.8,153.3500003067,0
GTI.US,D,20221116,000000,616.2,681.6,616.2,618,169.2500003385,0
GTI.US,D,20221118,000000,626.058,675,619.5,621.54,194.6166670559,0
GTI.US,D,20221121,000000,613.2,613.2,609,612,5451.66667757,0
GTI.US,D,20221122,000000,612.3,612.6,610.8,610.8,92.28333351789999,0
GTI.US,D,20221123,000000,610.8,610.8,610.8,610.8,30.833333394999997,0
GTI.US,D,20221128,000000,635.994,636,635.994,636,40.116666746899995,0
GTI.US,D,20221129,000000,624,624,624,624,1.7166666701,0
GTI.US,D,20221202,000000,626.4,626.4,626.4,626.4,42.7333334188,0
GTI.US,D,20221205,000000,624.6,625.2,624.6,625.2,65.81666679829999,0
GTI.US,D,20221207,000000,624.6,624.6,624.6,624.6,3.3500000066999998,0
GTI.US,D,20221230,000000,619.2,619.2,619.2,619.2,2.5166666717,0
GTI.US,D,20230105,000000,625.8,625.8,625.8,625.8,2.9333333392,0
GTI.US,D,20230109,000000,617.964,617.964,617.964,617.964,1.9000000037999998,0
GTI.US,D,20230117,000000,618,618,618,618,2.2500000045,0
GTI.US,D,20230120,000000,626.4,627,626.4,627,14.7333333628,0
GTI.US,D,20230124,000000,624.6,625.206,624,625.206,30.216666727099998,0
GTI.US,D,20230130,000000,628.8,628.8,628.8,628.8,7.4500000149,0
GTI.US,D,20230131,000000,628.2,628.2,628.2,628.2,3.3666666733999997,0
GTI.US,D,20230201,000000,628.8,628.8,628.2,628.2,3.5333333403999996,0
GTI.US,D,20230202,000000,628.2,628.2,628.2,628.2,3.6166666738999997,0
GTI.US,D,20230207,000000,628.8,628.8,628.8,628.8,21.7166667101,0
GTI.US,D,20230223,000000,632.4,656.52,632.4,634.2,49.900000099799996,0
GTI.US,D,20230224,000000,633,633,633,633,23.33333338,0
GTI.US,D,20230227,000000,633,636.6,632.4,632.4,32.1166667309,0
GTI.US,D,20230301,000000,633,633,633,633,1.7000000034,0
GTI.US,D,20230302,000000,633,633,631.8,631.8,42.7166667521,0
GTI.US,D,20230303,000000,636,659.46,635.4,639,74.25000014849999,0
GTI.US,D,20230307,000000,642,642,639,639,29.4666667256,0
GTI.US,D,20230310,000000,631.8,636,631.8,636,104.96666687659999,0
GTI.US,D,20230314,000000,641.4,642,641.4,642,20.4000000408,0
GTI.US,D,20230315,000000,632.4,632.406,632.4,632.4,18.4500000369,0
GTI.US,D,20230317,000000,632.4,632.4,632.4,632.4,3.833333341,0
GTI.US,D,20230323,000000,630,633.6,630,632.4,116.75000023349999,0
GTI.US,D,20230324,000000,634.2,634.2,634.2,634.2,33.3333334,0
GTI.US,D,20230327,000000,632.4,633,630,633,51.9833334373,0
GTI.US,D,20230330,000000,634.2,634.2,633,633,91.46666684959999,0
GTI.US,D,20230420,000000,634.5,634.5,633,633,7.7666666821999994,0
GTI.US,D,20230425,000000,636,636,636,636,2.500000005,0
GTI.US,D,20230502,000000,635.1,635.1,635.1,635.1,21.4166667095,0
GTI.US,D,20230509,000000,636,637.2,636,636,106.66666688,0
GTI.US,D,20230510,000000,638.4,638.4,638.4,638.4,375.0166674167,0
GTI.US,D,20230512,000000,641.4,641.406,641.4,641.4,424.6333341826,0
GTI.US,D,20230517,000000,641.4,641.4,640.5,640.5,91.000000182,0
GTI.US,D,20230519,000000,642,642,642,642,21.833333377,0
GTI.US,D,20230522,000000,645,645,642,642,45.8000000916,0
GTI.US,D,20230524,000000,642,643.8,642,642.006,33.3333334,0
GTI.US,D,20230526,000000,644.4,645,642,642.006,35.00000007,0
GTI.US,D,20230531,000000,643.8,643.8,643.8,643.8,7.1166666809,0
GTI.US,D,20230602,000000,643.8,646.5,643.674,646.5,182.5666670318,0
GTI.US,D,20230612,000000,646.2,647.1,646.2,647.1,15.5166666977,0
GTI.US,D,20230613,000000,646.8,646.8,646.8,646.8,19.2000000384,0
GTI.US,D,20230614,000000,647.4,647.4,647.4,647.4,13.7666666942,0
GTI.US,D,20230622,000000,646.8,648.3,646.8,648.3,7.1833333477,0
GTI.US,D,20230626,000000,649.2,649.8,648.6,649.8,97.46666686159999,0
GTI.US,D,20230705,000000,651.6,651.6,649.2,649.2,3.33333334,0
GTI.US,D,20230710,000000,654,654,654,654,3.0166666727,0
GTI.US,D,20230713,000000,656.394,656.394,652.2,655.8,26.2666667192,0
GTI.US,D,20230719,000000,657,659.4,657,659.4,28.200000056399997,0
GTI.US,D,20230720,000000,658.248,658.8,658.248,658.8,6.5833333465,0
GTI.US,D,20230724,000000,658.8,658.8,658.8,658.8,1.7000000034,0
GTI.US,D,20230726,000000,660,660,657.15,660,25.016666716699998,0
GTI.US,D,20230801,000000,663.6,663.6,663.6,663.6,4.7333333428,0
GTI.US,D,20230803,000000,658.2,663.6,658.2,658.8,12.5333333584,0
GTI.US,D,20230804,000000,661.8,661.8,660,661.794,68.8500001377,0
GTI.US,D,20230807,000000,663,663,658.8,660,89.0166668447,0
GTI.US,D,20230808,000000,658.2,658.8,658.2,658.8,22.583333378499997,0
GTI.US,D,20230809,000000,660.6,660.6,660.6,660.6,1.66666667,0
GTI.US,D,20230811,000000,662.79,663,660.9,662.79,132.2666669312,0
GTI.US,D,20230814,000000,666,666,665.4,665.4,20.2000000404,0
GTI.US,D,20230815,000000,665.4,665.4,661.2,661.2,4.833333343,0
GTI.US,D,20230816,000000,669.6,669.84,658.2,666,356.4666673796,0
GTI.US,D,20230817,000000,661.2,663,660.006,663,373.91666741449995,0
GTI.US,D,20230818,000000,664.2,664.2,664.2,664.2,3.8166666743,0
GTI.US,D,20230821,000000,666.504,666.504,666,666,124.166666915,0
GTI.US,D,20230906,000000,667.5,670.5,667.5,669,77.10000015419999,0
GTI.US,D,20230911,000000,671.52,671.52,671.52,671.52,10.00000002,0
GTI.US,D,20230913,000000,671.4,671.616,671.4,671.4,20.7833333749,0
GTI.US,D,20230914,000000,661.8,661.8,661.8,661.8,6.0666666788,0
GTI.US,D,20230919,000000,664.8,664.8,664.8,664.8,2.3666666714,0
GTI.US,D,20230922,000000,671.4,671.4,671.4,671.4,1.66666667,0
GTI.US,D,20230925,000000,673.998,673.998,663.6,666,6.66666668,0
GTI.US,D,20230927,000000,667.2,667.2,667.2,667.2,1.66666667,0
GTI.US,D,20231009,000000,671.4,671.4,667.2,667.2,3.3500000066999998,0
GTI.US,D,20231026,000000,672,672,672,672,7.1333333476,0
GTI.US,D,20231102,000000,663,663,663,663,7.9000000158,0
GTI.US,D,20231103,000000,678,678,676.446,676.446,43.7500000875,0
GTI.US,D,20231116,000000,679.2,679.2,678,678,15.916666698499998,0
GTI.US,D,20231120,000000,667.2,667.2,663.6,663.6,16.8500000337,0
GTI.US,D,20231122,000000,675.6,676.2,675.6,675.6,11.7333333568,0
GTI.US,D,20231128,000000,674.4,674.4,670.902,673.2,123.8000002476,0
GTI.US,D,20231129,000000,674.4,675.6,674.4,675.6,317.6500006353,0
GTI.US,D,20231130,000000,676.8,679.2,676.8,679.2,63.8166667943,0
GTI.US,D,20231201,000000,679.2,679.2,679.2,679.2,79.833333493,0
GTI.US,D,20231204,000000,684,684,682.8,684,77.7666668222,0
GTI.US,D,20231206,000000,676.2,679.2,675,677.4,37.166666741,0
GTI.US,D,20231207,000000,676.2,681.6,675.6,681.6,21.9166667105,0
GTI.US,D,20231208,000000,675.66,680.4,675.6,680.4,46.66666676,0
GTI.US,D,20231211,000000,675.66,687,675.66,687,7.816666682299999,0
GTI.US,D,20231212,000000,688.8,690,681.6,689.4,54.000000107999995,0
GTI.US,D,20231213,000000,676.8,689.4,676.2,684.6,198.5666670638,0
GTI.US,D,20231214,000000,681,689.4,681,687.552,86.40000017279999,0
GTI.US,D,20231215,000000,687,687,687,687,23.4166667135,0
GTI.US,D,20231222,000000,682.8,687,682.8,687,9.1333333516,0
GTI.US,D,20231229,000000,678.6,678.6,678.6,678.6,2.666666672,0
GTI.US,D,20240104,000000,681,681.6,681,681.6,62.58333345849999,0
GTI.US,D,20240108,000000,681.6,687,679.2,687,38.4000000768,0
GTI.US,D,20240109,000000,682.2,687,682.2,687,301.1000006022,0
GTI.US,D,20240110,000000,684.6,687,684.6,687,9.1166666849,0
GTI.US,D,20240111,000000,687,688.2,684.6,684.6,131.5166669297,0
GTI.US,D,20240112,000000,687.6,688.2,687.6,688.2,8.416666683499999,0
GTI.US,D,20240116,000000,687.6,688.2,687.6,688.2,66.9666668006,0
GTI.US,D,20240117,000000,690,690,690,690,3.1500000063,0
GTI.US,D,20240119,000000,689.1,689.7,689.1,689.7,25.366666717399998,0
GTI.US,D,20240122,000000,690,690,688.8,688.8,33.4833334003,0
GTI.US,D,20240123,000000,690,690,688.8,690,63.050000126099995,0
GTI.US,D,20240124,000000,693,693.936,690,693.936,46.2833334259,0
GTI.US,D,20240125,000000,694.8,694.8,693,693,11.650000023299999,0
GTI.US,D,20240130,000000,693,696,693,694.2,1409.8500028197,0
GTI.US,D,20240131,000000,694.8,696,694.2,696,58.566666783799995,0
GTI.US,D,20240201,000000,694.2,694.2,693.6,693.6,191.000000382,0
GTI.US,D,20240202,000000,694.2,696,694.2,695.712,53.2333334398,0
GTI.US,D,20240205,000000,694.5,694.5,693.6,694.476,63.71666679409999,0
GTI.US,D,20240206,000000,696,697.8,696,696,762.5833348584999,0
GTI.US,D,20240207,000000,696,696.87,696,696,314.3500006287,0
GTI.US,D,20240208,000000,696.252,696.252,696,696,446.76666756019995,0
GTI.US,D,20240209,000000,696,696,696,696,346.5833340265,0
GTI.US,D,20240212,000000,696,696.168,696,696.168,19.5500000391,0
GTI.US,D,20240213,000000,690,698.4,689.4,693,94.9000001898,0
GTI.US,D,20240214,000000,693,708.36,693,698.4,141.41666694949998,0
GTI.US,D,20240215,000000,696,696.618,696,696,67.0166668007,0
GTI.US,D,20240216,000000,698.4,698.4,690,690,75.2333334838,0
GTI.US,D,20240220,000000,661.8,712.794,561.3,696,2006.2500040124999,0
GTI.US,D,20240221,000000,696.696,696.696,690,693,854.5333350423999,0
GTI.US,D,20240222,000000,693,694.2,692.4,694.2,19.966666706599998,0
GTI.US,D,20240223,000000,690,738,690,703.2,160.95000032189998,0
GTI.US,D,20240226,000000,750,751.2,647.4,749.4,494.4333343222,0
GTI.US,D,20240227,000000,744,744,648,660.6,592.6000011852,0
GTI.US,D,20240228,000000,666.6,715.362,492.6,492.6,161.7000003234,0
GTI.US,D,20240229,000000,540.6,569.142,498.6,507,754.6000015092,0
GTI.US,D,20240301,000000,742.8,783,204,210,4270.516675207699,0
GTI.US,D,20240304,000000,256.8,389.4,232.8,302.4,24549.683382432697,0
GTI.US,D,20240305,000000,302.4,448.2,302.4,407.4,6017.9666787026,0
GTI.US,D,20240306,000000,416.4,570,416.4,498,1756.3833368460998,0
GTI.US,D,20240307,000000,492,510,479.4,494.496,1055.0666687768,0
GTI.US,D,20240308,000000,490.2,560.4,483.6,487.2,406.66666748,0
GTI.US,D,20240311,000000,556.8,808.194,503.4,720.6,8033.033349399399,0
GTI.US,D,20240312,000000,749.4,810,670.8,735,1644.1500032883,0
GTI.US,D,20240313,000000,735,825,694.8,728.4,355.00000071,0
GTI.US,D,20240314,000000,715.2,744,712.8,735,365.4833340643,0
GTI.US,D,20240315,000000,750,840,708,708,1920.0000038399999,0
GTI.US,D,20240318,000000,745.8,799.2,721.8,728.808,956.8166685803,0
GTI.US,D,20240319,000000,750,750,655.2,671.4,914.0166684947,0
GTI.US,D,20240320,000000,671.4,671.4,586.8,595.56,314.56666729579996,0
GTI.US,D,20240321,000000,616.2,659.4,586.8,592.8,287.3500005747,0
GTI.US,D,20240322,000000,594.312,597.6,552,564.066,324.40000064879996,0
GTI.US,D,20240325,000000,517.2,576,480,480,311.9000006238,0
GTI.US,D,20240326,000000,480,480,432,462.3,238.08333380949998,0
GTI.US,D,20240327,000000,458.4,468,417.264,420,270.0500005401,0
GTI.US,D,20240328,000000,420,442.2,420,424.2,261.7666671902,0
GTI.US,D,20240401,000000,424.8,477,420,445.2,803.4500016069,0
GTI.US,D,20240402,000000,450,465,430.2,430.8,212.4500004249,0
GTI.US,D,20240403,000000,438,461.058,433.8,433.8,371.26666740919995,0
GTI.US,D,20240404,000000,438,490.32,438,458.4,101.3833335361,0
GTI.US,D,20240405,000000,482.4,482.4,456.6,459,155.55000031109998,0
GTI.US,D,20240408,000000,472.8,480,451.806,456,269.88333387309996,0
GTI.US,D,20240409,000000,478.8,480,462,465,115.6000002312,0
GTI.US,D,20240410,000000,481.2,491.4,474,491.4,39.1000000782,0
GTI.US,D,20240411,000000,497.4,527.364,493.956,519.6,101.13333353559999,0
GTI.US,D,20240412,000000,528,660,528,608.4,861.0833350554999,0
GTI.US,D,20240415,000000,636,658.962,618,646.2,205.6500004113,0
GTI.US,D,20240416,000000,648,665.4,601.5,613.2,251.4500005029,0
GTI.US,D,20240417,000000,613.2,613.2,549,576.3,115.333333564,0
GTI.US,D,20240418,000000,576,633,576,576.6,457.68333424869996,0
GTI.US,D,20240419,000000,592.8,592.8,351,385.8,1586.5500031730999,0
GTI.US,D,20240422,000000,420,556.2,420,453,584.9000011698,0
GTI.US,D,20240423,000000,476.4,505.5,438.084,438.6,315.1500006303,0
GTI.US,D,20240424,000000,450,450,420.6,428.4,300.1333339336,0
GTI.US,D,20240425,000000,432,434.412,408,417,208.7333337508,0
GTI.US,D,20240426,000000,422.208,461.394,414.6,417,304.7166672761,0
GTI.US,D,20240429,000000,417,435,414.66,425.148,249.9666671666,0
GTI.US,D,20240430,000000,420,436.8,402,432,589.2333345118,0
GTI.US,D,20240501,000000,436.8,436.8,411,413.358,141.9166669505,0
GTI.US,D,20240502,000000,408.6,436.8,408.6,434.082,171.45000034289998,0
GTI.US,D,20240503,000000,420,441,420,433.8,263.4333338602,0
GTI.US,D,20240506,000000,432.006,447,417,446.4,437.96666754259996,0
GTI.US,D,20240507,000000,450,450,420,425.4,806.9500016139,0
GTI.US,D,20240508,000000,439.5,450.6,418.53,450,640.8500012817,0
GTI.US,D,20240509,000000,441.6,449.394,423.606,447,347.2500006945,0
GTI.US,D,20240510,000000,432,434.1,423.6,432.114,145.2166669571,0
GTI.US,D,20240513,000000,441,450,417,427.8,539.1666677449999,0
GTI.US,D,20240514,000000,420,423,387,387,686.2666680392,0
GTI.US,D,20240515,000000,414.6,414.6,360,364.2,1431.0833361955,0
GTI.US,D,20240516,000000,360.6,381,360,366.6,776.2666682191999,0
GTI.US,D,20240517,000000,385.2,385.2,351.6,363,554.7166677760999,0
GTI.US,D,20240520,000000,375,389.4,366.6,371.1,355.73333404479996,0
GTI.US,D,20240521,000000,390,390,371.4,386.4,274.01666721469996,0
GTI.US,D,20240522,000000,387.6,432,371.4,381.6,2313.2333379598,0
GTI.US,D,20240523,000000,394.8,411.6,351,368.088,1203.0666690727999,0
GTI.US,D,20240524,000000,372,376.194,352.8,367.8,343.6000006872,0
GTI.US,D,20240528,000000,381,381.756,339,339.6,827.5166683217,0
GTI.US,D,20240529,000000,342,362.394,342,358.2,604.1833345417,0
GTI.US,D,20240530,000000,360,360,345,345.6,648.0833346295,0
GTI.US,D,20240531,000000,360,360,345.6,354.594,560.4000011208,0
GTI.US,D,20240603,000000,354.6,359.394,344.4,358.794,372.50000074499997,0
GTI.US,D,20240604,000000,359.394,379.8,339,363.588,1459.8833362531,0
GTI.US,D,20240605,000000,359.082,387.6,330,330,1513.6833363607,0
GTI.US,D,20240606,000000,337.2,351.594,333,341.4,526.8500010537,0
GTI.US,D,20240607,000000,347.67,361.2,327,336.594,1732.7166701320998,0
GTI.US,D,20240610,000000,340.2,342,328.2,334.53,424.26666751519997,0
GTI.US,D,20240611,000000,330,331.194,325.8,326.4,256.0500005121,0
GTI.US,D,20240612,000000,336,348,336,348,196.0666670588,0
GTI.US,D,20240613,000000,352.2,376.2,339,363.6,341.66666734999995,0
GTI.US,D,20240614,000000,360,396,347.1,372,2568.000005136,0
GTI.US,D,20240617,000000,360,371.994,345,350.4,768.5833348704999,0
GTI.US,D,20240618,000000,348,348.6,319.2,323.916,556.3000011126,0
GTI.US,D,20240620,000000,324,349.8,324,332.7,296.1000005922,0
GTI.US,D,20240621,000000,336,344.394,288,288,463.95000092789996,0
GTI.US,D,20240624,000000,300,301.8,270,278.394,997.5833353285,0
GTI.US,D,20240625,000000,276.6,280.194,270,273,295.7500005915,0
GTI.US,D,20240626,000000,272.4,275.394,267.3,269.4,740.2666681472,0
GTI.US,D,20240627,000000,270,271.2,252,255,832.5833349984999,0
GTI.US,D,20240628,000000,255,318,255,293.4,1172.2000023444,0
GTI.US,D,20240701,000000,313.2,313.2,264.6,267,854.6166683759,0
GTI.US,D,20240702,000000,267.3,271.194,261.6,262.8,185.7833337049,0
GTI.US,D,20240703,000000,261,269.394,258,260.4,123.55000024709999,0
GTI.US,D,20240705,000000,270,273,256.59,264.6,587.7333345088,0
GTI.US,D,20240708,000000,261,271.8,259.8,264.594,522.0333343774,0
GTI.US,D,20240709,000000,264,265.2,252.006,252.06,534.1500010683,0
GTI.US,D,20240710,000000,251.4,252,246,247.2,448.5333342304,0
GTI.US,D,20240711,000000,245.4,267,245.4,256.2,256.43333384619996,0
GTI.US,D,20240712,000000,262.5,341.4,258.606,288,2032.4833373983,0
GTI.US,D,20240715,000000,296.4,306,288,298.8,446.2833342259,0
GTI.US,D,20240716,000000,294,318.6,294,296.46,931.2833351958999,0
GTI.US,D,20240717,000000,296.4,306.6,294,294,494.7833343229,0
GTI.US,D,20240718,000000,297,300.6,253.8,258,653.2000013063999,0
GTI.US,D,20240719,000000,258.6,260.4,240.6,250.2,428.5166675237,0
GTI.US,D,20240722,000000,247.8,252.6,236.7,239.4,771.5166682096999,0
GTI.US,D,20240723,000000,232.8,256.2,229.8,232.2,624.0166679147,0
GTI.US,D,20240724,000000,228,235.194,205.2,205.2,2052.6166707719,0
GTI.US,D,20240725,000000,205.2,215.994,204,205.2,424.1833341817,0
GTI.US,D,20240726,000000,205.2,208.5,190.8,190.8,586.3666678394,0
GTI.US,D,20240729,000000,190.2,196.422,180.606,185.4,458.7333342508,0
GTI.US,D,20240730,000000,184.8,185.394,180,180.3,369.03333407139996,0
GTI.US,D,20240731,000000,189,240,186,193.2,7157.6166809819,0
GTI.US,D,20240801,000000,193.8,208.2,159.006,159.6,2918.6333391706,0
GTI.US,D,20240802,000000,162,181.5,138,138.3,1769.5166702057,0
GTI.US,D,20240805,000000,141.6,202.8,123,161.4,6620.9166799085,0
GTI.US,D,20240806,000000,170.4,210,138.6,165.6,5443.8666775544,0
GTI.US,D,20240807,000000,165.6,183.6,138,138,4058.2333414498,0
GTI.US,D,20240808,000000,139.8,140.4,126.36,135,1379.3833360920999,0
GTI.US,D,20240809,000000,132,136.2,126,128.4,863.8000017275999,0
GTI.US,D,20240812,000000,132,136.764,126,126,182.4333336982,0
GTI.US,D,20240813,000000,126,136.8,121.5,126,1141.8333356169999,0
GTI.US,D,20240814,000000,124.8,126,114,121.8,1417.2833361679,0
GTI.US,D,20240815,000000,123,123,115.8,117.6,551.7000011033999,0
GTI.US,D,20240816,000000,114,130.8,112.2,130.8,653.833334641,0
GTI.US,D,20240819,000000,129,129,114.6,114.6,1866.5166703997,0
GTI.US,D,20240820,000000,121.8,214.8,116.4,168,69213.70013842739,0
GTI.US,D,20240821,000000,175.8,219,164.4,184.2,29349.7000586994,0
GTI.US,D,20240822,000000,183,189.6,151.2,156.6,6337.4833460083,0
GTI.US,D,20240823,000000,169.2,190.8,163.026,178.2,9544.5500190891,0
GTI.US,D,20240826,000000,172.2,180,168,168,2804.2666722751997,0
GTI.US,D,20240827,000000,171,175.2,160.758,160.8,1004.3833353420999,0
GTI.US,D,20240828,000000,157.8,165.6,153,162,691.6333347166,0
GTI.US,D,20240829,000000,164.4,181.794,162,164.7,2941.9500058839,0
GTI.US,D,20240830,000000,165,167.4,151.8,156,1670.9666700086,0
GTI.US,D,20240903,000000,154.2,160.5,135,135,1970.7166706080998,0
GTI.US,D,20240904,000000,135.6,160.11,135.6,142.8,2512.3333383579998,0
GTI.US,D,20240905,000000,142.2,157.2,142.2,151.8,1366.9333360672,0
GTI.US,D,20240906,000000,150,152.4,145.2,146.4,388.7666674442,0
GTI.US,D,20240909,000000,145.2,151.512,139.2,143.4,467.7000009354,0
GTI.US,D,20240910,000000,142.8,148.2,139.8,140.4,1235.2166691370999,0
GTI.US,D,20240911,000000,139.8,140.4,115.8,119.4,3976.7833412869,0
GTI.US,D,20240912,000000,118.2,138,118.2,131.4,2660.9166719884997,0
GTI.US,D,20240913,000000,131.4,144,129.612,144,657.8666679823999,0
GTI.US,D,20240916,000000,142.2,154.8,131.4,136.8,6338.8833460111,0
GTI.US,D,20240917,000000,136.2,140.4,132.6,134.4,1049.8666687664,0
GTI.US,D,20240918,000000,145.056,160.8,134.4,153.3,3971.3833412760996,0
GTI.US,D,20240919,000000,168,249.012,155.82,188.4,20805.6000416112,0
GTI.US,D,20240920,000000,193.8,222,190.2,198.6,7147.9500142959,0
GTI.US,D,20240923,000000,196.2,205.794,184.8,185.4,2126.4166709194997,0
GTI.US,D,20240924,000000,186.6,207,180.6,190.2,2079.9000041597997,0
GTI.US,D,20240925,000000,190.2,201.48,180,180.6,1670.6500033413,0
GTI.US,D,20240926,000000,183.6,187.734,171,177,1004.8333353429999,0
GTI.US,D,20240927,000000,177.6,180,172.2,172.8,271.71666721009996,0
GTI.US,D,20240930,000000,173.4,186,173.4,179.4,746.8833348270999,0
GTI.US,D,20241001,000000,187.8,187.8,178.2,186.6,893.4500017869,0
GTI.US,D,20241002,000000,181.608,184.2,164.088,165.6,802.9166682724999,0
GTI.US,D,20241003,000000,163.2,189.324,160.95,163.8,706.8500014136999,0
GTI.US,D,20241004,000000,165,174.9,157.2,162.6,755.7833348449,0
GTI.US,D,20241007,000000,168,178.2,162,164.4,460.78333425489996,0
GTI.US,D,20241008,000000,170.4,173.1,157.8,161.4,467.45000093489995,0
GTI.US,D,20241009,000000,161.4,163.476,159,160.2,241.36666714939997,0
GTI.US,D,20241010,000000,162.6,165,156,161.58,716.8000014336,0
GTI.US,D,20241011,000000,159,162.6,156,159.6,424.0333341814,0
GTI.US,D,20241014,000000,159.6,164.4,157.8,157.8,139.20000027839998,0
GTI.US,D,20241015,000000,157.8,158.4,114,124.8,6602.750013205499,0
GTI.US,D,20241016,000000,124.8,138,124.8,133.8,1738.4333368102,0
GTI.US,D,20241017,000000,132.6,139.2,132,139.2,841.0166683486999,0
GTI.US,D,20241018,000000,148.2,148.2,135,138,739.9666681466,0
GTI.US,D,20241021,000000,134.4,144,133.043,133.2,462.26666759119996,0
GTI.US,D,20241022,000000,145.8,145.8,132.03,135.6,770.4666682075999,0
GTI.US,D,20241023,000000,133.8,138.552,130.8,135,149.85000029969999,0
GTI.US,D,20241024,000000,133.8,136.2,123,123,563.1500011262999,0
GTI.US,D,20241025,000000,131.4,131.82,126,130.2,217.8500004357,0
GTI.US,D,20241028,000000,132.6,154.8,130.2,139.2,1950.2500039005,0
GTI.US,D,20241029,000000,137.4,143.994,136.2,138,299.166667265,0
GTI.US,D,20241030,000000,139.2,144,127.2,127.2,809.6000016191999,0
GTI.US,D,20241031,000000,130.2,132.594,124.8,128.4,253.31666717329998,0
GTI.US,D,20241101,000000,129.6,138,127.806,130.2,255.500000511,0
GTI.US,D,20241104,000000,135.6,135.6,130.2,131.4,154.48333364229998,0
GTI.US,D,20241105,000000,130.2,141,130.2,138,142.48333361829998,0
GTI.US,D,20241106,000000,141,143.4,138,138.6,281.0833338955,0
GTI.US,D,20241107,000000,142.8,180,142.8,153.3,2513.1500050263,0
GTI.US,D,20241108,000000,160.8,163.2,150.6,162.3,505.76666767819995,0
GTI.US,D,20241111,000000,165,175.92,165,168,491.9833343173,0
GTI.US,D,20241112,000000,169.2,169.2,156.822,160.5,353.7166673741,0
GTI.US,D,20241113,000000,159.6,178.8,159.6,178.8,838.8333350109999,0
GTI.US,D,20241114,000000,184.8,227.4,180.6,210.6,4171.4000083428,0
GTI.US,D,20241115,000000,215.4,222,184.8,185.4,1884.4166704354998,0
GTI.US,D,20241118,000000,189.6,196.8,180,184.8,501.35000100269997,0
GTI.US,D,20241119,000000,186,192.9,184.8,189,211.13333375559998,0
GTI.US,D,20241120,000000,189.492,198,174.3,174.3,748.3166681632999,0
GTI.US,D,20241121,000000,186,191.994,174,175.2,242.1500004843,0
GTI.US,D,20241122,000000,174,184.632,174,177.6,147.1000002942,0
GTI.US,D,20241125,000000,181.8,210,162,163.2,1501.5833363365,0
GTI.US,D,20241126,000000,178.8,179.4,156,178.8,930.7833351948999,0
GTI.US,D,20241127,000000,178.2,178.2,159,161.76,852.7333350388,0
GTI.US,D,20241129,000000,162,171.6,159,161.4,1393.8500027876999,0
GTI.US,D,20241202,000000,166.2,196.8,144,150.6,6641.4833466163,0
GTI.US,D,20241203,000000,179.4,204,156,199.8,5361.1000107222,0
GTI.US,D,20241204,000000,207,210,155.4,165,9488.516685643699,0
GTI.US,D,20241205,000000,173.4,186,154.8,165.6,5875.4666784176,0
GTI.US,D,20241206,000000,165.6,172.8,156.6,166.2,2792.4333389181998,0
GTI.US,D,20241209,000000,165,169.8,121.2,123.6,30147.366726961398,0
GTI.US,D,20241210,000000,129,143.4,90,100.2,22984.583379302498,0
GTI.US,D,20241211,000000,102,105.024,70.8,81,25249.500050499,0
GTI.US,D,20241212,000000,81.6,84.6,49.2,61.8,37513.833408360995,0
GTI.US,D,20241213,000000,62.4,90,52.8,56.73,79661.18349265569,0
GTI.US,D,20241216,000000,56.4,57.924,39.066,46.086,44351.7000887034,0
GTI.US,D,20241217,000000,46.2,55.656,33.966,35.466,47177.683427688695,0
GTI.US,D,20241218,000000,36,41.622,22.98,24.48,72505.6334783446,0
GTI.US,D,20241219,000000,25.254,26.64,15.006,18.15,63754.5834608425,0
GTI.US,D,20241220,000000,18.6,18.6,11.1,13.77,211140.2837556139,0
GTI.US,D,20241223,000000,13.434,14.382,12.6,13.62,56931.950113863895,0
GTI.US,D,20241224,000000,13.11,50.4,12.636,36.6,4424664.825515996,0
GTI.US,D,20241226,000000,33.15,35.82,19.908,20.31,374046.78408142686,0
GTI.US,D,20241227,000000,23.082,75,21.594,60.6,6649182.213298364,0
GTI.US,D,20241230,000000,78,107.4,66.6,79.2,1363375.1527267501,0
GTI.US,D,20241231,000000,64.752,67.2,48,54,265468.5338642704,0
GTI.US,D,20250102,000000,60.6,83.4,58.8,60,254778.60050955717,0
GTI.US,D,20250103,000000,60,63,52.8,53.4,121658.9835766513,0
GTI.US,D,20250106,000000,52.2,53.1474,39.066,40.788,154996.4669766596,0
GTI.US,D,20250107,000000,41.1,44.1,29.7,30,116790.9169002485,0
GTI.US,D,20250108,000000,28.818,37.8,26.544,27.12,164454.6836622427,0
GTI.US,D,20250110,000000,28.974,36.126,25.2,26.256,171415.5336761644,0
GTI.US,D,20250113,000000,27.6,30.864,23.424,25.638,145617.1169579009,0
GTI.US,D,20250114,000000,26.7,36.372,25.08,27.168,282597.000565194,0
GTI.US,D,20250115,000000,28.98,30.594,25.908,28.8,58667.350117334696,0
GTI.US,D,20250116,000000,28.572,28.575,25.2,26.34,75161.0834836555,0
GTI.US,D,20250117,000000,28.122,28.122,25.308,26.274,22709.350045418698,0
GTI.US,D,20250121,000000,26.4,26.754,18.66,20.4,121814.4002436288,0
GTI.US,D,20250122,000000,20.4,20.862,14.304,17.91,158276.0669832188,0
GTI.US,D,20250123,000000,17.91,25.26,16.92,19.8,302723.6339387806,0
GTI.US,D,20250124,000000,19.2,22.062,19.2,20.994,65697.76679806219,0
GTI.US,D,20250127,000000,19.86,20.4,18.6,19.5,31476.1000629522,0
GTI.US,D,20250128,000000,19.356,19.62,18.39,19.2,16033.4833654003,0
GTI.US,D,20250129,000000,18.6,19.1999,17.232,18.36,25173.983383681298,0
GTI.US,D,20250130,000000,18.252,19.794,17.73,18.882,16358.4666993836,0
GTI.US,D,20250131,000000,19.086,19.8,17.7606,19.008,13872.450027744899,0
GTI.US,D,20250203,000000,18.6,18.75,17.1,18.6,22949.3833792321,0
GTI.US,D,20250204,000000,18.042,21.6,17.94,19.488,50767.600101535194,0
GTI.US,D,20250205,000000,18.072,19.608,18.072,19.608,19121.166704909,0
GTI.US,D,20250206,000000,19.23,19.8,18.6,18.69,21461.233376255797,0
GTI.US,D,20250207,000000,18.78,18.87,17.106,17.7,25137.066716940797,0
GTI.US,D,20250210,000000,17.61,17.874,17.226,17.562,19151.7833716369,0
GTI.US,D,20250211,000000,17.364,18.582,16.602,18.54,21177.1167090209,0
GTI.US,D,20250212,000000,18.6,18.816,16.842,18.48,19307.733371948798,0
GTI.US,D,20250213,000000,17.19,20.334,17.19,19.02,23678.4333806902,0
GTI.US,D,20250214,000000,18.15,19.194,18.006,18.6,13290.9000265818,0
GTI.US,D,20250218,000000,18.954,19.194,17.67,18.6,11108.783355550899,0
GTI.US,D,20250219,000000,18,18.528,17.46,17.94,11031.1333553956,0
GTI.US,D,20250220,000000,17.7,17.97,16.266,16.74,22887.683379108697,0
GTI.US,D,20250221,000000,16.26,19.482,16.236,17.436,46348.916759364496,0
GTI.US,D,20250224,000000,17.436,17.502,16.488,17.094,40773.233414879796,0
GTI.US,D,20250225,000000,17.274,17.274,15,15.006,67125.56680091779,0
GTI.US,D,20250226,000000,15,15.906,15,15.18,25983.033385299397,0
GTI.US,D,20250227,000000,15.63,15.66,13.2,13.59,27082.3667208314,0
GTI.US,D,20250228,000000,13.5,13.56,11.46,11.52,31560.4833964543,0
GTI.US,D,20250303,000000,11.628,12.426,10.8,10.806,33545.2834004239,0
GTI.US,D,20250304,000000,11.022,11.022,7.866,8.28,70517.71680770209,0
GTI.US,D,20250305,000000,9.258,11.4,9.204,9.9,865155.8017303116,0
GTI.US,D,20250306,000000,9.81,9.81,8.334,8.43,127000.1002540002,0
GTI.US,D,20250307,000000,7.968,8.1,6.48,7.2,184183.43370170018,0
GTI.US,D,20250310,000000,6.978,7.308,6.57,6.66,51069.000102137994,0
GTI.US,D,20250311,000000,6.492,7.194,6.3,7.188,55155.266776977194,0
GTI.US,D,20250312,000000,6.984,8.226,6.84,7.02,76203.8501524077,0
GTI.US,D,20250313,000000,6.642,7.182,6.3,6.69,84945.8501698917,0
GTI.US,D,20250314,000000,6.69,6.894,6.246,6.42,35734.933404803196,0
GTI.US,D,20250317,000000,6.3,6.6,5.616,6.27,67304.166801275,0
GTI.US,D,20250318,000000,5.958,5.976,5.4,5.928,40750.433414834195,0
GTI.US,D,20250319,000000,5.94,7.386,5.46,5.94,65239.116797144896,0
GTI.US,D,20250320,000000,5.52,5.94,5.52,5.934,12453.0666915728,0
GTI.US,D,20250321,000000,5.76,5.784,4.92,5.244,34625.5500692511,0
GTI.US,D,20250324,000000,5.7,6.534,5.268,6.06,75211.1001504222,0
GTI.US,D,20250325,000000,6,6.009,5.4,5.64,20121.9000402438,0
GTI.US,D,20250326,000000,5.55,7.164,5.55,6.444,105544.98354442329,0
GTI.US,D,20250327,000000,7.5,8.04,5.64,6.234,1691445.1533828902,0
GTI.US,D,20250328,000000,5.4,5.928,4.992,5.646,125149.06691696479,0
GTI.US,D,20250331,000000,5.358,6.294,4.914,6.018,87592.8835085191,0
GTI.US,D,20250401,000000,5.742,6.018,5.64,5.766,32085.2167308371,0
GTI.US,D,20250402,000000,5.592,5.592,4.95,5.25,51158.4334356502,0
GTI.US,D,20250403,000000,5.58,5.58,5.082,5.22,21649.666709965997,0
GTI.US,D,20250404,000000,5.37,5.466,4.584,4.98,54129.500108258995,0
GTI.US,D,20250407,000000,4.98,4.98,3.924,4.788,38007.566742681796,0
GTI.US,D,20250408,000000,4.788,8.76,4.788,5.616,1171278.3856758901,0
GTI.US,D,20250409,000000,5.304,8.4,4.99806,6.864,545906.7344251467,0
GTI.US,D,20250410,000000,7.08,7.68,6.54,6.864,52788.816772244296,0
GTI.US,D,20250411,000000,6.51,6.966,5.706,6.96,37163.6500743273,0
GTI.US,D,20250414,000000,7.164,7.164,6.306,6.606,17168.1833676697,0
GTI.US,D,20250415,000000,6.66,6.84,6.336,6.612,17223.7167011141,0
GTI.US,D,20250416,000000,6.6,6.6,6.414,6.468,9076.4666848196,0
GTI.US,D,20250417,000000,6.666,7.5,6.42,7.5,30720.2000614404,0
GTI.US,D,20250421,000000,6.24,6.594,6,6.378,50118.3501002367,0
GTI.US,D,20250422,000000,6.132,6.396,6.018,6.114,32404.2667314752,0
GTI.US,D,20250423,000000,6.108,7.068,6.108,6.708,21863.4167103935,0
GTI.US,D,20250424,000000,7.194,7.2,6.696,7.2,23155.3167129773,0
GTI.US,D,20250425,000000,7.128,7.2,6.48,6.714,25376.366717419398,0
GTI.US,D,20250428,000000,6.69,6.72,6.408,6.684,24592.1833825177,0
GTI.US,D,20250429,000000,7.122,7.122,6.09,6.264,29471.066725608798,0
GTI.US,D,20250430,000000,6.516,6.516,6,6.42,12666.3166919993,0
GTI.US,D,20250501,000000,6.306,7.128,6.18,6.408,49419.2500988385,0
GTI.US,D,20250502,000000,6.6,7.02,6.3,6.66,19982.6333732986,0
GTI.US,D,20250505,000000,6.96,6.96,6.606,6.894,13738.9333608112,0
GTI.US,D,20250506,000000,6.9,6.9,6.36,6.522,15075.4500301509,0
GTI.US,D,20250507,000000,6.864,6.864,6.138,6.294,20192.8500403857,0
GTI.US,D,20250508,000000,6.3,6.552,6.06,6.528,17723.2167021131,0
GTI.US,D,20250509,000000,6.408,6.564,6.21,6.468,14555.3000291106,0
GTI.US,D,20250512,000000,6.522,6.738,6.342,6.48,24580.833382495,0
GTI.US,D,20250513,000000,6.6,6.6,5.71806,6.072,19443.33337222,0
GTI.US,D,20250514,000000,6.6,8.4,5.646,5.82,1319810.552639621,0
GTI.US,D,20250515,000000,13.008,14.8854,8.7,8.82,4751803.426170274,0
GTI.US,D,20250516,000000,8.922,8.922,7.152,7.86,334528.41733572347,0
GTI.US,D,20250519,000000,7.116,9.294,6.9,9.156,684547.3013690945,0
GTI.US,D,20250520,000000,9,10.728,7.8,10.008,608322.2845499779,0
GTI.US,D,20250521,000000,9.12,10.686,9,9.666,125444.28358422189,0
GTI.US,D,20250522,000000,9.594,11.676,9.3606,10.872,209973.05041994608,0
GTI.US,D,20250523,000000,11.07,12.375,10.8,11.82,161750.8669901684,0
GTI.US,D,20250527,000000,11.13,11.58,9.282,9.606,112745.2502254905,0
GTI.US,D,20250528,000000,9.648,10.122,7.23,7.968,216875.50043375097,0
GTI.US,D,20250529,000000,9.276,9.432,6.9,7.308,2162749.3043254986,0
GTI.US,D,20250530,000000,6.6,7.338,6.42,6.6,366010.6340653546,0
GTI.US,D,20250602,000000,6.804,6.858,6,6.18,258779.333850892,0
GTI.US,D,20250603,000000,6.06,6.12,5.388,5.526,226978.20045395638,0
GTI.US,D,20250604,000000,5.64,6.474,5.622,5.76,205090.9837435153,0
GTI.US,D,20250605,000000,5.52,5.7,4.02,4.62,347384.58402810246,0
GTI.US,D,20250606,000000,4.5,5.136,4.5,4.878,135811.05027162208,0
GTI.US,D,20250609,000000,4.83,5.4,4.83,5.298,101622.78353657889,0
GTI.US,D,20250610,000000,5.58,5.79,4.92,5.214,694884.834723103,0
GTI.US,D,20250611,000000,3.834,4.32,3.408,3.858,1458721.5195841095,0
GTI.US,D,20250612,000000,4.68,6.138,4.5,5.178,2568298.971803264,0
GTI.US,D,20250613,000000,4.74,4.752,4.38,4.524,229676.4004593528,0
GTI.US,D,20250616,000000,4.11,4.83,4.11,4.596,871503.4184096735,0
GTI.US,D,20250617,000000,5.028,5.388,4.626,5.22,1723982.5701146317,0
GTI.US,D,20250618,000000,4.74,5.052,4.65006,4.98,249050.6171647679,0
GTI.US,D,20250620,000000,4.764,4.764,4.386,4.566,149638.0669659428,0
GTI.US,D,20250623,000000,4.38,4.68,4.296,4.476,85782.5668382318,0
GTI.US,D,20250624,000000,4.476,4.85394,4.38,4.764,99306.00019861199,0
GTI.US,D,20250625,000000,4.698,4.932,4.488,4.932,142826.2669523192,0
GTI.US,D,20250626,000000,4.92,5.376,4.854,5.358,127175.0669210168,0
GTI.US,D,20250627,000000,5.388,6.09,5.376,5.922,168951.3670045694,0
GTI.US,D,20250630,000000,6.156,7.398,5.82,6.276,494971.8176566103,0
GTI.US,D,20250701,000000,6.33,6.594,5.508,6.24,139593.7169458541,0
GTI.US,D,20250702,000000,5.4,5.994,5.01,5.094,128587.8002571756,0
GTI.US,D,20250703,000000,5.1,5.652,5.04,5.52,93838.10018767619,0
GTI.US,D,20250707,000000,5.52,5.52,4.92,5.088,54437.300108874595,0
GTI.US,D,20250708,000000,5.148,5.358,5.01,5.28,49866.4000997328,0
GTI.US,D,20250709,000000,5.124,5.37,4.95,5.208,69483.1334722996,0
GTI.US,D,20250710,000000,5.208,5.868,5.16,5.34,81671.166830009,0
GTI.US,D,20250711,000000,4.98,5.37,4.98,5.28,33024.7167327161,0
GTI.US,D,20250714,000000,4.74,5.16,3.978,4.218,242854.6838190427,0
GTI.US,D,20250715,000000,4.32,4.44,4.11,4.38,1398312.2861299578,0
GTI.US,D,20250716,000000,8.226,8.28,5.808,6.24,7539608.765079217,0
GTI.US,D,20250717,000000,5.58,5.808,4.944,5.64,641578.667949824,0
GTI.US,D,20250718,000000,5.28,5.568,5.076,5.154,218736.7671041402,0
GTI.US,D,20250721,000000,5.25,5.934,4.866,5.754,335609.7673378862,0
GTI.US,D,20250722,000000,6,6,4.8,5.682,244477.38382228807,0
GTI.US,D,20250723,000000,5.826,6.15,5.52,5.7,188522.21704371108,0
GTI.US,D,20250724,000000,5.7,5.856,5.442,5.58,129332.33359199799,0
GTI.US,D,20250725,000000,5.934,6.3,5.574,5.94,172246.8003444936,0
GTI.US,D,20250728,000000,9.393,9.8874,6.852,8.58,5561488.461122977,0
GTI.US,D,20250729,000000,7.692,8.01,6.3,6.942,535460.8344042549,0
GTI.US,D,20250730,000000,6.9,7.5,6.27,6.702,297494.9339283232,0
GTI.US,D,20250731,000000,6.834,9,6.504,8.55,715375.6347640846,0
GTI.US,D,20250801,000000,8.118,8.766,7.308,7.77,240261.38381385608,0
GTI.US,D,20250804,000000,8.106,8.4,8.1,8.202,188795.3170442573,0
GTI.US,D,20250805,000000,8.28,8.292,7.392,7.704,184495.9837023253,0
GTI.US,D,20250806,000000,7.428,7.56,6.906,7.434,152341.58363801648,0
GTI.US,D,20250807,000000,7.416,7.416,7.08,7.344,114663.166895993,0
GTI.US,D,20250808,000000,6.36,6.588,5.7,5.964,201442.05040288408,0
GTI.US,D,20250811,000000,6.156,6.324,6.012,6.126,79377.41682542149,0
GTI.US,D,20250812,000000,6.144,6.198,5.4,5.586,131085.5835955045,0
GTI.US,D,20250813,000000,5.4,5.958,5.30094,5.52,84283.58350190049,0
GTI.US,D,20250814,000000,5.538,5.66994,5.304,5.55,89500.2335123338,0
GTI.US,D,20250815,000000,5.4,5.568,5.34,5.532,61023.1334553796,0
GTI.US,D,20250818,000000,5.472,5.49,5.28,5.49,732145.668130958,0
GTI.US,D,20250819,000000,6,6.006,5.412,5.514,1973078.43727949,0
GTI.US,D,20250820,000000,5.688,5.7,5.19906,5.376,138497.7836103289,0
GTI.US,D,20250821,000000,5.298,5.592,5.28,5.592,64778.7834628909,0
GTI.US,D,20250822,000000,5.1,5.586,4.98,5.322,198032.13372939758,0
GTI.US,D,20250825,000000,4.87,5.32,4.5421,4.79,226937,0
GTI.US,D,20250826,000000,3.69,4.4,3.475,4.38,384665,0
GTI.US,D,20250827,000000,4.34,4.49,3.95,3.955,164725,0
GTI.US,D,20250828,000000,3.95,4.24,3.8,3.87,165813,0
GTI.US,D,20250829,000000,3.81,3.81,3.52,3.52,141730,0
GTI.US,D,20250902,000000,3.52,3.7165,3.4,3.48,132977,0
GTI.US,D,20250903,000000,3.56,3.61,3.4,3.45,72300,0
GTI.US,D,20250904,000000,3.4,3.4292,3.29,3.36,58975,0
GTI.US,D,20250905,000000,3.35,3.44,3.3,3.4,55656,0
GTI.US,D,20250908,000000,3.39,3.4,3.33,3.39,56481,0
GTI.US,D,20250909,000000,3.3,3.325,3.1,3.17,106123,0
GTI.US,D,20250910,000000,3.22,3.2303,3.0911,3.12,48913,0
GTI.US,D,20250911,000000,3.15,3.38,3.12,3.31,76860,0
GTI.US,D,20250912,000000,3.51,3.6287,3.25,3.59,524593,0
GTI.US,D,20250915,000000,3.69,3.75,3.57,3.6,72941,0
GTI.US,D,20250916,000000,3.6,3.73,3.381,3.68,61739,0
GTI.US,D,20250917,000000,3.66,3.85,3.505,3.75,81046,0
GTI.US,D,20250918,000000,3.78,3.88,3.55,3.86,79015,0
GTI.US,D,20250919,000000,3.86,3.92,3.7,3.88,74997,0
GTI.US,D,20250922,000000,3.86,4.25,3.7514,4.17,83957,0
GTI.US,D,20250923,000000,4.24,4.24,3.93,3.94,64653,0
GTI.US,D,20250924,000000,3.97,4.2,3.87,3.99,37711,0
GTI.US,D,20250925,000000,3.96,4.1085,3.9,3.99,39616,0
GTI.US,D,20250926,000000,3.85,4,3.66,3.72,747515,0
GTI.US,D,20250929,000000,3.64,3.67,3.5016,3.61,93936,0
GTI.US,D,20250930,000000,3.6,3.6487,3.4,3.46,38225,0
GTI.US,D,20251001,000000,3.36,3.7987,3.3001,3.71,60122,0
GTI.US,D,20251002,000000,3.69,4.04,3.58,4.03,64999,0
GTI.US,D,20251003,000000,4.03,4.2,3.8644,3.93,65109,0
GTI.US,D,20251006,000000,3.97,3.98,3.81,3.9,71667,0
GTI.US,D,20251007,000000,3.86,4.07,3.6001,4,60286,0
GTI.US,D,20251008,000000,4,4.11,3.8501,3.97,39013,0
GTI.US,D,20251009,000000,4.02,4.06,3.91,4.05,59947,0
GTI.US,D,20251010,000000,4.05,4.1,3.75,3.87,79651,0
GTI.US,D,20251013,000000,3.97,6.45,3.97,6.03,2187079,0
GTI.US,D,20251014,000000,5.96,5.96,5,5.46,430877,0
GTI.US,D,20251015,000000,5.43,5.645,4.7117,5.02,172954,0
GTI.US,D,20251016,000000,5.23,5.23,4.5,4.67,96268,0
GTI.US,D,20251017,000000,4.71,5.2999,4.6952,5.21,155510,0
GTI.US,D,20251020,000000,5.26,5.45,5,5.11,89913,0
GTI.US,D,20251021,000000,5.18,5.19,4.8,4.91,79832,0
GTI.US,D,20251022,000000,4.81,4.8507,4.43,4.55,86041,0
GTI.US,D,20251023,000000,4.61,5.0065,4.5517,4.9,42414,0
GTI.US,D,20251024,000000,4.95,4.95,4.81,4.86,23369,0
GTI.US,D,20251027,000000,4.96,4.96,4.61,4.65,44278,0
GTI.US,D,20251028,000000,4.65,4.67,4.49,4.59,34150,0
GTI.US,D,20251029,000000,4.58,4.73,4.5,4.6,34276,0
GTI.US,D,20251030,000000,4.52,4.615,4.41,4.45,29757,0
GTI.US,D,20251031,000000,4.36,4.3981,4.2342,4.35,28518,0
GTI.US,D,20251103,000000,4.41,4.6,4.023,4.11,25675,0
GTI.US,D,20251104,000000,4.01,4.09,3.85,3.96,39252,0
GTI.US,D,20251105,000000,3.98,4.239,3.96,4.2,35117,0
