<TICKER>,<PER>,<DATE>,<TIME>,<OPEN>,<HIGH>,<LOW>,<CLOSE>,<VOL>,<OPENINT>
AVGB.US,D,20250417,000000,50.19,50.21,50.15,50.16,2194,0
AVGB.US,D,20250421,000000,50.055,50.0644,50.055,50.0644,250,0
AVGB.US,D,20250422,000000,50.12,50.12,50.0751,50.0751,203,0
AVGB.US,D,20250423,000000,50.11,50.11,50.095,50.095,490,0
AVGB.US,D,20250424,000000,50.27,50.28,50.265,50.265,241,0
AVGB.US,D,20250430,000000,50.42,50.4709,50.42,50.4709,351,0
AVGB.US,D,20250512,000000,50.2989,50.2989,50.265,50.265,334,0
AVGB.US,D,20250513,000000,50.35,50.35,50.3,50.3,1111,0
AVGB.US,D,20250514,000000,50.2598,50.2598,50.235,50.235,201,0
AVGB.US,D,20250515,000000,50.4,50.4,50.385,50.385,1040,0
AVGB.US,D,20250521,000000,50.3695,50.38,50.285,50.285,1019,0
AVGB.US,D,20250522,000000,50.33,50.48,50.3174,50.385,12267,0
AVGB.US,D,20250523,000000,50.45,50.45,50.4,50.405,686,0
AVGB.US,D,20250527,000000,50.53,50.539,50.52,50.52,1424,0
AVGB.US,D,20250528,000000,50.5,50.65,50.5,50.6152,5001,0
AVGB.US,D,20250603,000000,50.65,50.66,50.64,50.64,1000,0
AVGB.US,D,20250604,000000,50.7725,50.79,50.765,50.765,1716,0
AVGB.US,D,20250609,000000,50.64,50.64,50.635,50.635,2716,0
AVGB.US,D,20250611,000000,50.74,50.83,50.74,50.805,1776,0
AVGB.US,D,20250612,000000,50.86,50.89,50.86,50.8627,2003,0
AVGB.US,D,20250617,000000,50.8,50.85,50.8,50.815,1896,0
AVGB.US,D,20250618,000000,50.86,50.86,50.8,50.8,672,0
AVGB.US,D,20250624,000000,50.565,50.64,50.565,50.635,844,0
AVGB.US,D,20250626,000000,50.67,50.71,50.67,50.71,1037,0
AVGB.US,D,20250627,000000,50.7899,50.7899,50.71,50.71,4323,0
AVGB.US,D,20250630,000000,50.7567,50.79,50.7567,50.79,2051,0
AVGB.US,D,20250701,000000,50.82,50.91,50.7981,50.8,3821,0
AVGB.US,D,20250702,000000,50.78,50.88,50.778,50.85,2839,0
AVGB.US,D,20250703,000000,50.8,50.9,50.8,50.8704,6284,0
AVGB.US,D,20250707,000000,50.8,50.8,50.705,50.705,2245,0
AVGB.US,D,20250708,000000,50.67,51.0199,50.62,50.65,9107,0
AVGB.US,D,20250709,000000,50.71,50.77,50.71,50.755,2310,0
AVGB.US,D,20250710,000000,50.72,50.75,50.7054,50.74,2564,0
AVGB.US,D,20250714,000000,50.7,50.82,50.6654,50.7,4329,0
AVGB.US,D,20250715,000000,50.61,50.6368,50.61,50.63,676,0
AVGB.US,D,20250716,000000,50.7,50.74,50.7,50.71,25411,0
AVGB.US,D,20250717,000000,50.71,50.78,50.71,50.7506,3601,0
AVGB.US,D,20250718,000000,50.81,50.92,50.81,50.825,3899,0
AVGB.US,D,20250721,000000,50.88,51.09,50.8686,50.8686,1090,0
AVGB.US,D,20250722,000000,50.93,50.93,50.89,50.905,1639,0
AVGB.US,D,20250723,000000,50.92,50.92,50.85,50.85,107,0
AVGB.US,D,20250725,000000,50.832,50.86,50.832,50.86,729,0
AVGB.US,D,20250730,000000,50.8786,50.9068,50.875,50.875,560,0
AVGB.US,D,20250801,000000,51.0902,51.11,51.09,51.09,3325,0
AVGB.US,D,20250806,000000,51.13,51.2,51.13,51.195,1369,0
AVGB.US,D,20250807,000000,51.18,51.34,51.14,51.145,6018,0
AVGB.US,D,20250811,000000,51.093,51.093,51.09,51.09,492,0
AVGB.US,D,20250812,000000,51.0656,51.095,51.0656,51.095,577,0
AVGB.US,D,20250814,000000,51.185,51.185,51.185,51.185,306,0
AVGB.US,D,20250815,000000,51.19,51.19,51.135,51.145,5743,0
AVGB.US,D,20250818,000000,51.16,51.16,51.13,51.13,875,0
AVGB.US,D,20250820,000000,51.2,51.2,51.185,51.185,1500,0
AVGB.US,D,20250825,000000,51.18,51.25,51.18,51.22,223,0
AVGB.US,D,20250904,000000,51.53,51.56,51.505,51.505,1615,0
AVGB.US,D,20250905,000000,51.63,51.65,51.61,51.615,3764,0
AVGB.US,D,20250908,000000,51.66,51.66,51.62,51.62,270,0
AVGB.US,D,20250909,000000,51.62,51.7,51.59,51.59,1103,0
AVGB.US,D,20250910,000000,51.6697,51.71,51.665,51.665,4157,0
AVGB.US,D,20250911,000000,51.7025,51.95,51.7025,51.815,61160,0
AVGB.US,D,20250912,000000,51.6415,51.735,51.637,51.6967,8102,0
AVGB.US,D,20250915,000000,51.75,51.795,51.74,51.74,3424,0
AVGB.US,D,20250916,000000,51.75,51.81,51.74,51.78,5286,0
AVGB.US,D,20250917,000000,51.7155,51.78,51.65,51.65,4546,0
AVGB.US,D,20250922,000000,51.68,51.9,51.6541,51.6541,1396,0
AVGB.US,D,20250923,000000,51.33,51.33,51.315,51.315,236,0
AVGB.US,D,20250924,000000,51.29,51.29,51.27,51.27,1184,0
AVGB.US,D,20250926,000000,51.2393,51.26,51.23,51.23,793,0
AVGB.US,D,20250929,000000,51.3,51.58,51.26,51.29,2568,0
AVGB.US,D,20250930,000000,51.35,51.49,51.3129,51.33,7002,0
AVGB.US,D,20251001,000000,51.41,51.41,51.37,51.37,1075,0
AVGB.US,D,20251002,000000,51.46,51.7,51.45,51.5177,7890,0
AVGB.US,D,20251003,000000,51.39,51.59,51.39,51.425,1547,0
AVGB.US,D,20251006,000000,51.35,51.39,51.34,51.36,1604,0
AVGB.US,D,20251007,000000,51.41,51.56,51.38,51.41,1184,0
AVGB.US,D,20251008,000000,51.48,51.63,51.41,51.41,5469,0
AVGB.US,D,20251010,000000,51.44,51.5,51.44,51.465,2200,0
AVGB.US,D,20251014,000000,51.533,51.533,51.53,51.53,275,0
AVGB.US,D,20251016,000000,51.5968,51.73,51.5968,51.695,2095,0
AVGB.US,D,20251017,000000,51.66,51.68,51.64,51.65,1218,0
AVGB.US,D,20251020,000000,51.629,51.66,51.629,51.66,934,0
AVGB.US,D,20251021,000000,51.69,51.6956,51.69,51.6956,171,0
AVGB.US,D,20251023,000000,51.705,51.705,51.67,51.67,1726,0
AVGB.US,D,20251027,000000,51.71,51.9,51.7006,51.73,1415,0
AVGB.US,D,20251028,000000,51.739,51.745,51.739,51.745,571,0
AVGB.US,D,20251031,000000,51.5606,51.5606,51.554,51.554,148,0
AVGB.US,D,20251104,000000,51.51,51.51,51.5006,51.5006,2249,0
AVGB.US,D,20251105,000000,51.49,51.49,51.49,51.49,400,0
