<TICKER>,<PER>,<DATE>,<TIME>,<OPEN>,<HIGH>,<LOW>,<CLOSE>,<VOL>,<OPENINT>
CHGX.US,D,20241127,000000,25.64,25.64,25.6144,25.6144,3522.99,0
CHGX.US,D,20241206,000000,25.7829,25.81,25.7829,25.7852,6392.99,0
CHGX.US,D,20241211,000000,25.62,25.63,25.5837,25.5837,1103.99,0
CHGX.US,D,20241213,000000,25.43,26.4699,25.4146,25.4146,8710.99,0
CHGX.US,D,20241216,000000,25.55,25.55,25.4686,25.4686,6245.99,0
CHGX.US,D,20241218,000000,25.29,25.29,24.5341,24.5341,2719.99,0
CHGX.US,D,20241220,000000,24.81,24.81,24.7342,24.7342,509.999,0
CHGX.US,D,20241223,000000,24.81,24.8208,24.81,24.8208,10915,0
CHGX.US,D,20241224,000000,25.01,25.0333,25.01,25.0333,2166,0
CHGX.US,D,20241226,000000,25.07,25.09,25.0562,25.0562,581,0
CHGX.US,D,20241227,000000,24.97,24.97,24.813,24.813,4790,0
CHGX.US,D,20241230,000000,24.45,24.4957,24.38,24.4957,714,0
CHGX.US,D,20241231,000000,24.55,24.55,24.4166,24.4166,111,0
CHGX.US,D,20250102,000000,24.42,24.42,24.33,24.3826,860,0
CHGX.US,D,20250106,000000,24.7,24.7,24.6906,24.6906,100,0
CHGX.US,D,20250107,000000,24.62,24.62,24.5468,24.5468,2230,0
CHGX.US,D,20250108,000000,24.59,24.631,24.59,24.631,1902,0
CHGX.US,D,20250113,000000,24.1,24.2404,24.1,24.2404,13642,0
CHGX.US,D,20250114,000000,24.39,24.39,24.3683,24.3683,21068,0
CHGX.US,D,20250116,000000,24.86,24.86,24.8256,24.8256,100,0
CHGX.US,D,20250117,000000,24.95,25.03,24.46,24.9991,27001,0
CHGX.US,D,20250122,000000,25.5,25.52,25.45,25.475,5703,0
CHGX.US,D,20250130,000000,25.44,25.47,25.44,25.4579,20046,0
CHGX.US,D,20250131,000000,25.58,25.58,25.345,25.345,101,0
CHGX.US,D,20250203,000000,25.19,25.225,25.19,25.225,100,0
CHGX.US,D,20250204,000000,25.15,25.1922,25.15,25.1922,529,0
CHGX.US,D,20250210,000000,25.31,25.4,25.31,25.3601,2610,0
CHGX.US,D,20250211,000000,25.36,25.36,25.3433,25.3433,100,0
CHGX.US,D,20250218,000000,25.4893,25.5447,25.4893,25.5447,210,0
CHGX.US,D,20250221,000000,25.21,25.21,25.0196,25.0196,398,0
CHGX.US,D,20250224,000000,25.115,25.115,25.115,25.115,795,0
CHGX.US,D,20250225,000000,25.0117,25.0117,24.9694,24.9694,274,0
CHGX.US,D,20250226,000000,25.02,25.02,24.9992,24.9992,132,0
CHGX.US,D,20250227,000000,25.07,25.07,24.6965,24.6965,1312,0
CHGX.US,D,20250228,000000,24.7998,25.006,24.7998,25.006,102,0
CHGX.US,D,20250303,000000,25.13,25.13,24.7132,24.7132,405,0
CHGX.US,D,20250304,000000,24.68,24.68,24.4724,24.4724,444,0
CHGX.US,D,20250305,000000,24.51,24.7003,24.51,24.7003,305,0
CHGX.US,D,20250306,000000,24.29,24.29,24.2645,24.2645,467,0
CHGX.US,D,20250307,000000,24.25,24.4131,24.25,24.4131,401,0
CHGX.US,D,20250310,000000,24.03,24.03,23.8653,23.8653,750,0
CHGX.US,D,20250311,000000,23.66,23.67,23.46,23.6101,675,0
CHGX.US,D,20250314,000000,23.75,23.7784,23.75,23.7784,272,0
CHGX.US,D,20250317,000000,23.96,24.0906,23.96,24.0906,291,0
CHGX.US,D,20250319,000000,24.25,24.25,24.1309,24.1309,278,0
CHGX.US,D,20250321,000000,23.9,23.9,23.8856,23.8856,640,0
CHGX.US,D,20250325,000000,24.3,24.3,24.2708,24.2708,4986,0
CHGX.US,D,20250327,000000,24.02,24.04,23.9891,23.9891,581,0
CHGX.US,D,20250331,000000,23.72,23.72,23.7106,23.7106,423,0
CHGX.US,D,20250402,000000,23.81,23.9337,23.81,23.9337,448,0
CHGX.US,D,20250403,000000,23.07,23.07,22.9171,22.9171,103,0
CHGX.US,D,20250404,000000,22.13,22.13,21.66,21.66,1285,0
CHGX.US,D,20250407,000000,25.13,25.13,20.56,21.58,188287,0
CHGX.US,D,20250408,000000,21.99,22.22,20.84,21.16,50054,0
CHGX.US,D,20250409,000000,20.9,22.93,20.89,22.9,46884,0
CHGX.US,D,20250410,000000,22.47,22.49,21.56,22.07,21199,0
CHGX.US,D,20250411,000000,22.03,22.55,22.02,22.47,38241,0
CHGX.US,D,20250414,000000,22.74,22.83,22.62,22.71,21180,0
CHGX.US,D,20250415,000000,22.79,22.8833,22.7,22.76,13452,0
CHGX.US,D,20250416,000000,22.5295,22.5601,22.13,22.36,7702,0
CHGX.US,D,20250417,000000,22.43,22.56,22.39,22.42,6719,0
CHGX.US,D,20250421,000000,22.32,22.32,21.66,21.93,4156,0
CHGX.US,D,20250422,000000,22.21,22.5,22.21,22.49,9669,0
CHGX.US,D,20250423,000000,22.88,23.2,22.71,22.74,10002,0
CHGX.US,D,20250424,000000,22.8,23.289,22.8,23.2851,19280,0
CHGX.US,D,20250425,000000,23.065,23.36,23.065,23.36,9186,0
CHGX.US,D,20250428,000000,23.37,23.4,23.175,23.4,19540,0
CHGX.US,D,20250429,000000,23.47,23.63,23.44,23.59,7626,0
CHGX.US,D,20250430,000000,23.26,23.72,23.14,23.72,20090,0
CHGX.US,D,20250501,000000,23.81,23.904,23.66,23.67,8649,0
CHGX.US,D,20250502,000000,23.9599,24.07,23.9599,24.06,11776,0
CHGX.US,D,20250505,000000,23.85,24.16,23.85,24.04,17629,0
CHGX.US,D,20250506,000000,23.78,23.96,23.78,23.84,16928,0
CHGX.US,D,20250507,000000,23.84,24.08,23.84,24.03,13122,0
CHGX.US,D,20250508,000000,24.12,24.345,24.1119,24.13,16951,0
CHGX.US,D,20250509,000000,24.27,24.27,24.065,24.12,4877,0
CHGX.US,D,20250512,000000,24.79,24.8,24.57,24.8,16765,0
CHGX.US,D,20250513,000000,24.74,24.9832,24.74,24.89,1430,0
CHGX.US,D,20250514,000000,24.8,24.82,24.77,24.77,8970,0
CHGX.US,D,20250515,000000,24.77,25.08,24.77,25.08,377003,0
CHGX.US,D,20250516,000000,25.08,25.3,25.08,25.3,5634,0
CHGX.US,D,20250519,000000,25.1,25.34,25.1,25.34,6639,0
CHGX.US,D,20250520,000000,25.29,25.3,25.1497,25.25,4064,0
CHGX.US,D,20250521,000000,25.06,25.08,24.72,24.72,7740,0
CHGX.US,D,20250522,000000,24.75,24.81,24.7,24.72,15202,0
CHGX.US,D,20250523,000000,24.27,24.55,24.27,24.44,11302,0
CHGX.US,D,20250527,000000,24.77,24.92,24.77,24.87,5282,0
CHGX.US,D,20250528,000000,24.86,24.9,24.68,24.68,27262,0
CHGX.US,D,20250529,000000,24.781,24.8213,24.6953,24.72,27199,0
CHGX.US,D,20250530,000000,24.62,24.86,24.62,24.76,15235,0
CHGX.US,D,20250602,000000,24.74,24.86,24.6525,24.86,19176,0
CHGX.US,D,20250603,000000,24.92,25.1,24.85,25.1,6865,0
CHGX.US,D,20250604,000000,25.16,25.2278,25.1,25.11,131562,0
CHGX.US,D,20250605,000000,25.1767,25.293,25.1,25.19,15081,0
CHGX.US,D,20250606,000000,25.37,25.4,25.31,25.37,23202,0
CHGX.US,D,20250609,000000,25.36,25.4235,25.28,25.32,6677,0
CHGX.US,D,20250610,000000,25.4,25.44,25.371,25.4366,8620,0
CHGX.US,D,20250611,000000,25.5,25.52,25.32,25.361,19263,0
CHGX.US,D,20250612,000000,25.26,25.5,25.26,25.5,7184,0
CHGX.US,D,20250613,000000,25.22,25.247,25.07,25.0726,33718,0
CHGX.US,D,20250616,000000,25.26,25.38,25.26,25.37,11876,0
CHGX.US,D,20250617,000000,25.21,25.3676,25.13,25.19,33647,0
CHGX.US,D,20250618,000000,25.2167,25.2897,25.1134,25.16,6904,0
CHGX.US,D,20250620,000000,25.11,25.21,25.09,25.15,10809,0
CHGX.US,D,20250623,000000,25.27,25.38,24.99,25.38,10988,0
CHGX.US,D,20250624,000000,25.53,25.71,25.53,25.68,132624,0
CHGX.US,D,20250625,000000,25.72,25.72,25.52,25.52,184640,0
CHGX.US,D,20250626,000000,25.65,25.7,25.5605,25.7,17252,0
CHGX.US,D,20250627,000000,25.84,25.95,25.72,25.84,25039,0
CHGX.US,D,20250630,000000,25.96,26.07,25.91,26.07,16842,0
CHGX.US,D,20250701,000000,26.04,26.15,26.04,26.1,33161,0
CHGX.US,D,20250702,000000,26.13,26.15,26.04,26.15,4585,0
CHGX.US,D,20250703,000000,26.3317,26.39,26.3317,26.36,3280,0
CHGX.US,D,20250707,000000,26.24,26.32,26.14,26.17,17643,0
CHGX.US,D,20250708,000000,26.25,26.2637,26.18,26.18,4287,0
CHGX.US,D,20250709,000000,26.24,26.25,26.1,26.23,6446,0
CHGX.US,D,20250710,000000,26.31,26.31,26.2,26.2,1676,0
CHGX.US,D,20250711,000000,26.08,26.08,26,26.03,7109,0
CHGX.US,D,20250714,000000,26.01,26.11,25.99,26.11,1809,0
CHGX.US,D,20250715,000000,26.05,26.05,25.82,25.82,3579,0
CHGX.US,D,20250716,000000,25.79,25.9378,25.6,25.9378,29128,0
CHGX.US,D,20250717,000000,25.92,26.07,25.92,26.0633,7602,0
CHGX.US,D,20250718,000000,26.1,26.1,26.0133,26.0671,5400,0
CHGX.US,D,20250721,000000,26.16,26.22,26.07,26.0817,12287,0
CHGX.US,D,20250722,000000,26.159,26.2776,26.15,26.2776,2160,0
CHGX.US,D,20250723,000000,26.34,26.4368,26.3,26.4368,5259,0
CHGX.US,D,20250724,000000,26.51,26.54,26.4705,26.4818,4569,0
CHGX.US,D,20250725,000000,26.5695,26.64,26.55,26.6272,2163,0
CHGX.US,D,20250728,000000,26.63,26.6622,26.6099,26.6124,2108,0
CHGX.US,D,20250729,000000,26.65,26.6714,26.515,26.5307,7045,0
CHGX.US,D,20250730,000000,26.604,26.65,26.4703,26.4703,2539,0
CHGX.US,D,20250731,000000,26.33,26.47,26.1554,26.1554,3108,0
CHGX.US,D,20250801,000000,25.9,26.02,25.83,25.8861,22475,0
CHGX.US,D,20250804,000000,26.05,26.2839,26.04,26.2839,8041,0
CHGX.US,D,20250805,000000,26.355,26.355,26.17,26.176,9654,0
CHGX.US,D,20250806,000000,26.1969,26.3464,26.19,26.345,12726,0
CHGX.US,D,20250807,000000,26.39,26.39,26.0443,26.1635,14995,0
CHGX.US,D,20250808,000000,26.32,26.3208,26.22,26.2969,5112,0
CHGX.US,D,20250811,000000,26.33,26.41,26.22,26.2241,3777,0
CHGX.US,D,20250812,000000,26.4,26.5241,26.36,26.5241,7788,0
CHGX.US,D,20250813,000000,26.63,26.785,26.59,26.7831,89734,0
CHGX.US,D,20250814,000000,26.61,26.6686,26.59,26.6686,10809,0
CHGX.US,D,20250815,000000,26.73,26.73,26.63,26.6645,13747,0
CHGX.US,D,20250818,000000,26.72,26.72,26.66,26.6959,5824,0
CHGX.US,D,20250819,000000,26.77,26.82,26.615,26.6473,37086,0
CHGX.US,D,20250820,000000,26.7,26.7,26.42,26.55,9556,0
CHGX.US,D,20250821,000000,26.46,26.51,26.37,26.43,14993,0
CHGX.US,D,20250822,000000,26.58,26.84,26.58,26.79,6143,0
CHGX.US,D,20250825,000000,26.82,26.82,26.6,26.6,9118,0
CHGX.US,D,20250826,000000,26.59,26.68,26.59,26.66,7484,0
CHGX.US,D,20250827,000000,26.72,26.79,26.72,26.75,11839,0
CHGX.US,D,20250828,000000,26.75,26.89,26.75,26.87,9207,0
CHGX.US,D,20250829,000000,26.78,26.78,26.63,26.67,12242,0
CHGX.US,D,20250902,000000,26.43,26.55,26.365,26.55,13676,0
CHGX.US,D,20250903,000000,26.55,26.55,26.4343,26.5303,10375,0
CHGX.US,D,20250904,000000,26.48,26.78,26.48,26.78,3255,0
CHGX.US,D,20250905,000000,26.9,26.9,26.64,26.81,28429,0
CHGX.US,D,20250908,000000,26.92,26.92,26.74,26.89,23727,0
CHGX.US,D,20250909,000000,26.78,26.82,26.68,26.81,10302,0
CHGX.US,D,20250910,000000,26.85,26.93,26.79,26.8,4843,0
CHGX.US,D,20250911,000000,26.98,27.19,26.98,27.1712,22953,0
CHGX.US,D,20250912,000000,27.16,27.16,26.8973,26.8973,2049,0
CHGX.US,D,20250915,000000,26.9,27.01,26.88,26.9238,64951,0
CHGX.US,D,20250916,000000,26.96,26.96,26.8,26.8601,4348,0
CHGX.US,D,20250917,000000,26.82,26.99,26.82,26.9189,5549,0
CHGX.US,D,20250918,000000,27.13,27.32,27.13,27.2223,2593,0
CHGX.US,D,20250919,000000,27.29,27.29,27.16,27.2109,3704,0
CHGX.US,D,20250922,000000,27.14,27.31,27.1201,27.2995,8759,0
CHGX.US,D,20250923,000000,27.28,27.3101,27.13,27.1642,6270,0
CHGX.US,D,20250924,000000,27.16,27.16,27.01,27.0973,4158,0
CHGX.US,D,20250925,000000,26.92,26.99,26.92,26.9672,2466,0
CHGX.US,D,20250926,000000,27.02,27.1941,27.02,27.1873,12583,0
CHGX.US,D,20250929,000000,27.33,27.33,27.2201,27.2503,11351,0
CHGX.US,D,20250930,000000,27.2363,27.3038,27.15,27.3038,14301,0
CHGX.US,D,20251001,000000,27.27,27.4537,27.27,27.4537,3086,0
CHGX.US,D,20251002,000000,27.55,27.68,27.49,27.655,10075,0
CHGX.US,D,20251003,000000,27.725,27.85,27.662,27.6661,5702,0
CHGX.US,D,20251006,000000,27.89,27.89,27.82,27.8409,7196,0
CHGX.US,D,20251007,000000,27.81,27.81,27.58,27.6847,9863,0
CHGX.US,D,20251008,000000,27.89,28.0312,27.88,28.0312,4834,0
CHGX.US,D,20251009,000000,27.9,27.929,27.87,27.8956,6932,0
CHGX.US,D,20251010,000000,28.105,28.105,27.25,27.2569,14072,0
CHGX.US,D,20251013,000000,27.67,27.67,27.5325,27.6252,4414,0
CHGX.US,D,20251014,000000,27.35,27.837,27.35,27.6629,4245,0
CHGX.US,D,20251015,000000,27.915,27.915,27.7479,27.7479,3143,0
CHGX.US,D,20251016,000000,27.83,27.84,27.3899,27.4072,19697,0
CHGX.US,D,20251017,000000,27.27,27.54,27.27,27.5337,5706,0
CHGX.US,D,20251020,000000,27.7,27.79,27.7,27.775,14763,0
CHGX.US,D,20251021,000000,27.76,27.9094,27.76,27.879,4220,0
CHGX.US,D,20251022,000000,27.72,27.72,27.43,27.5494,2138,0
CHGX.US,D,20251023,000000,27.5,27.71,27.5,27.6758,1840,0
CHGX.US,D,20251024,000000,27.9236,27.96,27.8017,27.8017,6157,0
CHGX.US,D,20251027,000000,28.01,28.064,27.98,28.064,24653,0
CHGX.US,D,20251028,000000,28.14,28.14,27.9223,27.9223,6481,0
CHGX.US,D,20251029,000000,27.82,27.825,27.56,27.638,12426,0
CHGX.US,D,20251030,000000,27.76,27.76,27.4797,27.4797,10472,0
CHGX.US,D,20251031,000000,27.69,27.727,27.52,27.7238,6391,0
CHGX.US,D,20251103,000000,27.74,27.74,27.41,27.5288,7788,0
CHGX.US,D,20251104,000000,27.33,27.395,27.2163,27.2163,18860,0
CHGX.US,D,20251105,000000,27.3,27.41,27.225,27.35,29486,0
