<TICKER>,<PER>,<DATE>,<TIME>,<OPEN>,<HIGH>,<LOW>,<CLOSE>,<VOL>,<OPENINT>
MSTP.US,D,20250610,000000,25.08,25.22,24.54,24.8899,2936,0
MSTP.US,D,20250611,000000,24.6,24.97,23.785,24.3021,4086,0
MSTP.US,D,20250612,000000,24.22,24.77,23.3751,23.3751,722,0
MSTP.US,D,20250613,000000,22.641,23.6613,22.641,23.6613,4989,0
MSTP.US,D,20250617,000000,23.01,23.01,21.97,22.7638,2909,0
MSTP.US,D,20250618,000000,22.38,22.4499,21.94,22.0294,7418,0
MSTP.US,D,20250620,000000,22.19,22.38,22.0352,22.0352,1778,0
MSTP.US,D,20250623,000000,21.52,21.97,21.2201,21.7822,6491,0
MSTP.US,D,20250624,000000,22.88,23.49,22.75,22.7756,1780,0
MSTP.US,D,20250625,000000,23.72,24.2089,23.48,24.2089,501,0
MSTP.US,D,20250626,000000,24.42,24.42,24,24.0144,4252,0
MSTP.US,D,20250627,000000,24.3,24.3,23.6727,23.6727,1192,0
MSTP.US,D,20250630,000000,24.85,26.03,24.85,26.03,925,0
MSTP.US,D,20250701,000000,24.3812,24.3812,22.0995,22.0995,2030,0
MSTP.US,D,20250702,000000,23.38,25.6579,23.33,25.5097,2551,0
MSTP.US,D,20250703,000000,25.7,26.34,25.5828,25.5828,1488,0
MSTP.US,D,20250707,000000,25.42,25.42,24.5584,24.5584,1735,0
MSTP.US,D,20250708,000000,24.57,24.93,24.33,24.6895,6339,0
MSTP.US,D,20250709,000000,24.9,26.9393,24.9,26.9393,1231,0
MSTP.US,D,20250710,000000,26.51,27.7955,26.51,27.7955,4656,0
MSTP.US,D,20250711,000000,29.45,29.7,28.65,29.4163,11671,0
MSTP.US,D,20250714,000000,31.59,32.23,30.4,31.7091,16403,0
MSTP.US,D,20250715,000000,30.18,32.222,30.18,30.39,16756,0
MSTP.US,D,20250716,000000,31.21,32.1592,31,32.1592,3473,0
MSTP.US,D,20250717,000000,31.59,31.9593,31.382,31.6817,2662,0
MSTP.US,D,20250718,000000,31.28,31.33,27.59,27.6616,16750,0
MSTP.US,D,20250721,000000,28.6,29.29,27.948,27.948,7697,0
MSTP.US,D,20250722,000000,27.9,28.58,26.47,28.1055,17915,0
MSTP.US,D,20250723,000000,28.06,28.06,25.4,26.1651,6355,0
MSTP.US,D,20250724,000000,25.86,26.861,25.61,26.5838,3406,0
MSTP.US,D,20250725,000000,25.15,25.84,25.15,25.2803,8915,0
MSTP.US,D,20250728,000000,26.17,26.25,25.0134,25.0134,6853,0
MSTP.US,D,20250729,000000,24.98,24.98,23.515,23.8926,12742,0
MSTP.US,D,20250730,000000,24.16,24.799,23.89,23.8975,9378,0
MSTP.US,D,20250731,000000,24.51,25.32,24.09,24.8185,7435,0
MSTP.US,D,20250801,000000,23.2,23.2,20.4031,20.4031,6403,0
MSTP.US,D,20250804,000000,20.61,22.8172,20.61,22.8172,16701,0
MSTP.US,D,20250805,000000,22.41,22.44,21.2,21.2034,6072,0
MSTP.US,D,20250806,000000,21.4999,22.0666,21.21,22.0666,19482,0
MSTP.US,D,20250807,000000,22.74,24.55,22.74,24.2514,8172,0
MSTP.US,D,20250808,000000,23.65,24.61,22.79,23.4152,18484,0
MSTP.US,D,20250811,000000,24.5,25.215,23.8975,23.8975,4130,0
MSTP.US,D,20250812,000000,23.47,23.47,23.2928,23.2928,1187,0
MSTP.US,D,20250813,000000,23.49,23.5992,22.0904,22.6601,4648,0
MSTP.US,D,20250814,000000,21.35,21.35,20.02,20.6971,3191,0
MSTP.US,D,20250815,000000,19.691,20.27,19.2415,20.0457,7347,0
MSTP.US,D,20250818,000000,19.21,19.6626,18.97,19.6626,1505,0
MSTP.US,D,20250819,000000,16.84,16.9168,16.54,16.7445,5187,0
MSTP.US,D,20250820,000000,15.64,17.4979,15.64,17.4979,3238,0
MSTP.US,D,20250821,000000,17.3987,17.3987,16.6,16.8153,1345,0
MSTP.US,D,20250822,000000,17.75,18.7784,17.66,18.7784,8941,0
MSTP.US,D,20250825,000000,17.3988,17.8832,17.17,17.255,10380,0
MSTP.US,D,20250826,000000,17.2,18.0586,17.18,18.0586,2796,0
MSTP.US,D,20250827,000000,17.41,17.98,17.1022,17.1022,1869,0
MSTP.US,D,20250828,000000,17.68,17.68,16.59,16.7792,14195,0
MSTP.US,D,20250829,000000,16.3522,16.49,16.2131,16.2933,3811,0
MSTP.US,D,20250902,000000,16.2,17.141,16.2,16.9202,12466,0
MSTP.US,D,20250903,000000,17,17,15.8741,15.8741,2751,0
MSTP.US,D,20250904,000000,15.4696,15.5749,14.659,15.5749,9438,0
MSTP.US,D,20250905,000000,16.05,16.3601,14.95,16.3166,12525,0
MSTP.US,D,20250908,000000,15.0254,15.7831,15,15.7178,4064,0
MSTP.US,D,20250909,000000,15.92,15.92,15.2862,15.5744,6252,0
MSTP.US,D,20250910,000000,15.86,16.5564,15.05,15.3866,10170,0
MSTP.US,D,20250911,000000,15.44,15.51,15.22,15.3659,5055,0
MSTP.US,D,20250912,000000,15.5715,16.2378,15.5603,15.8081,21137,0
MSTP.US,D,20250915,000000,15.7,15.7,14.81,15.4371,72490,0
MSTP.US,D,20250916,000000,15.44,16.1667,15.2091,16.1667,30643,0
MSTP.US,D,20250917,000000,16.07,16.54,15.28,15.6731,24505,0
MSTP.US,D,20250918,000000,16.55,18.28,16.55,17.4938,29545,0
MSTP.US,D,20250919,000000,17.02,17.5,16.27,17.1726,29788,0
MSTP.US,D,20250922,000000,16.13,16.48,15.6701,16.172,16011,0
MSTP.US,D,20250923,000000,16.01,16.23,15.4179,15.4179,10864,0
MSTP.US,D,20250924,000000,15.79,16.1235,14.87,14.9638,13501,0
MSTP.US,D,20250925,000000,13.7077,13.8,12.19,12.8223,47405,0
MSTP.US,D,20250926,000000,12.96,13.5081,12.56,13.5081,27675,0
MSTP.US,D,20250929,000000,13.97,15.08,13.7244,14.9955,38770,0
MSTP.US,D,20250930,000000,14.57,14.69,14.13,14.6325,15994,0
MSTP.US,D,20251001,000000,15.38,16.5,15.38,16.0541,45029,0
MSTP.US,D,20251002,000000,17.18,17.39,16.45,17.39,37575,0
MSTP.US,D,20251003,000000,17.14,17.93,16.6518,17.2628,56583,0
MSTP.US,D,20251006,000000,18.32,18.4328,17.56,18.0487,53067,0
MSTP.US,D,20251007,000000,17.5899,17.5899,15,15.0709,78208,0
MSTP.US,D,20251008,000000,15.79,15.79,14.392,15.24,60275,0
MSTP.US,D,20251009,000000,14.91,14.91,14,14.12,43122,0
MSTP.US,D,20251010,000000,14.29,14.34,12.7116,12.8135,48172,0
MSTP.US,D,20251013,000000,13,13.6633,12.45,13.6633,19316,0
MSTP.US,D,20251014,000000,12.54,13.37,12.25,12.505,19268,0
MSTP.US,D,20251015,000000,12.67,12.94,12,12.01,40357,0
MSTP.US,D,20251016,000000,12.43,12.43,10.94,11.0409,42900,0
MSTP.US,D,20251017,000000,10.82,11.56,10.78,11.56,51153,0
MSTP.US,D,20251020,000000,12.19,12.71,11.85,11.93,36331,0
MSTP.US,D,20251021,000000,11.68,12.68,11.6085,12.4415,28466,0
MSTP.US,D,20251022,000000,11.5735,11.8,10.31,10.658,32943,0
MSTP.US,D,20251023,000000,10.92,11.2187,10.61,10.9632,36124,0
MSTP.US,D,20251024,000000,11.35,11.42,11.16,11.2653,17019,0
MSTP.US,D,20251027,000000,11.98,12.0671,11.58,11.7695,22244,0
MSTP.US,D,20251028,000000,11.64,11.84,10.91,10.9474,20067,0
MSTP.US,D,20251029,000000,10.87,10.995,10.1,10.2852,18891,0
MSTP.US,D,20251030,000000,9.94,9.94,8.6921,8.6921,45148,0
MSTP.US,D,20251031,000000,9.17,10.02,9.17,9.6313,40128,0
MSTP.US,D,20251103,000000,9.21,9.66,8.95,9.41,41685,0
MSTP.US,D,20251104,000000,8.54,8.8195,8,8.0619,39833,0
MSTP.US,D,20251105,000000,8.25,8.52,8.06,8.52,49163,0
