<TICKER>,<PER>,<DATE>,<TIME>,<OPEN>,<HIGH>,<LOW>,<CLOSE>,<VOL>,<OPENINT>
NVYY.US,D,20250514,000000,25.79,25.79,25.6894,25.6894,671,0
NVYY.US,D,20250515,000000,25.71,25.71,25.705,25.705,313,0
NVYY.US,D,20250516,000000,25.8,25.8,25.7,25.7,1603,0
NVYY.US,D,20250519,000000,25.74,25.7522,25.74,25.7522,504,0
NVYY.US,D,20250521,000000,25.61,26.09,25.2003,25.2003,2750,0
NVYY.US,D,20250522,000000,25.64,25.64,25.4928,25.4928,610,0
NVYY.US,D,20250523,000000,24.66,25.09,24.66,24.9379,1000,0
NVYY.US,D,20250527,000000,25.22,25.51,25.22,25.44,1044,0
NVYY.US,D,20250528,000000,25.54,25.54,25.51,25.51,435,0
NVYY.US,D,20250530,000000,25.9696,26.13,25.9696,26.13,961,0
NVYY.US,D,20250603,000000,26.92,26.92,26.89,26.89,462,0
NVYY.US,D,20250606,000000,26.57,26.57,26.45,26.49,656,0
NVYY.US,D,20250609,000000,26.77,26.81,26.6245,26.645,7001,0
NVYY.US,D,20250610,000000,26.71,26.9199,26.58,26.847,2535,0
NVYY.US,D,20250611,000000,27.07,27.07,26.76,26.8304,4640,0
NVYY.US,D,20250612,000000,27.0237,27.25,27.0237,27.25,6679,0
NVYY.US,D,20250613,000000,26.45,26.57,26.24,26.53,15360,0
NVYY.US,D,20250616,000000,26.64,27.245,26.64,26.8276,10245,0
NVYY.US,D,20250617,000000,26.81,26.919,26.7801,26.85,9150,0
NVYY.US,D,20250618,000000,26.89,27.15,26.8,27.15,9634,0
NVYY.US,D,20250620,000000,26.53,27,26.17,26.48,42211,0
NVYY.US,D,20250623,000000,26.24,26.57,26.24,26.56,37636,0
NVYY.US,D,20250624,000000,26.73,26.87,26.6864,26.85,32112,0
NVYY.US,D,20250625,000000,26.96,27.14,26.9,27.02,48761,0
NVYY.US,D,20250626,000000,27.08,27.17,26.945,27.09,116009,0
NVYY.US,D,20250627,000000,26.64,26.81,26.445,26.65,85043,0
NVYY.US,D,20250630,000000,27.22,27.22,26.4617,26.81,72244,0
NVYY.US,D,20250701,000000,26.58,26.63,25.58,25.96,74368,0
NVYY.US,D,20250702,000000,25.88,26.92,25.8,26.92,68951,0
NVYY.US,D,20250703,000000,26.6,26.77,26.5,26.62,51151,0
NVYY.US,D,20250707,000000,26.65,26.81,26.5,26.69,62949,0
NVYY.US,D,20250708,000000,26.83,27,26.7568,27,52946,0
NVYY.US,D,20250709,000000,27.17,27.39,27.1404,27.31,78086,0
NVYY.US,D,20250710,000000,27.34,27.41,27.2027,27.37,127410,0
NVYY.US,D,20250711,000000,26.91,26.94,26.81,26.91,100011,0
NVYY.US,D,20250714,000000,27.07,27.07,26.5,26.84,123431,0
NVYY.US,D,20250715,000000,27.49,27.79,27.27,27.4,123962,0
NVYY.US,D,20250716,000000,27.79,27.79,27.34,27.51,127718,0
NVYY.US,D,20250717,000000,27.53,27.63,27.4847,27.62,185466,0
NVYY.US,D,20250718,000000,27.12,27.16,27,27.08,197638,0
NVYY.US,D,20250721,000000,27.09,27.15,26.9451,27.06,194650,0
NVYY.US,D,20250722,000000,27.01,27.01,25.94,26.27,203794,0
NVYY.US,D,20250723,000000,26.55,26.94,26.42,26.8547,227138,0
NVYY.US,D,20250724,000000,27.19,27.515,27.105,27.48,191374,0
NVYY.US,D,20250725,000000,27,27.21,26.92,27.13,137471,0
NVYY.US,D,20250728,000000,27.27,27.53,27.2501,27.53,302708,0
NVYY.US,D,20250729,000000,27.53,27.74,27.4,27.41,257757,0
NVYY.US,D,20250730,000000,27.46,27.78,27.46,27.74,135409,0
NVYY.US,D,20250731,000000,27.88,27.92,27.59,27.75,324567,0
NVYY.US,D,20250801,000000,26.845,27.35,26.37,27.1216,329599,0
NVYY.US,D,20250804,000000,27.52,27.84,27.3646,27.84,196238,0
NVYY.US,D,20250805,000000,27.85,27.92,27.5069,27.76,198957,0
NVYY.US,D,20250806,000000,27.64,28,27.61,27.97,304204,0
NVYY.US,D,20250807,000000,28.08,28.3,27.86,28.01,422232,0
NVYY.US,D,20250808,000000,27.6,27.7,27.56,27.6467,497865,0
NVYY.US,D,20250811,000000,27.58,27.73,27.31,27.59,404107,0
NVYY.US,D,20250812,000000,27.67,27.78,27.2536,27.7447,259561,0
NVYY.US,D,20250813,000000,27.74,27.8972,27.22,27.5816,273152,0
NVYY.US,D,20250814,000000,27.3,27.89,27.25,27.86,310423,0
NVYY.US,D,20250815,000000,27.35,27.37,26.43,27.09,293215,0
NVYY.US,D,20250818,000000,27.04,27.285,27.0301,27.22,285137,0
NVYY.US,D,20250819,000000,27.32,27.32,26.32,26.3373,281077,0
NVYY.US,D,20250820,000000,26.3,26.3,25.35,26.21,390315,0
NVYY.US,D,20250821,000000,26.14,26.45,25.91,26.07,244913,0
NVYY.US,D,20250822,000000,25.18,26.41,24.9,26.33,246545,0
NVYY.US,D,20250825,000000,26.28,26.4484,26.1,26.3,192021,0
NVYY.US,D,20250826,000000,26.37,26.53,26.2525,26.4684,182624,0
NVYY.US,D,20250827,000000,26.55,26.55,26.27,26.47,307975,0
NVYY.US,D,20250828,000000,26.73,27.16,26.45,27.0943,314614,0
NVYY.US,D,20250829,000000,26.44,26.44,25.325,25.62,499400,0
NVYY.US,D,20250902,000000,25.04,25.344,24.66,25.21,352796,0
NVYY.US,D,20250903,000000,25.26,25.46,24.89,25.21,228179,0
NVYY.US,D,20250904,000000,25.15,25.44,24.9512,25.44,332906,0
NVYY.US,D,20250905,000000,24.585,24.6757,23.43,23.76,467708,0
NVYY.US,D,20250908,000000,23.68,23.98,23.67,23.77,197204,0
NVYY.US,D,20250909,000000,23.86,24.12,23.69,24.0549,145836,0
NVYY.US,D,20250910,000000,24.3,24.33,24.25,24.31,151859,0
NVYY.US,D,20250911,000000,24.35,24.36,24.2504,24.335,223981,0
NVYY.US,D,20250912,000000,23.91,23.93,23.8147,23.8643,267154,0
NVYY.US,D,20250915,000000,23.69,23.8893,23.505,23.8488,192500,0
NVYY.US,D,20250916,000000,23.85,23.85,23.4705,23.52,199139,0
NVYY.US,D,20250917,000000,23.21,23.26,22.63,22.8,397690,0
NVYY.US,D,20250918,000000,23.35,23.9299,23.24,23.74,296299,0
NVYY.US,D,20250919,000000,23.33,23.815,23.25,23.56,147794,0
NVYY.US,D,20250922,000000,23.44,23.93,23.27,23.85,227264,0
NVYY.US,D,20250923,000000,23.8,23.85,23.5278,23.67,179662,0
NVYY.US,D,20250924,000000,23.8,23.85,23.4188,23.65,144760,0
NVYY.US,D,20250925,000000,23.26,23.9882,23.14,23.83,205993,0
NVYY.US,D,20250926,000000,23.54,23.65,23.15,23.54,138564,0
NVYY.US,D,20250929,000000,23.83,24.05,23.81,23.89,181659,0
NVYY.US,D,20250930,000000,24.02,24.19,23.9782,24.12,132957,0
NVYY.US,D,20251001,000000,24.15,24.28,24.133,24.19,123836,0
NVYY.US,D,20251002,000000,24.3,24.3647,24.22,24.3,206895,0
NVYY.US,D,20251003,000000,23.88,23.88,23.7,23.81,210763,0
NVYY.US,D,20251006,000000,23.61,23.75,23.355,23.625,257989,0
NVYY.US,D,20251007,000000,23.74,23.9599,23.5205,23.63,142302,0
NVYY.US,D,20251008,000000,23.82,24.09,23.82,24.04,112712,0
NVYY.US,D,20251009,000000,24.26,24.4,24.26,24.35,194985,0
NVYY.US,D,20251010,000000,24.01,24.03,22.76,22.76,316038,0
NVYY.US,D,20251013,000000,23.66,23.75,23.505,23.63,110136,0
NVYY.US,D,20251014,000000,23.4,23.44,22.99,23.01,110084,0
NVYY.US,D,20251015,000000,23.51,23.51,22.72,23.06,148828,0
NVYY.US,D,20251016,000000,23.33,23.49,23.08,23.39,226485,0
NVYY.US,D,20251017,000000,22.71,23.48,22.6573,23.35,109196,0
NVYY.US,D,20251020,000000,23.34,23.55,23.2701,23.39,175867,0
NVYY.US,D,20251021,000000,23.35,23.43,23.1,23.25,99707,0
NVYY.US,D,20251022,000000,23.28,23.53,22.67,23.151,170156,0
NVYY.US,D,20251023,000000,23.15,23.7,23.12,23.58,170616,0
NVYY.US,D,20251024,000000,23.43,23.64,23.418,23.63,114719,0
NVYY.US,D,20251027,000000,23.83,23.93,23.74,23.87,138873,0
NVYY.US,D,20251028,000000,23.91,24.1896,23.87,24.1351,121100,0
NVYY.US,D,20251029,000000,24.18,24.3,24.17,24.1879,157425,0
NVYY.US,D,20251030,000000,24.25,24.3,24.16,24.256,224409,0
NVYY.US,D,20251031,000000,23.87,23.87,23.81,23.83,168163,0
NVYY.US,D,20251103,000000,24.21,24.3288,24.1,24.17,307575,0
NVYY.US,D,20251104,000000,23.97,23.98,23.46,23.63,221537,0
NVYY.US,D,20251105,000000,23.59,23.99,23.09,23.1,249170,0
