<TICKER>,<PER>,<DATE>,<TIME>,<OPEN>,<HIGH>,<LOW>,<CLOSE>,<VOL>,<OPENINT>
PATN.US,D,20240925,000000,20.95,20.95,20.815,20.815,400,0
PATN.US,D,20240926,000000,21.59,21.6,21.55,21.5781,1748,0
PATN.US,D,20240927,000000,21.4055,21.4055,21.4055,21.4055,3,0
PATN.US,D,20241001,000000,20.9976,20.9976,20.9976,20.9976,159,0
PATN.US,D,20241002,000000,21.04,21.1008,21.03,21.1008,1231,0
PATN.US,D,20241003,000000,20.943,20.943,20.943,20.943,10,0
PATN.US,D,20241004,000000,21.02,21.0648,21.0099,21.0648,1316,0
PATN.US,D,20241007,000000,21.1,21.15,21.0662,21.0662,2114,0
PATN.US,D,20241008,000000,20.89,20.9357,20.87,20.9357,3000,0
PATN.US,D,20241009,000000,20.985,20.985,20.985,20.985,10,0
PATN.US,D,20241010,000000,20.82,20.95,20.75,20.93,1453,0
PATN.US,D,20241011,000000,21.095,21.095,21.095,21.095,20,0
PATN.US,D,20241014,000000,21.155,21.155,21.155,21.155,1,0
PATN.US,D,20241015,000000,21.02,21.02,20.545,20.545,930,0
PATN.US,D,20241016,000000,20.5508,20.5508,20.5508,20.5508,1,0
PATN.US,D,20241017,000000,20.68,20.92,20.67,20.6975,2574,0
PATN.US,D,20241018,000000,20.79,20.84,20.77,20.84,1315,0
PATN.US,D,20241021,000000,20.575,20.575,20.575,20.575,21,0
PATN.US,D,20241022,000000,20.475,20.475,20.475,20.475,1,0
PATN.US,D,20241023,000000,20.47,20.48,20.395,20.395,2730,0
PATN.US,D,20241024,000000,20.3817,20.3817,20.3817,20.3817,28,0
PATN.US,D,20241025,000000,20.45,20.45,20.45,20.45,20,0
PATN.US,D,20241028,000000,20.495,20.495,20.495,20.495,4,0
PATN.US,D,20241029,000000,20.4542,20.4542,20.4542,20.4542,20,0
PATN.US,D,20241030,000000,20.2503,20.2503,20.2503,20.2503,7,0
PATN.US,D,20241031,000000,20.0379,20.0379,20.0379,20.0379,6,0
PATN.US,D,20241104,000000,20.1816,20.1816,20.1816,20.1816,6,0
PATN.US,D,20241105,000000,20.4449,20.4449,20.4449,20.4449,50,0
PATN.US,D,20241106,000000,20.1604,20.1604,20.1604,20.1604,6,0
PATN.US,D,20241107,000000,20.6121,20.6121,20.6121,20.6121,6,0
PATN.US,D,20241108,000000,20.2235,20.2235,20.2235,20.2235,45,0
PATN.US,D,20241125,000000,19.64,19.64,19.6041,19.6041,228,0
PATN.US,D,20241126,000000,19.59,19.59,19.4603,19.4603,111,0
PATN.US,D,20241205,000000,20.17,20.19,20.146,20.146,447,0
PATN.US,D,20241209,000000,20.31,20.31,20.255,20.255,497,0
PATN.US,D,20241216,000000,19.9548,19.9548,19.9502,19.9502,504,0
PATN.US,D,20241218,000000,19.99,19.99,19.5857,19.5857,101,0
PATN.US,D,20241219,000000,19.63,19.63,19.59,19.59,321,0
PATN.US,D,20241226,000000,19.95,19.9722,19.9499,19.9722,773,0
PATN.US,D,20241227,000000,19.93,19.97,19.9157,19.97,291,0
PATN.US,D,20241231,000000,19.77,19.77,19.69,19.6959,5176,0
PATN.US,D,20250106,000000,20.18,20.18,20.1,20.1,116,0
PATN.US,D,20250107,000000,20.12,20.12,19.96,19.96,224,0
PATN.US,D,20250108,000000,19.93,19.97,19.92,19.97,752,0
PATN.US,D,20250110,000000,19.7,19.7,19.61,19.61,705,0
PATN.US,D,20250127,000000,20.3,20.3,20.25,20.25,148,0
PATN.US,D,20250129,000000,20.4,20.4,20.39,20.39,303,0
PATN.US,D,20250131,000000,20.64,20.64,20.43,20.4487,741,0
PATN.US,D,20250203,000000,20.17,20.17,20.16,20.16,113,0
PATN.US,D,20250204,000000,20.4999,20.4999,20.495,20.495,373,0
PATN.US,D,20250205,000000,20.67,20.75,20.6699,20.75,285,0
PATN.US,D,20250206,000000,20.788,20.795,20.788,20.795,106,0
PATN.US,D,20250210,000000,20.856,20.87,20.856,20.87,314,0
PATN.US,D,20250211,000000,20.89,20.89,20.86,20.86,208,0
PATN.US,D,20250221,000000,21.62,21.62,21.5,21.5,102,0
PATN.US,D,20250227,000000,21.28,21.28,21.0942,21.0942,127,0
PATN.US,D,20250228,000000,20.91,21,20.91,20.94,1018,0
PATN.US,D,20250311,000000,21.28,21.28,21.09,21.2191,1571,0
PATN.US,D,20250325,000000,21.76,21.76,21.71,21.71,401,0
PATN.US,D,20250327,000000,21.38,21.38,21.3181,21.3181,367,0
PATN.US,D,20250328,000000,21.11,21.11,20.9977,20.9977,185857,0
PATN.US,D,20250331,000000,20.595,20.7694,20.595,20.7694,387,0
PATN.US,D,20250401,000000,20.85,20.85,20.7911,20.7911,265,0
PATN.US,D,20250402,000000,20.72,20.78,20.72,20.77,32193,0
PATN.US,D,20250403,000000,20.5399,20.5399,20.2546,20.2546,1520,0
PATN.US,D,20250404,000000,19.345,19.345,19.26,19.26,461,0
PATN.US,D,20250407,000000,18.8,18.8052,18.42,18.42,1804,0
PATN.US,D,20250408,000000,19.11,19.11,18.32,18.32,709,0
PATN.US,D,20250409,000000,18.365,19.55,18.365,19.55,756,0
PATN.US,D,20250410,000000,19.16,19.31,19.16,19.31,2817,0
PATN.US,D,20250411,000000,19.78,19.8266,19.78,19.8266,217562,0
PATN.US,D,20250414,000000,20.05,20.14,20.005,20.005,1256,0
PATN.US,D,20250415,000000,20.04,20.04,20.04,20.04,202,0
PATN.US,D,20250416,000000,19.89,19.89,19.7305,19.8048,263,0
PATN.US,D,20250417,000000,20,20.0299,20,20.0299,302,0
PATN.US,D,20250422,000000,20.1411,20.19,20.1411,20.19,421,0
PATN.US,D,20250423,000000,20.7461,20.7461,20.57,20.57,242,0
PATN.US,D,20250424,000000,20.79,20.82,20.79,20.82,1845,0
PATN.US,D,20250425,000000,20.88,20.98,20.88,20.98,111,0
PATN.US,D,20250501,000000,21.2,21.2,21.1196,21.1196,216,0
PATN.US,D,20250505,000000,21.94,21.94,21.8644,21.8644,129,0
PATN.US,D,20250506,000000,21.78,21.78,21.7108,21.7108,150,0
PATN.US,D,20250507,000000,21.51,21.51,21.5,21.5,212,0
PATN.US,D,20250508,000000,21.5753,21.5753,21.5,21.5,231,0
PATN.US,D,20250509,000000,21.6298,21.6298,21.5453,21.5453,231,0
PATN.US,D,20250514,000000,21.965,22.08,21.84,21.84,5633,0
PATN.US,D,20250515,000000,21.98,21.9876,21.98,21.9876,264,0
PATN.US,D,20250516,000000,21.91,21.9875,21.91,21.9875,3690,0
PATN.US,D,20250519,000000,21.93,22.14,21.93,22.14,173,0
PATN.US,D,20250521,000000,22.1668,22.1668,22.14,22.14,302,0
PATN.US,D,20250527,000000,22.35,22.42,22.35,22.42,402,0
PATN.US,D,20250528,000000,22.18,22.18,22.1522,22.1522,471,0
PATN.US,D,20250529,000000,22.21,22.241,22.21,22.241,6934,0
PATN.US,D,20250602,000000,22.2686,22.3828,22.2686,22.3828,373,0
PATN.US,D,20250604,000000,22.63,22.63,22.6173,22.6173,242,0
PATN.US,D,20250606,000000,22.59,22.6331,22.579,22.6331,346,0
PATN.US,D,20250611,000000,22.9192,22.9192,22.81,22.81,599,0
PATN.US,D,20250612,000000,22.98,22.98,22.965,22.965,715,0
PATN.US,D,20250613,000000,22.64,22.72,22.58,22.58,1210,0
PATN.US,D,20250617,000000,22.62,22.62,22.4056,22.4056,1173,0
PATN.US,D,20250618,000000,22.52,22.52,22.4698,22.4698,315,0
PATN.US,D,20250620,000000,22.39,22.39,22.21,22.21,1082,0
PATN.US,D,20250623,000000,22.18,22.3805,22.18,22.3805,334,0
PATN.US,D,20250624,000000,22.82,22.89,22.82,22.875,2006,0
PATN.US,D,20250625,000000,22.8211,22.85,22.8,22.8,1302,0
PATN.US,D,20250626,000000,22.93,23.18,22.93,23.1047,4173,0
PATN.US,D,20250627,000000,23.3655,23.38,23.32,23.32,793,0
PATN.US,D,20250630,000000,23.19,23.3007,23.19,23.3007,253,0
PATN.US,D,20250701,000000,23.26,23.26,23.21,23.21,652,0
PATN.US,D,20250702,000000,23.33,23.4,23.33,23.3586,4626,0
PATN.US,D,20250703,000000,23.61,23.61,23.43,23.45,3104,0
PATN.US,D,20250707,000000,23.45,23.45,23.066,23.066,1353,0
PATN.US,D,20250708,000000,23.17,23.25,23.17,23.25,629,0
PATN.US,D,20250709,000000,23.3532,23.37,23.31,23.31,1076,0
PATN.US,D,20250711,000000,23.56,23.56,23.29,23.29,200,0
PATN.US,D,20250714,000000,23.25,23.335,23.25,23.335,105402,0
PATN.US,D,20250715,000000,23.24,23.2804,23.24,23.2804,225,0
PATN.US,D,20250717,000000,23.43,23.43,23.4235,23.4235,200,0
PATN.US,D,20250718,000000,23.31,23.316,23.31,23.316,358,0
PATN.US,D,20250721,000000,23.61,23.61,23.4733,23.4733,818,0
PATN.US,D,20250722,000000,23.5283,23.5283,23.48,23.505,436,0
PATN.US,D,20250723,000000,23.92,24.0826,23.92,24.0826,1376,0
PATN.US,D,20250724,000000,24.08,24.111,24.0008,24.0008,1686,0
PATN.US,D,20250728,000000,23.5697,23.5772,23.5697,23.5772,152,0
PATN.US,D,20250729,000000,23.92,23.92,23.41,23.5048,11526,0
PATN.US,D,20250730,000000,23.47,23.5299,23.47,23.5054,5628,0
PATN.US,D,20250801,000000,23.02,23.0903,23.01,23.0903,380,0
PATN.US,D,20250804,000000,23.34,23.425,23.34,23.425,1222,0
PATN.US,D,20250805,000000,23.4099,23.41,23.36,23.36,691,0
PATN.US,D,20250807,000000,23.82,23.8206,23.82,23.8206,227,0
PATN.US,D,20250808,000000,23.85,23.9802,23.85,23.9802,2409,0
PATN.US,D,20250811,000000,23.94,23.94,23.9061,23.9061,433,0
PATN.US,D,20250812,000000,23.98,24.2259,23.98,24.2259,1456,0
PATN.US,D,20250814,000000,24.31,24.3649,24.31,24.3649,261,0
PATN.US,D,20250815,000000,24.47,24.5349,24.47,24.5349,483,0
PATN.US,D,20250818,000000,24.52,24.548,24.52,24.548,374,0
PATN.US,D,20250820,000000,24.42,24.44,24.34,24.405,2054,0
PATN.US,D,20250821,000000,24.47,24.47,24.2259,24.2259,425,0
PATN.US,D,20250822,000000,24.36,24.6615,24.36,24.6253,2856,0
PATN.US,D,20250825,000000,24.55,24.55,24.4156,24.4156,411,0
PATN.US,D,20250826,000000,24.45,24.53,24.45,24.4791,4329,0
PATN.US,D,20250827,000000,24.36,24.515,24.35,24.515,936,0
PATN.US,D,20250829,000000,24.22,24.3051,24.21,24.3051,1061,0
PATN.US,D,20250902,000000,23.97,24.0418,23.83,24.0418,1183,0
PATN.US,D,20250903,000000,24.05,24.17,24.05,24.17,524,0
PATN.US,D,20250904,000000,24.18,24.2481,24.18,24.2481,515,0
PATN.US,D,20250905,000000,24.47,24.56,24.42,24.56,1100,0
PATN.US,D,20250908,000000,25.65,25.65,24.73,24.8017,2204,0
PATN.US,D,20250909,000000,24.79,24.87,24.79,24.8541,1956,0
PATN.US,D,20250910,000000,25.03,25.0404,24.83,24.9709,1831,0
PATN.US,D,20250911,000000,25.13,25.2735,25.04,25.2735,1375,0
PATN.US,D,20250912,000000,25.15,25.1759,25.15,25.1759,140,0
PATN.US,D,20250916,000000,25.52,25.52,25.5098,25.5098,1024,0
PATN.US,D,20250917,000000,25.48,25.63,25.48,25.5085,8383,0
PATN.US,D,20250918,000000,25.64,25.6998,25.64,25.6998,1115,0
PATN.US,D,20250919,000000,25.52,25.55,25.52,25.55,573,0
PATN.US,D,20250922,000000,25.64,25.8623,25.44,25.8623,2323,0
PATN.US,D,20250923,000000,25.81,25.86,25.81,25.86,1132,0
PATN.US,D,20250924,000000,25.6,25.6784,25.6,25.6784,459,0
PATN.US,D,20250925,000000,25.44,25.5247,25.44,25.5247,74342,0
PATN.US,D,20250929,000000,25.67,25.67,25.6189,25.6189,206,0
PATN.US,D,20251001,000000,25.9,26.3125,25.87,26.3125,1816,0
PATN.US,D,20251002,000000,26.28,26.71,26.24,26.4553,9065,0
PATN.US,D,20251003,000000,26.74,26.7796,26.74,26.7796,254,0
PATN.US,D,20251006,000000,26.97,27.15,26.97,27.0903,800,0
PATN.US,D,20251007,000000,27.048,27.048,26.7581,26.7581,8394,0
PATN.US,D,20251008,000000,26.8285,26.8751,26.81,26.8751,679,0
PATN.US,D,20251009,000000,26.79,26.8654,26.7069,26.7069,2303,0
PATN.US,D,20251010,000000,26.56,26.61,25.755,25.8054,2430,0
PATN.US,D,20251013,000000,26.19,26.42,26.12,26.37,5669,0
PATN.US,D,20251014,000000,26.09,26.42,26.08,26.34,1779,0
PATN.US,D,20251015,000000,26.61,26.6389,26.61,26.6389,375,0
PATN.US,D,20251016,000000,26.82,27.009,26.79,26.9795,4403,0
PATN.US,D,20251017,000000,26.87,26.9912,26.87,26.9912,503,0
PATN.US,D,20251020,000000,27.24,27.62,27.22,27.495,5909,0
PATN.US,D,20251021,000000,27.26,27.26,27.1842,27.1842,246,0
PATN.US,D,20251022,000000,27,27,26.82,26.9299,2297,0
PATN.US,D,20251023,000000,26.96,27.1391,26.96,27.1391,3030,0
PATN.US,D,20251024,000000,27.27,27.35,27.27,27.2746,11425,0
PATN.US,D,20251027,000000,27.41,27.7282,27.41,27.705,2377,0
PATN.US,D,20251028,000000,27.5,27.58,27.5,27.5148,1306,0
PATN.US,D,20251029,000000,27.48,27.7772,27.48,27.6499,5086,0
PATN.US,D,20251030,000000,27.58,27.58,27.4145,27.4145,46068,0
PATN.US,D,20251031,000000,27.3604,27.41,27.3604,27.4,3509,0
PATN.US,D,20251103,000000,27.48,27.68,27.48,27.6666,31949,0
PATN.US,D,20251104,000000,27.17,27.29,27.1057,27.1057,6398,0
PATN.US,D,20251105,000000,27.08,27.2,27.03,27.185,6241,0
