<TICKER>,<PER>,<DATE>,<TIME>,<OPEN>,<HIGH>,<LOW>,<CLOSE>,<VOL>,<OPENINT>
TURF.US,D,20250612,000000,24.99,25.1692,24.99,25.1545,4243,0
TURF.US,D,20250613,000000,25.335,25.4372,25.335,25.4372,2649,0
TURF.US,D,20250616,000000,25.78,25.7968,25.6451,25.6451,3078,0
TURF.US,D,20250617,000000,25.6747,25.6747,25.5988,25.5988,1239,0
TURF.US,D,20250618,000000,25.6,25.68,25.4752,25.4752,3433,0
TURF.US,D,20250620,000000,25.459,25.459,25.3559,25.3559,1200,0
TURF.US,D,20250623,000000,25.37,25.37,25.2266,25.2266,450,0
TURF.US,D,20250624,000000,25.08,25.08,25.0179,25.0179,132,0
TURF.US,D,20250625,000000,24.85,24.87,24.7949,24.7949,406,0
TURF.US,D,20250626,000000,25.15,25.2549,25.15,25.2549,1445,0
TURF.US,D,20250627,000000,25.12,25.12,25.038,25.064,2331,0
TURF.US,D,20250630,000000,24.99,25.1328,24.99,25.1328,2113,0
TURF.US,D,20250701,000000,25.15,25.2619,25.15,25.2619,2048,0
TURF.US,D,20250702,000000,25.75,25.83,25.715,25.8223,1376,0
TURF.US,D,20250703,000000,25.8064,25.8064,25.7,25.739,1093,0
TURF.US,D,20250707,000000,25.7,25.7,25.3391,25.4413,3273,0
TURF.US,D,20250708,000000,25.57,25.805,25.5299,25.805,1323,0
TURF.US,D,20250709,000000,25.54,25.65,25.54,25.6009,1172,0
TURF.US,D,20250710,000000,25.6999,25.6999,25.6808,25.6808,292,0
TURF.US,D,20250711,000000,25.68,25.7531,25.6665,25.7531,2557,0
TURF.US,D,20250714,000000,25.76,25.76,25.6182,25.6182,1404,0
TURF.US,D,20250715,000000,25.3171,25.3239,25.3171,25.3239,1009,0
TURF.US,D,20250716,000000,25.3,25.32,25.101,25.3058,9476,0
TURF.US,D,20250717,000000,25.21,25.33,25.21,25.3225,4445,0
TURF.US,D,20250718,000000,25.5,25.5,25.3413,25.3413,1570,0
TURF.US,D,20250721,000000,25.45,25.45,25.42,25.42,1974,0
TURF.US,D,20250722,000000,25.57,25.94,25.57,25.8881,1631,0
TURF.US,D,20250723,000000,26.05,26.13,26.05,26.0964,934,0
TURF.US,D,20250724,000000,25.93,26.025,25.93,26.025,524,0
TURF.US,D,20250728,000000,25.81,25.81,25.6794,25.6794,189,0
TURF.US,D,20250729,000000,25.75,25.75,25.7389,25.7389,177,0
TURF.US,D,20250730,000000,25.405,25.405,25.1492,25.1492,200,0
TURF.US,D,20250731,000000,25.1234,25.1306,25.1234,25.1306,1060,0
TURF.US,D,20250801,000000,25.1,25.1,24.8104,24.9476,7283,0
TURF.US,D,20250804,000000,25.121,25.225,25.121,25.225,2156,0
TURF.US,D,20250806,000000,25.55,25.55,25.385,25.4238,8026,0
TURF.US,D,20250807,000000,25.37,25.46,25.3699,25.445,601,0
TURF.US,D,20250813,000000,25.73,25.8716,25.73,25.8716,122,0
TURF.US,D,20250814,000000,25.64,25.71,25.585,25.71,700,0
TURF.US,D,20250818,000000,25.58,25.62,25.58,25.6,1207,0
TURF.US,D,20250820,000000,25.67,25.67,25.6231,25.6231,104,0
TURF.US,D,20250821,000000,25.9,25.9,25.8555,25.8555,335,0
TURF.US,D,20250826,000000,26.54,26.54,26.4998,26.4998,303,0
TURF.US,D,20250828,000000,26.55,26.6342,26.55,26.6342,419,0
TURF.US,D,20250829,000000,26.7508,26.7569,26.7436,26.7436,984,0
TURF.US,D,20250903,000000,26.575,26.575,26.5395,26.5395,251,0
TURF.US,D,20250904,000000,26.4575,26.54,26.4575,26.5262,2168,0
TURF.US,D,20250905,000000,26.74,26.74,26.605,26.605,324,0
TURF.US,D,20250908,000000,26.71,26.7188,26.71,26.7188,1659,0
TURF.US,D,20250909,000000,26.81,26.81,26.665,26.665,2768,0
TURF.US,D,20250910,000000,26.87,26.99,26.87,26.96,5206,0
TURF.US,D,20250911,000000,27.2,27.23,27.19,27.194,4258,0
TURF.US,D,20250912,000000,27.11,27.11,27.065,27.0981,2249,0
TURF.US,D,20250915,000000,27.2158,27.28,27.2158,27.2541,568,0
TURF.US,D,20250916,000000,27.33,27.33,27.2538,27.2538,294,0
TURF.US,D,20250919,000000,27.31,27.31,27.0759,27.0759,11336,0
TURF.US,D,20250922,000000,27.07,27.2315,27.07,27.2315,765,0
TURF.US,D,20250925,000000,27.37,27.41,27.37,27.3709,660,0
TURF.US,D,20250929,000000,27.6628,27.6628,27.59,27.6009,1523,0
TURF.US,D,20250930,000000,27.53,27.5646,27.482,27.5646,2286,0
TURF.US,D,20251001,000000,27.54,27.54,27.4921,27.4921,1024,0
TURF.US,D,20251002,000000,27.4217,27.5,27.4217,27.495,718,0
TURF.US,D,20251006,000000,27.96,27.98,27.93,27.935,4168,0
TURF.US,D,20251007,000000,27.935,27.935,27.82,27.8329,581,0
TURF.US,D,20251008,000000,27.848,27.8618,27.848,27.8618,2957,0
TURF.US,D,20251009,000000,27.5,27.52,27.5,27.52,659,0
TURF.US,D,20251013,000000,27.631,27.71,27.631,27.675,1301,0
TURF.US,D,20251014,000000,27.5099,27.65,27.5099,27.605,3642,0
TURF.US,D,20251015,000000,27.895,27.895,27.895,27.895,1392,0
TURF.US,D,20251016,000000,27.81,27.81,27.7266,27.7266,172,0
TURF.US,D,20251020,000000,27.64,27.6739,27.6399,27.6739,733,0
TURF.US,D,20251021,000000,27.34,27.34,27,27.095,881,0
TURF.US,D,20251022,000000,26.96,27.2055,26.96,27.2055,5149,0
TURF.US,D,20251028,000000,27.433,27.44,27.433,27.44,1040,0
TURF.US,D,20251029,000000,27.63,27.64,27.461,27.461,1388,0
TURF.US,D,20251030,000000,27.44,27.44,27.3069,27.3069,437,0
TURF.US,D,20251031,000000,27.301,27.41,27.301,27.351,1704,0
TURF.US,D,20251103,000000,27.13,27.2308,27.13,27.2308,107,0
TURF.US,D,20251104,000000,26.7409,26.75,26.69,26.7361,6609,0
