<TICKER>,<PER>,<DATE>,<TIME>,<OPEN>,<HIGH>,<LOW>,<CLOSE>,<VOL>,<OPENINT>
XRPT.US,D,20250523,000000,14.65,14.95,14.39,14.4091,85800,0
XRPT.US,D,20250527,000000,14.41,14.51,14,14.3354,53360,0
XRPT.US,D,20250528,000000,14,14,13.04,13.0984,44484,0
XRPT.US,D,20250529,000000,13.76,13.78,13.36,13.4354,31792,0
XRPT.US,D,20250530,000000,12.61,12.68,11.96,12.5124,42080,0
XRPT.US,D,20250602,000000,11.99,12.3206,11.95,12.2275,39342,0
XRPT.US,D,20250603,000000,12.81,13.61,12.72,13.5145,52358,0
XRPT.US,D,20250604,000000,13.03,13.3,12.68,12.6881,32129,0
XRPT.US,D,20250605,000000,12.88,12.88,11.7,11.7535,50792,0
XRPT.US,D,20250606,000000,12.1355,12.37,12.1355,12.2583,30619,0
XRPT.US,D,20250609,000000,13.21,13.77,13,13.67,96687,0
XRPT.US,D,20250610,000000,13.75,13.77,13.234,13.5821,44427,0
XRPT.US,D,20250611,000000,14,14.08,13.48,13.54,43894,0
XRPT.US,D,20250612,000000,12.89,13.12,12.45,12.45,94623,0
XRPT.US,D,20250613,000000,11.84,12.009,11.53,11.58,85338,0
XRPT.US,D,20250616,000000,13.01,13.91,12.92,13.91,78785,0
XRPT.US,D,20250617,000000,12.43,12.56,11.54,12.05,167209,0
XRPT.US,D,20250618,000000,11.29,11.7599,11.27,11.49,129958,0
XRPT.US,D,20250620,000000,11.86,11.88,10.9,11.33,99099,0
XRPT.US,D,20250623,000000,9.93,10.5662,9.5698,10.51,182150,0
XRPT.US,D,20250624,000000,11.75,12.07,11.61005,12.07,116199,0
XRPT.US,D,20250625,000000,12,12.249,11.6602,11.95,76944,0
XRPT.US,D,20250626,000000,11.33,11.3985,10.76,11.05,121298,0
XRPT.US,D,20250627,000000,10.64,11,10.48,10.72,84784,0
XRPT.US,D,20250630,000000,11.73,13.12,11.531,13.12,142646,0
XRPT.US,D,20250701,000000,11.6,11.76,11.15,11.15,176472,0
XRPT.US,D,20250702,000000,11.32,12.52,11.32,12.29,222295,0
XRPT.US,D,20250703,000000,12.54,12.739,12.014,12.26,146655,0
XRPT.US,D,20250707,000000,12.56,13.2496,12.4245,12.68,278097,0
XRPT.US,D,20250708,000000,12.58,12.89,12.42,12.89,218756,0
XRPT.US,D,20250709,000000,13.59,14.07,13.25,13.98,357984,0
XRPT.US,D,20250710,000000,14.27,15.0252,13.95,14.94,519406,0
XRPT.US,D,20250711,000000,17.45,20.6299,17.11,19.25,1442415,0
XRPT.US,D,20250714,000000,20.79,21.68,19.77,20.16,1349155,0
XRPT.US,D,20250715,000000,19.94,20.35,18.8738,19.29,550443,0
XRPT.US,D,20250716,000000,20.95,22.14,20.47,21.94,1066203,0
XRPT.US,D,20250717,000000,24.23,26.895,23.55,25.58,2100285,0
XRPT.US,D,20250718,000000,28.21,29.17,26.021,27.58,2316568,0
XRPT.US,D,20250721,000000,28.89,30.926,28.8,29.39,1987055,0
XRPT.US,D,20250722,000000,28.99,30.13,27.4313,29.36,1355660,0
XRPT.US,D,20250723,000000,26.65,26.68,23.14,23.7,2423355,0
XRPT.US,D,20250724,000000,22.96,24.38,22.108,23.41,1670663,0
XRPT.US,D,20250725,000000,21.83,22.1504,20.17,21.18,1420020,0
XRPT.US,D,20250728,000000,22.58,22.91,21.635,22.3,1128351,0
XRPT.US,D,20250729,000000,22.28,22.3497,20.68,21.63,676638,0
XRPT.US,D,20250730,000000,20.91,22.1,19.8001,21.12,725780,0
XRPT.US,D,20250731,000000,21.2,21.6427,20.43,20.5,660065,0
XRPT.US,D,20250801,000000,19.57,20.4314,18.6804,19.82,839587,0
XRPT.US,D,20250804,000000,19.73,20.86,19.65,20.36,758602,0
XRPT.US,D,20250805,000000,20.17,20.27,18.87,18.91,536391,0
XRPT.US,D,20250806,000000,18.89,19.82,18.68,19.7,541412,0
XRPT.US,D,20250807,000000,20.56,20.97,19.715,20.92,986337,0
XRPT.US,D,20250808,000000,24.06,24.595,22.33,24.27,1521691,0
XRPT.US,D,20250811,000000,22.02,22.71,21.3,21.31,1362125,0
XRPT.US,D,20250812,000000,21.965,23.4,21.5,23.4,1137088,0
XRPT.US,D,20250813,000000,23.8,23.9443,22.4,23.11,1295342,0
XRPT.US,D,20250814,000000,20.68,21.18,19.77,20.1,2095605,0
XRPT.US,D,20250815,000000,20.63,20.64,19.18,20.02,890420,0
XRPT.US,D,20250818,000000,19.13,20.35,18.7,20.17,1204993,0
XRPT.US,D,20250819,000000,19.48,19.57,17.28,17.34,1223828,0
XRPT.US,D,20250820,000000,17.42,18.8099,16.67,18.8,1139692,0
XRPT.US,D,20250821,000000,17.74,17.955,16.95,17.17,632113,0
XRPT.US,D,20250822,000000,16.54,20.02,16.48,19.57,1939547,0
XRPT.US,D,20250825,000000,18.18,18.2894,16.9401,17.02,1291268,0
XRPT.US,D,20250826,000000,17.21,19.44,17.045,19.09,1326850,0
XRPT.US,D,20250827,000000,18.21,18.73,17.99,18.15,1122200,0
XRPT.US,D,20250828,000000,18.31,18.37,17.41,17.42,862297,0
XRPT.US,D,20250829,000000,16.55,16.55,15.67,15.83,1551938,0
XRPT.US,D,20250902,000000,15.41,16.14,15.3,15.94,1146828,0
XRPT.US,D,20250903,000000,16.23,16.61,16.12,16.33,621849,0
XRPT.US,D,20250904,000000,16.07,16.1,15.4,15.41,457142,0
XRPT.US,D,20250905,000000,16.3,16.5,15.5401,16.26,632578,0
XRPT.US,D,20250908,000000,17.57,17.74,17.3901,17.61,1240136,0
XRPT.US,D,20250909,000000,17.86,18.05,17.0586,17.4,907965,0
XRPT.US,D,20250910,000000,17.84,18.1,17.39,17.52,699383,0
XRPT.US,D,20250911,000000,17.7,18.16,17.62,18.05,715850,0
XRPT.US,D,20250912,000000,18.18,18.97,17.98,18.96,1382834,0
XRPT.US,D,20250915,000000,17.87,18.27,17.54,17.55,1134119,0
XRPT.US,D,20250916,000000,18.18,18.38,17.71,18.34,854163,0
XRPT.US,D,20250917,000000,18.01,18.43,17.4,17.97,999616,0
XRPT.US,D,20250918,000000,19.03,19.189,18.68,18.92,1201463,0
XRPT.US,D,20250919,000000,17.97,18.02,17.28,17.35,1238438,0
XRPT.US,D,20250922,000000,15.8,15.99,15.35,15.49,1683033,0
XRPT.US,D,20250923,000000,15.77,16.105,15.48,15.66,837122,0
XRPT.US,D,20250924,000000,15.87,17.19,15.81,17,963022,0
XRPT.US,D,20250925,000000,15.5,15.62,14.12,14.46,1895768,0
XRPT.US,D,20250926,000000,14.24,15,13.8404,14.82,1168429,0
XRPT.US,D,20250929,000000,15.41,16.22,15.36,15.9,1025167,0
XRPT.US,D,20250930,000000,15.41,15.53,14.93,15.5,739333,0
XRPT.US,D,20251001,000000,16.32,16.505,16.03,16.39,933649,0
XRPT.US,D,20251002,000000,16.68,18.125,16.2853,17.88,1346623,0
XRPT.US,D,20251003,000000,17.19,17.9742,16.9516,17.18,1496715,0
XRPT.US,D,20251006,000000,16.81,17.3699,16.612,17.07,1354400,0
XRPT.US,D,20251007,000000,16.56,16.58,15.08,15.18,1950522,0
XRPT.US,D,20251008,000000,15.3,15.83,15.08,15.67,999597,0
XRPT.US,D,20251009,000000,14.82,14.86,14.205,14.35,1672539,0
XRPT.US,D,20251010,000000,14.69,14.8299,12.905,13.14,4391664,0
XRPT.US,D,20251013,000000,11.98,12.76,11.9501,12.63,2821055,0
XRPT.US,D,20251014,000000,10.71,11.8,10.38,11.33,2311943,0
XRPT.US,D,20251015,000000,11.29,11.49,10.45,10.56,2086346,0
XRPT.US,D,20251016,000000,10.88,10.95,9.67,9.82,2410487,0
XRPT.US,D,20251017,000000,9.3,9.7898,9.05,9.55,2196990,0
XRPT.US,D,20251020,000000,10.83,11.6734,10.63,11.42,1647373,0
XRPT.US,D,20251021,000000,10.57,11.51,10.38,11.14,1515964,0
XRPT.US,D,20251022,000000,10.36,10.42,10,10.1,1369957,0
XRPT.US,D,20251023,000000,10.24,10.48,10.135,10.33,845954,0
XRPT.US,D,20251024,000000,11.08,11.23,10.79,11.09,1437932,0
XRPT.US,D,20251027,000000,12.28,12.82,11.96,12.56,1556522,0
XRPT.US,D,20251028,000000,12.68,12.6892,11.98,12.36,1047270,0
XRPT.US,D,20251029,000000,12.34,12.4195,11.4,11.75,1167259,0
XRPT.US,D,20251030,000000,10.88,10.88,9.9,9.9,1651231,0
XRPT.US,D,20251031,000000,10.85,11.31,10.715,11.21,1291677,0
XRPT.US,D,20251103,000000,10.11,10.16,8.66,8.96,3253384,0
XRPT.US,D,20251104,000000,8.57,9.2,7.445,7.88,4078634,0
XRPT.US,D,20251105,000000,8.65,9.48,8.47,9.33,2036867,0
