<TICKER>,<PER>,<DATE>,<TIME>,<OPEN>,<HIGH>,<LOW>,<CLOSE>,<VOL>,<OPENINT>
BLOX.US,D,20250617,000000,19.11,19.4,19.02,19.1694,4711,0
BLOX.US,D,20250618,000000,19.2,19.61,19.2,19.4527,7413,0
BLOX.US,D,20250620,000000,19.77,19.91,19.18,19.2902,9702,0
BLOX.US,D,20250623,000000,18.6078,19.0588,18.36,18.9829,106348,0
BLOX.US,D,20250624,000000,19.36,20.0055,19.36,20.0055,9323,0
BLOX.US,D,20250625,000000,20.48,20.48,20.0605,20.322,8305,0
BLOX.US,D,20250626,000000,20.27,22.32,20.07,20.9482,3769,0
BLOX.US,D,20250627,000000,20.8,20.98,20.58,20.5816,6528,0
BLOX.US,D,20250630,000000,20.7914,21.1173,20.7914,21.1173,6746,0
BLOX.US,D,20250701,000000,21.0305,21.28,20.7,20.8121,6543,0
BLOX.US,D,20250702,000000,21.492,21.8,21.492,21.7413,8466,0
BLOX.US,D,20250703,000000,21.775,21.79,21.6902,21.6902,7460,0
BLOX.US,D,20250707,000000,21.2,21.35,20.879,21.157,16524,0
BLOX.US,D,20250708,000000,21.49,21.5,21.2,21.25,18021,0
BLOX.US,D,20250709,000000,21.53,21.78,21.18,21.7774,33590,0
BLOX.US,D,20250710,000000,21.7,22.24,21.6,22.0803,30876,0
BLOX.US,D,20250711,000000,22.3344,22.53,22,22.1462,23302,0
BLOX.US,D,20250714,000000,22.64,22.94,22.43,22.53,42169,0
BLOX.US,D,20250715,000000,22.38,22.5492,22.08,22.18,41351,0
BLOX.US,D,20250716,000000,22.69,23.24,22.6652,23.22,156505,0
BLOX.US,D,20250717,000000,23.06,23.7,23,23.5,132040,0
BLOX.US,D,20250718,000000,23.7,23.95,23.14,23.42,91374,0
BLOX.US,D,20250721,000000,23.88,24.15,23.19,23.37,164340,0
BLOX.US,D,20250722,000000,23.605,23.62,23.0001,23.43,117606,0
BLOX.US,D,20250723,000000,23.2861,23.51,23.02,23.3678,143749,0
BLOX.US,D,20250724,000000,23.48,23.76,23.24,23.65,105740,0
BLOX.US,D,20250725,000000,23.18,23.24,22.8385,23.19,119636,0
BLOX.US,D,20250728,000000,23.6,23.6,23.05,23.22,138042,0
BLOX.US,D,20250729,000000,23.22,23.3399,22.455,22.66,155338,0
BLOX.US,D,20250730,000000,22.899,23.17,22.55,22.97,84302,0
BLOX.US,D,20250731,000000,23.06,23.3017,22.76,22.97,89767,0
BLOX.US,D,20250801,000000,21.7,21.9072,21,21.21,152190,0
BLOX.US,D,20250804,000000,21.51,22,21.3279,21.67,65309,0
BLOX.US,D,20250805,000000,21.705,21.79,21.06,21.3985,108874,0
BLOX.US,D,20250806,000000,21.3219,21.85,21.2,21.75,67646,0
BLOX.US,D,20250807,000000,22.15,22.5999,21.95,22.09,78232,0
BLOX.US,D,20250808,000000,22.21,22.41,21.75,22.22,59489,0
BLOX.US,D,20250811,000000,22.5837,23.19,22.44,22.44,122236,0
BLOX.US,D,20250812,000000,22.89,23.0115,22.5252,22.88,73847,0
BLOX.US,D,20250813,000000,23.2398,23.4484,22.91,23.23,90126,0
BLOX.US,D,20250814,000000,22.5,23.17,22.33,22.97,75777,0
BLOX.US,D,20250815,000000,22.5408,22.79,22.1155,22.38,59289,0
BLOX.US,D,20250818,000000,22.11,22.6285,21.89,22.6,66890,0
BLOX.US,D,20250819,000000,22.48,22.48,21.2114,21.22,113254,0
BLOX.US,D,20250820,000000,21.38,21.65,20.6861,21.65,112313,0
BLOX.US,D,20250821,000000,21.335,21.5997,21.15,21.34,61088,0
BLOX.US,D,20250822,000000,21.054,22.52,20.9697,22.34,83681,0
BLOX.US,D,20250825,000000,21.78,21.97,21.41,21.63,107256,0
BLOX.US,D,20250826,000000,21.43,22.0648,21.4232,21.93,92684,0
BLOX.US,D,20250827,000000,22,22.21,21.8024,21.9383,70059,0
BLOX.US,D,20250828,000000,22.145,22.2597,21.93,21.98,86207,0
BLOX.US,D,20250829,000000,21.6899,21.7,21.19,21.41,81537,0
BLOX.US,D,20250902,000000,21.13,21.7599,20.91,21.47,612058,0
BLOX.US,D,20250903,000000,21.72,21.85,21.41,21.65,162022,0
BLOX.US,D,20250904,000000,21.525,21.61,21.07,21.18,202153,0
BLOX.US,D,20250905,000000,21.41,21.49,20.3601,21.04,203801,0
BLOX.US,D,20250908,000000,21.18,21.4699,21.065,21.36,256848,0
BLOX.US,D,20250909,000000,21.7,22.16,21.5,22.16,459688,0
BLOX.US,D,20250910,000000,22.4093,22.8619,22.372,22.41,119485,0
BLOX.US,D,20250911,000000,22.64,23.088,22.5175,22.87,180133,0
BLOX.US,D,20250912,000000,22.92,23.14,22.76,23.14,177863,0
BLOX.US,D,20250915,000000,23.07,23.36,22.94,23.34,219256,0
BLOX.US,D,20250916,000000,23.5017,23.815,23.11,23.77,156034,0
BLOX.US,D,20250917,000000,23.6,24.0372,23.29,23.85,209268,0
BLOX.US,D,20250918,000000,24.25,24.5899,24.0214,24.38,241831,0
BLOX.US,D,20250919,000000,24.05,24.33,23.93,24.12,215676,0
BLOX.US,D,20250922,000000,23.7,24.12,23.4259,23.9,338710,0
BLOX.US,D,20250923,000000,24.33,24.49,23.65,23.65,201109,0
BLOX.US,D,20250924,000000,24.1738,24.69,23.98,24.26,198543,0
BLOX.US,D,20250925,000000,23.48,23.67,22.524,22.97,481945,0
BLOX.US,D,20250926,000000,22.805,22.8385,22.1,22.65,308369,0
BLOX.US,D,20250929,000000,23.11,24.22,22.99,24.22,310552,0
BLOX.US,D,20250930,000000,24.08,24.44,23.97,24.31,232406,0
BLOX.US,D,20251001,000000,24.75,25,24.51,24.85,337822,0
BLOX.US,D,20251002,000000,25.3052,25.77,24.935,25.68,349011,0
BLOX.US,D,20251003,000000,25.65,26.47,25.4883,25.88,388573,0
BLOX.US,D,20251006,000000,26.75,27.0961,26.6,27.06,668032,0
BLOX.US,D,20251007,000000,27.26,27.3,25.85,26.68,620695,0
BLOX.US,D,20251008,000000,26.87,27.559,26.65,27.45,414801,0
BLOX.US,D,20251009,000000,27.45,27.56,26.77,27.56,589833,0
BLOX.US,D,20251010,000000,27.495,28,25.6,25.9,647316,0
BLOX.US,D,20251013,000000,26.15,26.61,25.85,26.61,475355,0
BLOX.US,D,20251014,000000,25.53,26.7006,25.1066,26.22,360153,0
BLOX.US,D,20251015,000000,26.47,26.66,25.76,26.27,368802,0
BLOX.US,D,20251016,000000,26.34,26.35,25.03,25.24,689136,0
BLOX.US,D,20251017,000000,24.34,24.7199,24.15,24.7,409287,0
BLOX.US,D,20251020,000000,25.475,26.05,25.31,25.7,522852,0
BLOX.US,D,20251021,000000,25.48,25.9299,25,25.34,597569,0
BLOX.US,D,20251022,000000,24.67,24.8,23.4092,23.59,685625,0
BLOX.US,D,20251023,000000,24.12,24.99,23.97,24.71,429310,0
BLOX.US,D,20251024,000000,25.28,25.89,25.2,25.89,402572,0
BLOX.US,D,20251027,000000,26.71,26.8793,26.39,26.5,500952,0
BLOX.US,D,20251028,000000,26.56,26.8999,26.11,26.24,441730,0
BLOX.US,D,20251029,000000,26.3,26.3491,25.36,26.01,538660,0
BLOX.US,D,20251030,000000,25.2,25.4932,24.6,24.6,518447,0
BLOX.US,D,20251031,000000,25.3,25.65,24.7297,25.23,351119,0
BLOX.US,D,20251103,000000,25.9,26.17,24.84,25.41,583363,0
BLOX.US,D,20251104,000000,24.275,25.26,23.51,23.66,789087,0
BLOX.US,D,20251105,000000,24.1,24.62,23.92,24.55,330453,0
