<TICKER>,<PER>,<DATE>,<TIME>,<OPEN>,<HIGH>,<LOW>,<CLOSE>,<VOL>,<OPENINT>
PRXG.US,D,20250415,000000,27.4,27.4,27.2099,27.2135,1366,0
PRXG.US,D,20250416,000000,26.715,26.8318,26.08,26.387,66284,0
PRXG.US,D,20250417,000000,26.57,26.58,26.41,26.41,2760,0
PRXG.US,D,20250421,000000,25.71,25.71,25.4576,25.6917,1371,0
PRXG.US,D,20250422,000000,26.4874,26.5,26.18,26.3959,2583,0
PRXG.US,D,20250423,000000,27.45,27.5199,27.0743,27.0743,819,0
PRXG.US,D,20250424,000000,27.3902,27.805,27.3902,27.8048,3770,0
PRXG.US,D,20250425,000000,27.988,28.23,27.818,28.1992,9150,0
PRXG.US,D,20250428,000000,28.16,28.1956,27.82,28.1956,8823,0
PRXG.US,D,20250429,000000,28.26,28.41,28.15,28.3643,13548,0
PRXG.US,D,20250430,000000,27.73,28.4068,27.73,28.4068,4511,0
PRXG.US,D,20250501,000000,29.1,29.1,28.7768,28.7768,322537,0
PRXG.US,D,20250502,000000,29.12,29.26,29.12,29.1511,461143,0
PRXG.US,D,20250505,000000,29.0299,29.0299,28.9786,28.9786,470,0
PRXG.US,D,20250506,000000,28.74,28.89,28.69,28.8073,1909,0
PRXG.US,D,20250507,000000,28.864,28.864,28.6284,28.8438,4396,0
PRXG.US,D,20250508,000000,29.2946,29.2946,29.0562,29.0562,374,0
PRXG.US,D,20250509,000000,29.2,29.2,29.0438,29.0438,7352,0
PRXG.US,D,20250512,000000,29.96,30.2169,29.9,30.2169,3608,0
PRXG.US,D,20250513,000000,30.654,30.83,30.654,30.7586,1016,0
PRXG.US,D,20250514,000000,30.826,30.9485,30.826,30.9485,1685,0
PRXG.US,D,20250515,000000,30.97,30.99,30.8949,30.8949,1795,0
PRXG.US,D,20250516,000000,30.96,31.1,30.9599,31.083,2216,0
PRXG.US,D,20250519,000000,31.0024,31.1045,31.0024,31.1045,1523,0
PRXG.US,D,20250520,000000,30.955,30.955,30.9489,30.9489,958,0
PRXG.US,D,20250521,000000,30.85,31.0231,30.443,30.523,2609,0
PRXG.US,D,20250527,000000,30.97,30.97,30.89,30.9689,1694,0
PRXG.US,D,20250528,000000,30.985,31.04,30.8684,30.8684,5096,0
PRXG.US,D,20250530,000000,30.93,30.9598,30.82,30.9598,5531,0
PRXG.US,D,20250602,000000,30.87,31.1092,30.87,31.1092,2019,0
PRXG.US,D,20250603,000000,31.44,31.44,31.33,31.3666,3842,0
PRXG.US,D,20250604,000000,31.455,31.54,31.4335,31.4862,7245,0
PRXG.US,D,20250605,000000,31.62,31.73,31.18,31.2666,3445,0
PRXG.US,D,20250606,000000,31.68,31.6925,31.5995,31.5995,11041,0
PRXG.US,D,20250609,000000,31.58,31.67,31.57,31.5943,6271,0
PRXG.US,D,20250610,000000,31.68,31.815,31.54,31.78,10002,0
PRXG.US,D,20250611,000000,31.867,31.867,31.61,31.6303,3405,0
PRXG.US,D,20250612,000000,31.6278,31.76,31.6278,31.6837,4607,0
PRXG.US,D,20250613,000000,31.42,31.549,31.2531,31.2531,1868,0
PRXG.US,D,20250616,000000,31.74,31.77,31.65,31.6708,10374,0
PRXG.US,D,20250617,000000,31.58,31.64,31.4395,31.4395,1378,0
PRXG.US,D,20250618,000000,31.48,32.4,31.3978,31.3978,16128,0
PRXG.US,D,20250620,000000,31.38,31.38,31.135,31.25,9121,0
PRXG.US,D,20250623,000000,31.25,31.68,31.16,31.59,15288,0
PRXG.US,D,20250624,000000,31.92,32.08,31.89,32.03,7434,0
PRXG.US,D,20250625,000000,32.26,32.26,32.09,32.1104,4089,0
PRXG.US,D,20250626,000000,32.16,32.4102,32.16,32.4102,5285,0
PRXG.US,D,20250627,000000,32.58,32.64,32.35,32.5863,11860,0
PRXG.US,D,20250630,000000,32.7,32.8339,32.6401,32.8339,101946,0
PRXG.US,D,20250701,000000,32.75,32.75,32.4767,32.5,4679,0
PRXG.US,D,20250702,000000,32.58,32.717,32.58,32.717,1356,0
PRXG.US,D,20250703,000000,32.9168,33.12,32.9168,33.0642,6080,0
PRXG.US,D,20250707,000000,32.93,32.93,32.7676,32.8109,8897,0
PRXG.US,D,20250708,000000,32.87,32.87,32.7539,32.7539,28586,0
PRXG.US,D,20250709,000000,33.12,33.12,32.9553,33.0512,866,0
PRXG.US,D,20250710,000000,32.95,33.09,32.9439,33.0313,4185,0
PRXG.US,D,20250711,000000,32.93,33.07,32.93,32.9951,12336,0
PRXG.US,D,20250714,000000,32.945,33.13,32.945,33.1,17163,0
PRXG.US,D,20250715,000000,33.36,33.36,33.1,33.1,7272,0
PRXG.US,D,20250716,000000,33.15,33.2238,33.05,33.2238,22509,0
PRXG.US,D,20250717,000000,33.27,33.49,33.27,33.404,11227,0
PRXG.US,D,20250718,000000,33.48,33.48,33.3824,33.4338,4528,0
PRXG.US,D,20250721,000000,33.58,33.792,33.58,33.73,4030,0
PRXG.US,D,20250722,000000,33.351,33.45,33.34,33.42,6922,0
PRXG.US,D,20250723,000000,33.44,33.76,33.44,33.5709,3511,0
PRXG.US,D,20250724,000000,33.6602,33.765,33.655,33.7454,3598,0
PRXG.US,D,20250725,000000,33.86,33.93,33.86,33.9252,4912,0
PRXG.US,D,20250728,000000,34.03,34.07,33.9634,33.9938,4291,0
PRXG.US,D,20250729,000000,34.09,34.18,33.86,33.86,4175,0
PRXG.US,D,20250730,000000,33.9786,34.02,33.82,33.8858,15596,0
PRXG.US,D,20250731,000000,34.398,34.4001,33.9318,33.9318,5894,0
PRXG.US,D,20250801,000000,33.26,33.65,33.1453,33.2215,43033,0
PRXG.US,D,20250804,000000,33.77,33.82,33.71,33.8174,6096,0
PRXG.US,D,20250805,000000,33.745,33.745,33.514,33.5148,640,0
PRXG.US,D,20250806,000000,33.96,33.96,33.9504,33.9504,484,0
PRXG.US,D,20250807,000000,34.0475,34.23,33.75,33.8875,7382,0
PRXG.US,D,20250808,000000,34.133,34.2106,34.1183,34.187,1294,0
PRXG.US,D,20250811,000000,34.2746,34.35,34.0681,34.0681,1518,0
PRXG.US,D,20250812,000000,34.34,34.4643,34.33,34.4643,1606,0
PRXG.US,D,20250813,000000,34.6,34.6,34.43,34.4734,5740,0
PRXG.US,D,20250814,000000,34.46,34.57,34.46,34.5571,5988,0
PRXG.US,D,20250815,000000,34.53,34.53,34.4228,34.4228,6631,0
PRXG.US,D,20250818,000000,34.41,34.49,34.3784,34.4825,3277,0
PRXG.US,D,20250819,000000,34.29,34.29,33.991,33.991,3492,0
PRXG.US,D,20250820,000000,33.87,33.96,33.48,33.8269,2306,0
PRXG.US,D,20250821,000000,33.73,33.79,33.55,33.69,2615,0
PRXG.US,D,20250822,000000,33.7599,34.27,33.7599,34.1953,1818,0
PRXG.US,D,20250825,000000,34.16,34.32,34.16,34.181,863,0
PRXG.US,D,20250826,000000,34.22,34.3269,34.15,34.3269,2837,0
PRXG.US,D,20250827,000000,34.4,34.431,34.37,34.431,1250,0
PRXG.US,D,20250828,000000,34.457,34.6482,34.457,34.6482,2412,0
PRXG.US,D,20250829,000000,34.46,34.46,34.2057,34.2057,604,0
PRXG.US,D,20250902,000000,33.88,33.9505,33.85,33.9505,2059,0
PRXG.US,D,20250903,000000,34.2,34.39,34.2,34.3026,12007,0
PRXG.US,D,20250904,000000,34.49,34.6275,34.49,34.6275,11353,0
PRXG.US,D,20250905,000000,34.4976,34.57,34.35,34.5077,4777,0
PRXG.US,D,20250908,000000,34.865,34.8699,34.754,34.7863,2309,0
PRXG.US,D,20250909,000000,34.78,34.8766,34.7535,34.8766,7527,0
PRXG.US,D,20250910,000000,35.01,35.06,34.81,34.8696,4804,0
PRXG.US,D,20250911,000000,34.9,35.1,34.9,35.0826,4485,0
PRXG.US,D,20250912,000000,35.09,35.1771,35.09,35.1771,2359,0
PRXG.US,D,20250916,000000,35.4825,35.49,35.4624,35.4624,1276,0
PRXG.US,D,20250917,000000,35.278,35.36,35.1796,35.3015,1763,0
PRXG.US,D,20250918,000000,35.5875,35.64,35.5105,35.5105,1233,0
PRXG.US,D,20250919,000000,35.7157,35.8091,35.7157,35.8091,625,0
PRXG.US,D,20250922,000000,35.9302,36.09,35.93,36.0811,2844,0
PRXG.US,D,20250923,000000,35.9288,35.9288,35.63,35.6729,4532,0
PRXG.US,D,20250924,000000,35.67,35.7,35.52,35.55,11567,0
PRXG.US,D,20250925,000000,35.0915,35.45,35.0915,35.3553,107405,0
PRXG.US,D,20250926,000000,35.5017,35.56,35.2806,35.5193,34822,0
PRXG.US,D,20250929,000000,35.82,35.83,35.64,35.71,11119,0
PRXG.US,D,20250930,000000,35.57,35.875,35.57,35.8,23653,0
PRXG.US,D,20251001,000000,35.84,36.05,35.84,35.9995,14935,0
PRXG.US,D,20251002,000000,36.07,36.1,35.96,36.1,2390,0
PRXG.US,D,20251003,000000,36.15,36.1669,35.951,35.975,21305,0
PRXG.US,D,20251006,000000,36.12,36.27,36.12,36.234,5881,0
PRXG.US,D,20251007,000000,36.24,36.24,35.959,36.02,4769,0
PRXG.US,D,20251008,000000,36.26,36.3745,36.26,36.3745,2687,0
PRXG.US,D,20251009,000000,36.33,36.34,36.23,36.3364,3042,0
PRXG.US,D,20251010,000000,36.47,36.47,35.1713,35.1713,6987,0
PRXG.US,D,20251013,000000,35.7,35.89,35.61,35.8449,4371,0
PRXG.US,D,20251014,000000,35.435,35.74,35.435,35.5252,4817,0
PRXG.US,D,20251015,000000,35.7799,35.7799,35.47,35.6761,2463,0
PRXG.US,D,20251016,000000,35.872,35.872,35.37,35.5537,13583,0
PRXG.US,D,20251017,000000,35.41,35.8,35.41,35.7565,5903,0
PRXG.US,D,20251020,000000,36.015,36.25,36.015,36.16,15568,0
PRXG.US,D,20251021,000000,36.091,36.25,36.08,36.2103,4575,0
PRXG.US,D,20251022,000000,36.15,36.15,35.625,35.9161,5223,0
PRXG.US,D,20251023,000000,36.06,36.2114,36.03,36.2114,1670,0
PRXG.US,D,20251024,000000,36.52,37.45,36.52,36.6363,4861,0
PRXG.US,D,20251027,000000,37.0525,37.2232,37.02,37.2232,7348,0
PRXG.US,D,20251028,000000,37.415,37.6248,37.31,37.5206,15899,0
PRXG.US,D,20251029,000000,37.7,37.78,37.47,37.639,20064,0
PRXG.US,D,20251030,000000,37.37,37.4099,37.1364,37.1364,13352,0
PRXG.US,D,20251031,000000,37.6,37.6,37.2,37.3377,66446,0
PRXG.US,D,20251103,000000,37.4493,37.67,37.4405,37.48,6139,0
PRXG.US,D,20251104,000000,37.03,37.23,36.844,36.85,10938,0
PRXG.US,D,20251105,000000,36.754,37.17,36.754,36.96,9829,0
