<TICKER>,<PER>,<DATE>,<TIME>,<OPEN>,<HIGH>,<LOW>,<CLOSE>,<VOL>,<OPENINT>
TCPB.US,D,20250224,000000,50.5,50.5,50.5,50.5,153,0
TCPB.US,D,20250225,000000,50.74,50.74,50.725,50.725,600,0
TCPB.US,D,20250226,000000,50.74,50.835,50.74,50.835,220,0
TCPB.US,D,20250228,000000,50.83,50.8664,50.81,50.8664,514,0
TCPB.US,D,20250303,000000,50.94,50.996,50.9158,50.996,719,0
TCPB.US,D,20250304,000000,51.07,51.07,50.885,50.885,239,0
TCPB.US,D,20250305,000000,50.81,50.83,50.74,50.74,40500,0
TCPB.US,D,20250306,000000,50.615,50.66,50.615,50.6522,1622,0
TCPB.US,D,20250307,000000,50.8,50.8,50.6195,50.6195,101,0
TCPB.US,D,20250310,000000,50.855,50.86,50.8227,50.8227,1136,0
TCPB.US,D,20250311,000000,50.76,50.76,50.665,50.665,1264,0
TCPB.US,D,20250313,000000,50.52,50.69,50.52,50.6636,4608,0
TCPB.US,D,20250319,000000,50.71,50.8551,50.7099,50.8551,341,0
TCPB.US,D,20250325,000000,50.6692,50.6796,50.6657,50.6657,1007,0
TCPB.US,D,20250326,000000,50.59,50.5953,50.59,50.5953,40000,0
TCPB.US,D,20250328,000000,50.63,50.67,50.607,50.6455,2612,0
TCPB.US,D,20250401,000000,50.925,50.925,50.8604,50.8604,426,0
TCPB.US,D,20250402,000000,50.9696,50.9696,50.82,50.8681,1831,0
TCPB.US,D,20250403,000000,51.1,51.16,51.1,51.105,1238,0
TCPB.US,D,20250404,000000,51.34,51.34,51.1438,51.1438,652,0
TCPB.US,D,20250407,000000,50.588,50.588,50.5195,50.5195,503,0
TCPB.US,D,20250408,000000,50.48,50.48,49.97,50.1091,42861,0
TCPB.US,D,20250409,000000,50.13,50.2942,50.03,50.2942,1095,0
TCPB.US,D,20250415,000000,50.112,50.1519,50.112,50.1519,102,0
TCPB.US,D,20250416,000000,50.2599,50.2925,50.2,50.2925,1487,0
TCPB.US,D,20250417,000000,50.2022,50.22,50.2022,50.22,429,0
TCPB.US,D,20250421,000000,50.11,50.25,49.98,49.98,4332065,0
TCPB.US,D,20250422,000000,50.08,50.125,50.05,50.0784,13820,0
TCPB.US,D,20250423,000000,50.36,50.36,50.13,50.1484,8906,0
TCPB.US,D,20250424,000000,50.35,50.4199,50.34,50.415,6724,0
TCPB.US,D,20250425,000000,50.55,50.63,50.5201,50.625,8503,0
TCPB.US,D,20250428,000000,50.6816,50.78,50.6816,50.775,7007,0
TCPB.US,D,20250429,000000,50.73,50.82,50.73,50.81,4754,0
TCPB.US,D,20250430,000000,50.73,50.83,50.706,50.83,29300,0
TCPB.US,D,20250501,000000,50.66,50.67,50.5601,50.6327,8204,0
TCPB.US,D,20250502,000000,50.48,50.49,50.3875,50.42,4617,0
TCPB.US,D,20250505,000000,50.29,50.3199,50.25,50.3185,5025,0
TCPB.US,D,20250506,000000,50.27,50.46,50.27,50.435,13487,0
TCPB.US,D,20250507,000000,50.34,50.63,50.34,50.5224,31699,0
TCPB.US,D,20250508,000000,50.46,50.46,50.2738,50.2738,11620,0
TCPB.US,D,20250509,000000,50.315,50.51,50.265,50.265,7492,0
TCPB.US,D,20250512,000000,50.22,50.26,50.135,50.135,5434,0
TCPB.US,D,20250513,000000,50.1,50.26,49.97,50.0145,24985,0
TCPB.US,D,20250514,000000,50.0062,50.0195,49.9077,49.9077,6604,0
TCPB.US,D,20250515,000000,50.1,50.19,50.0976,50.1536,31590,0
TCPB.US,D,20250516,000000,50.25,50.27,50.22,50.225,5135,0
TCPB.US,D,20250519,000000,49.9801,50.26,49.97,50.2047,9214,0
TCPB.US,D,20250520,000000,50.07,50.25,50.07,50.1356,17045,0
TCPB.US,D,20250521,000000,50.01,50.09,49.8001,49.81,28969,0
TCPB.US,D,20250522,000000,49.75,49.95,49.73,49.889,10031,0
TCPB.US,D,20250523,000000,49.9101,50.09,49.84,49.9648,12177,0
TCPB.US,D,20250527,000000,50.1501,50.23,50.04,50.22,7521,0
TCPB.US,D,20250528,000000,50.0997,50.21,50.03,50.1104,37103,0
TCPB.US,D,20250529,000000,50.02,50.18,50.02,50.0678,9254,0
TCPB.US,D,20250530,000000,50.1693,50.38,50.13,50.1923,8367,0
TCPB.US,D,20250602,000000,50.12,50.42,50.04,50.105,9666,0
TCPB.US,D,20250603,000000,50.17,50.17,50.04,50.0596,9398,0
TCPB.US,D,20250604,000000,50.2,50.52,50.2,50.335,36253,0
TCPB.US,D,20250605,000000,50.4108,50.4108,50.2687,50.2745,9467,0
TCPB.US,D,20250606,000000,50.07,50.1197,50.0015,50.01,6747,0
TCPB.US,D,20250609,000000,50.02,50.07,49.98,50.03,8333,0
TCPB.US,D,20250610,000000,50.1765,50.19,50.14,50.17,10968,0
TCPB.US,D,20250611,000000,50.25,50.36,50.25,50.325,32183,0
TCPB.US,D,20250612,000000,50.4599,50.54,50.4501,50.5196,12846,0
TCPB.US,D,20250613,000000,50.39,50.41,50.305,50.365,7740,0
TCPB.US,D,20250616,000000,50.31,50.41,50.2682,50.2682,11010,0
TCPB.US,D,20250617,000000,50.31,50.3888,50.25,50.3778,9512,0
TCPB.US,D,20250618,000000,50.5,50.54,50.29,50.39,63322,0
TCPB.US,D,20250620,000000,50.3765,50.51,50.3765,50.4704,9040,0
TCPB.US,D,20250623,000000,50.617,50.75,50.57,50.61,9243,0
TCPB.US,D,20250624,000000,50.61,50.85,50.61,50.79,9627,0
TCPB.US,D,20250625,000000,50.661,50.83,50.66,50.7903,33191,0
TCPB.US,D,20250626,000000,50.761,51,50.76,50.927,7135,0
TCPB.US,D,20250627,000000,50.74,50.83,50.63,50.6775,7725,0
TCPB.US,D,20250630,000000,50.69,50.92,50.67,50.84,10270,0
TCPB.US,D,20250701,000000,50.82,50.86,50.8,50.835,29757,0
TCPB.US,D,20250702,000000,50.65,50.84,50.65,50.7576,8211,0
TCPB.US,D,20250703,000000,50.65,50.78,50.65,50.655,9558,0
TCPB.US,D,20250707,000000,50.55,50.61,50.45,50.45,9786,0
TCPB.US,D,20250708,000000,50.4,50.56,50.3586,50.49,4882,0
TCPB.US,D,20250709,000000,50.48,50.62,50.48,50.618,31573,0
TCPB.US,D,20250710,000000,50.5869,50.7399,50.5842,50.64,7883,0
TCPB.US,D,20250711,000000,50.51,50.57,50.4333,50.455,5188,0
TCPB.US,D,20250714,000000,50.45,50.505,50.3869,50.4349,6301,0
TCPB.US,D,20250715,000000,50.41,50.42,50.275,50.295,11755,0
TCPB.US,D,20250716,000000,50.3201,50.45,50.2502,50.335,31422,0
TCPB.US,D,20250717,000000,50.4363,50.5599,50.36,50.3912,7822,0
TCPB.US,D,20250718,000000,50.4669,50.6,50.4651,50.475,7505,0
TCPB.US,D,20250721,000000,50.7,50.82,50.5401,50.6608,9404,0
TCPB.US,D,20250722,000000,50.77,50.88,50.72,50.7656,12234,0
TCPB.US,D,20250723,000000,50.64,50.75,50.57,50.63,32303,0
TCPB.US,D,20250724,000000,50.58,50.64,50.53,50.5555,3583,0
TCPB.US,D,20250725,000000,50.57,50.68,50.5401,50.6561,9542,0
TCPB.US,D,20250728,000000,50.6004,50.665,50.5875,50.6024,3466,0
TCPB.US,D,20250729,000000,50.77,50.84,50.735,50.815,8512,0
TCPB.US,D,20250730,000000,50.5621,50.85,50.5,50.85,38256,0
TCPB.US,D,20250731,000000,50.59,50.62,50.505,50.5199,5673,0
TCPB.US,D,20250801,000000,50.82,50.91,50.7935,50.9002,4919,0
TCPB.US,D,20250804,000000,50.95,51.13,50.93,51.0017,6538,0
TCPB.US,D,20250805,000000,50.97,51.13,50.9606,51.025,8158,0
TCPB.US,D,20250806,000000,51,51.13,50.93,50.985,31008,0
TCPB.US,D,20250807,000000,51.05,51.14,50.97,50.995,9057,0
TCPB.US,D,20250808,000000,50.91,50.995,50.865,50.89,8281,0
TCPB.US,D,20250811,000000,50.92,51.07,50.89,50.94,9287,0
TCPB.US,D,20250812,000000,50.855,51.01,50.855,50.9,13825,0
TCPB.US,D,20250813,000000,51.04,51.18,51.04,51.055,28988,0
TCPB.US,D,20250814,000000,51.04,51.16,50.9301,50.9691,4728,0
TCPB.US,D,20250815,000000,50.9065,50.9187,50.8444,50.8537,4356,0
TCPB.US,D,20250818,000000,50.833,50.91,50.81,50.82,6835,0
TCPB.US,D,20250819,000000,50.86,51,50.85,50.86,13031,0
TCPB.US,D,20250820,000000,50.915,51.07,50.87,50.91,39987,0
TCPB.US,D,20250821,000000,50.85,50.99,50.8,50.835,11643,0
TCPB.US,D,20250822,000000,51.02,51.19,50.96,51.065,11956,0
TCPB.US,D,20250825,000000,51.0001,51.205,51.0001,51.07,32454,0
TCPB.US,D,20250826,000000,50.98,51.13,50.9707,51.075,9847,0
TCPB.US,D,20250827,000000,51.07,51.16,51.0201,51.1438,9702,0
TCPB.US,D,20250828,000000,50.965,51.04,50.955,51.0099,7713,0
TCPB.US,D,20250829,000000,50.96,51.21,50.937,51.0006,11530,0
TCPB.US,D,20250902,000000,50.88,50.9594,50.77,50.8601,10280,0
TCPB.US,D,20250903,000000,51.01,51.05,50.9601,51,37859,0
TCPB.US,D,20250904,000000,51.13,51.2035,51.05,51.2035,8711,0
TCPB.US,D,20250905,000000,51.48,51.54,51.4475,51.46,8166,0
TCPB.US,D,20250908,000000,51.5705,51.73,51.56,51.64,7870,0
TCPB.US,D,20250909,000000,51.59,51.7,51.5275,51.56,11817,0
TCPB.US,D,20250910,000000,51.61,51.76,51.56,51.65,30910,0
TCPB.US,D,20250911,000000,51.82,52.16,51.82,52.16,17403,0
TCPB.US,D,20250912,000000,51.7235,51.79,51.6909,51.785,7625,0
TCPB.US,D,20250915,000000,51.84,51.86,51.79,51.86,7213,0
TCPB.US,D,20250916,000000,51.9,52.22,51.8716,52.17,12644,0
TCPB.US,D,20250917,000000,51.89,51.97,51.7971,51.7971,32390,0
TCPB.US,D,20250918,000000,51.61,51.75,51.61,51.6762,8133,0
TCPB.US,D,20250919,000000,51.69,51.79,51.6378,51.675,8290,0
TCPB.US,D,20250922,000000,51.61,51.6537,51.58,51.5998,442927,0
TCPB.US,D,20250923,000000,51.6,51.73,51.586,51.68,8699,0
TCPB.US,D,20250924,000000,51.629,51.67,51.6175,51.665,11375,0
TCPB.US,D,20250925,000000,51.49,51.615,51.4876,51.595,9210,0
TCPB.US,D,20250926,000000,51.5559,51.595,51.5005,51.57,5038,0
TCPB.US,D,20250929,000000,51.46,51.5066,51.41,51.475,6966,0
TCPB.US,D,20250930,000000,51.54,51.61,51.4775,51.4911,8920,0
TCPB.US,D,20251001,000000,51.58,51.61,51.5304,51.59,6036,0
TCPB.US,D,20251002,000000,51.59,51.69,51.55,51.6609,12228,0
TCPB.US,D,20251003,000000,51.66,51.66,51.57,51.5902,4778,0
TCPB.US,D,20251006,000000,51.52,51.58,51.37,51.4799,5306,0
TCPB.US,D,20251007,000000,51.54,51.58,51.41,51.5503,8274,0
TCPB.US,D,20251008,000000,51.66,51.74,51.59,51.62,10061,0
TCPB.US,D,20251009,000000,51.53,51.6,51.478,51.53,9161,0
TCPB.US,D,20251010,000000,51.601,51.95,51.59,51.95,18261,0
TCPB.US,D,20251013,000000,51.75,51.875,51.6903,51.785,4997,0
TCPB.US,D,20251014,000000,51.79,51.9425,51.74,51.88,5598,0
TCPB.US,D,20251015,000000,51.925,52.24,51.83,51.859,20820,0
TCPB.US,D,20251016,000000,51.811,52.13,51.811,51.9953,9126,0
TCPB.US,D,20251017,000000,51.98,52.088,51.9215,52.04,7027,0
TCPB.US,D,20251020,000000,52.03,52.06,51.991,52.0461,7128,0
TCPB.US,D,20251021,000000,52.16,52.2499,52.1,52.1097,9548,0
TCPB.US,D,20251022,000000,52.089,52.12,52.025,52.1153,10502,0
TCPB.US,D,20251023,000000,52.08,52.13,51.9905,52.015,6537,0
TCPB.US,D,20251024,000000,52.05,52.09,52.01,52.0893,10874,0
TCPB.US,D,20251027,000000,52.0636,52.24,52.06,52.24,8329,0
TCPB.US,D,20251028,000000,52.14,52.2,52.14,52.18,18497,0
TCPB.US,D,20251029,000000,52.15,52.15,51.91,51.93,7130,0
TCPB.US,D,20251030,000000,51.56,51.6391,51.51,51.6276,8934,0
TCPB.US,D,20251031,000000,51.66,51.66,51.552,51.5582,9157,0
TCPB.US,D,20251103,000000,51.52,51.82,51.34,51.495,9908,0
TCPB.US,D,20251104,000000,51.58,51.62,51.52,51.54,11466,0
TCPB.US,D,20251105,000000,51.51,51.51,51.4011,51.43,6631,0
