<TICKER>,<PER>,<DATE>,<TIME>,<OPEN>,<HIGH>,<LOW>,<CLOSE>,<VOL>,<OPENINT>
TXXI.US,D,20250319,000000,49.87,49.98,49.81,49.9173,1579,0
TXXI.US,D,20250320,000000,50.04,50.04,49.935,49.935,542,0
TXXI.US,D,20250321,000000,50.06,50.07,50.0041,50.0041,1868,0
TXXI.US,D,20250324,000000,49.85,49.85,49.85,49.85,334,0
TXXI.US,D,20250325,000000,49.78,49.78,49.78,49.78,176,0
TXXI.US,D,20250327,000000,49.5899,49.5899,49.5495,49.5495,202,0
TXXI.US,D,20250401,000000,49.98,50.01,49.91,49.9335,5151,0
TXXI.US,D,20250407,000000,49.4475,49.4475,49.2729,49.2729,551,0
TXXI.US,D,20250408,000000,48.645,48.7498,48.645,48.7498,122,0
TXXI.US,D,20250409,000000,48.6044,49.17,48.6044,49.0524,2099,0
TXXI.US,D,20250410,000000,49.29,49.29,48.7599,48.7599,714,0
TXXI.US,D,20250414,000000,49.1,49.11,48.9434,48.9434,565,0
TXXI.US,D,20250421,000000,49.02,49.37,49.02,49.02,537,0
TXXI.US,D,20250422,000000,48.92,49.0017,48.92,49.0017,125,0
TXXI.US,D,20250428,000000,49.49,49.5128,49.49,49.5128,177,0
TXXI.US,D,20250502,000000,49.3,49.3903,49.3,49.3903,194,0
TXXI.US,D,20250505,000000,49.33,49.33,49.323,49.323,284,0
TXXI.US,D,20250512,000000,49.36,49.45,49.36,49.4039,323,0
TXXI.US,D,20250515,000000,49.35,49.506,49.35,49.494,328,0
TXXI.US,D,20250520,000000,49.43,49.46,49.4052,49.4052,319,0
TXXI.US,D,20250521,000000,49.28,49.28,49.2309,49.2309,460,0
TXXI.US,D,20250527,000000,49.35,49.374,49.35,49.374,202,0
TXXI.US,D,20250528,000000,49.31,49.3329,49.31,49.3329,188,0
TXXI.US,D,20250602,000000,49.1,49.27,49.0694,49.0694,631,0
TXXI.US,D,20250609,000000,49.15,49.15,49.1236,49.1236,2584,0
TXXI.US,D,20250612,000000,49.35,49.3645,49.26,49.3645,693,0
TXXI.US,D,20250616,000000,49.35,49.35,49.3342,49.3342,102,0
TXXI.US,D,20250620,000000,49.305,49.3158,49.265,49.3158,643,0
TXXI.US,D,20250626,000000,49.475,49.52,49.475,49.4859,901,0
TXXI.US,D,20250627,000000,49.46,49.4661,49.46,49.4661,6365,0
TXXI.US,D,20250630,000000,49.55,49.55,49.5254,49.5254,2319,0
TXXI.US,D,20250701,000000,49.36,49.4081,49.36,49.4081,115,0
TXXI.US,D,20250703,000000,49.37,49.37,49.3675,49.3675,387,0
TXXI.US,D,20250707,000000,49.54,49.54,49.3,49.3425,6095,0
TXXI.US,D,20250708,000000,49.3568,49.37,49.34,49.3406,1006,0
TXXI.US,D,20250711,000000,49.32,49.32,49.261,49.261,617,0
TXXI.US,D,20250716,000000,49.14,49.18,49.0804,49.0804,3290,0
TXXI.US,D,20250717,000000,49.08,49.08,48.99,49.005,1013,0
TXXI.US,D,20250718,000000,49.01,49.08,49.01,49.0421,43089,0
TXXI.US,D,20250722,000000,49.19,49.19,49.1607,49.1607,318,0
TXXI.US,D,20250723,000000,49.17,49.17,49.1391,49.1391,539,0
TXXI.US,D,20250724,000000,49.11,49.121,49.11,49.121,456,0
TXXI.US,D,20250725,000000,49.08,49.153,49.08,49.153,1354,0
TXXI.US,D,20250728,000000,49.2,49.23,49.175,49.23,4962,0
TXXI.US,D,20250730,000000,49.29,49.29,49.1787,49.1787,2091,0
TXXI.US,D,20250801,000000,49.36,49.36,49.35,49.36,730,0
TXXI.US,D,20250804,000000,49.32,49.39,49.32,49.3541,336,0
TXXI.US,D,20250806,000000,49.32,49.39,49.32,49.3358,2329,0
TXXI.US,D,20250807,000000,49.35,49.41,49.3268,49.3348,511,0
TXXI.US,D,20250808,000000,49.3,49.31,49.24,49.285,796,0
TXXI.US,D,20250811,000000,49.4,49.42,49.37,49.37,1685,0
TXXI.US,D,20250812,000000,49.31,49.37,49.31,49.3569,968,0
TXXI.US,D,20250813,000000,49.4,49.41,49.3648,49.3648,2020,0
TXXI.US,D,20250815,000000,49.277,49.32,49.2615,49.2775,973,0
TXXI.US,D,20250818,000000,49.34,49.34,49.285,49.285,1381,0
TXXI.US,D,20250821,000000,49.27,49.29,49.22,49.265,1099,0
TXXI.US,D,20250822,000000,49.44,49.44,49.395,49.395,2071,0
TXXI.US,D,20250825,000000,49.39,49.45,49.39,49.45,710,0
TXXI.US,D,20250826,000000,49.44,49.44,49.435,49.435,159,0
TXXI.US,D,20250827,000000,49.52,49.52,49.5074,49.5074,2009,0
TXXI.US,D,20250828,000000,49.51,49.51,49.5053,49.5053,673,0
TXXI.US,D,20250829,000000,49.49,49.5,49.49,49.4929,1911,0
TXXI.US,D,20250903,000000,49.32,49.44,49.32,49.379,3701,0
TXXI.US,D,20250904,000000,49.4697,49.48,49.4697,49.4763,489,0
TXXI.US,D,20250908,000000,49.89,50.0045,49.88,50.0045,2155,0
TXXI.US,D,20250911,000000,50.33,50.3503,50.27,50.3503,1089,0
TXXI.US,D,20250915,000000,50.39,50.41,50.3554,50.3554,1214,0
TXXI.US,D,20250916,000000,50.39,50.46,50.37,50.392,1372,0
TXXI.US,D,20250917,000000,50.505,50.55,50.47,50.47,1640,0
TXXI.US,D,20250918,000000,50.355,50.47,50.355,50.4367,3108,0
TXXI.US,D,20250919,000000,50.39,50.49,50.3835,50.3937,4268,0
TXXI.US,D,20250922,000000,50.38,50.44,50.335,50.44,4301,0
TXXI.US,D,20250923,000000,50.44,50.44,50.375,50.375,1463,0
TXXI.US,D,20250924,000000,50.3,50.42,50.3,50.3358,2203,0
TXXI.US,D,20250925,000000,50.3271,50.33,50.3229,50.3229,440,0
TXXI.US,D,20250926,000000,50.38,50.38,50.3372,50.36,6648,0
TXXI.US,D,20250929,000000,50.36,50.37,50.35,50.37,802,0
TXXI.US,D,20251001,000000,50.3089,50.34,50.2976,50.2986,2441,0
TXXI.US,D,20251007,000000,50.39,50.41,50.3834,50.3834,1415,0
TXXI.US,D,20251008,000000,50.405,50.45,50.37,50.3812,577,0
TXXI.US,D,20251010,000000,50.48,50.5151,50.48,50.5151,4886,0
TXXI.US,D,20251013,000000,50.669,50.669,50.5944,50.5944,249,0
TXXI.US,D,20251014,000000,50.61,50.66,50.61,50.65,4770,0
TXXI.US,D,20251015,000000,50.61,50.64,50.61,50.615,1275,0
TXXI.US,D,20251016,000000,50.688,50.78,50.68,50.745,3068,0
TXXI.US,D,20251020,000000,50.81,50.85,50.795,50.85,4412,0
TXXI.US,D,20251022,000000,50.8799,50.88,50.83,50.846,6798,0
TXXI.US,D,20251023,000000,50.81,51,50.81,50.8953,27892,0
TXXI.US,D,20251024,000000,50.91,50.91,50.8589,50.8589,596,0
TXXI.US,D,20251027,000000,50.91,51.1,50.87,51.1,15463,0
TXXI.US,D,20251028,000000,50.82,50.94,50.82,50.935,8088,0
TXXI.US,D,20251029,000000,50.81,50.8101,50.8043,50.8043,1031,0
TXXI.US,D,20251031,000000,50.86,50.86,50.8002,50.8002,421,0
TXXI.US,D,20251103,000000,50.615,50.66,50.615,50.66,1285,0
TXXI.US,D,20251104,000000,50.69,50.71,50.68,50.68,1244,0
