<TICKER>,<PER>,<DATE>,<TIME>,<OPEN>,<HIGH>,<LOW>,<CLOSE>,<VOL>,<OPENINT>
VWAV.US,D,20250716,000000,3.09,3.69,2.5181,3.52,516953,0
VWAV.US,D,20250717,000000,3.1,3.78,2.816,3.04,1654888,0
VWAV.US,D,20250718,000000,3.03,3.2489,2.82,2.9,184012,0
VWAV.US,D,20250721,000000,2.8,2.8476,2.38,2.435,261121,0
VWAV.US,D,20250722,000000,2.5,2.5,2.15,2.39,318859,0
VWAV.US,D,20250723,000000,2.25,2.435,2.17,2.38,399240,0
VWAV.US,D,20250724,000000,2.3,2.37,2.2101,2.3,138683,0
VWAV.US,D,20250725,000000,2.08,2.45,2.0607,2.35,227789,0
VWAV.US,D,20250728,000000,4.1,12.59,3.28,11,254749756,0
VWAV.US,D,20250729,000000,7.15,8.1,6.85,7.73,7992894,0
VWAV.US,D,20250730,000000,6.87,11.86,6.5,8.28,32309062,0
VWAV.US,D,20250731,000000,9.35,10.27,7.8,8.09,3943847,0
VWAV.US,D,20250801,000000,7.83,8.5586,7.57,7.84,898601,0
VWAV.US,D,20250804,000000,7.89,8.29,7.154,7.25,613418,0
VWAV.US,D,20250805,000000,7.35,7.7485,6.6,7.2,763497,0
VWAV.US,D,20250806,000000,7.11,7.6,7.11,7.17,326626,0
VWAV.US,D,20250807,000000,7.2,7.6775,6.8,7.27,445701,0
VWAV.US,D,20250808,000000,7.32,7.3488,6.9,6.9,132649,0
VWAV.US,D,20250811,000000,6.88,6.99,6.55,6.55,186514,0
VWAV.US,D,20250812,000000,6.52,7.39,6.5,7.25,243373,0
VWAV.US,D,20250813,000000,7.35,7.85,6.9,7.05,269465,0
VWAV.US,D,20250814,000000,7.08,7.42,7,7.2,123084,0
VWAV.US,D,20250815,000000,7.58,7.58,7,7.32,165201,0
VWAV.US,D,20250818,000000,7.27,7.54,7.11,7.44,47215,0
VWAV.US,D,20250819,000000,7.52,9.28,7.52,8.81,1549404,0
VWAV.US,D,20250820,000000,8.99,9.2376,8.25,9.15,369443,0
VWAV.US,D,20250821,000000,9.43,11,8.51,9.07,1087496,0
VWAV.US,D,20250822,000000,9.18,9.3,8.26,8.47,332622,0
VWAV.US,D,20250825,000000,8.67,10.039,8.65,9.76,513512,0
VWAV.US,D,20250826,000000,9.85,9.9599,9.11,9.38,458320,0
VWAV.US,D,20250827,000000,9.59,9.95,9.05,9.27,270151,0
VWAV.US,D,20250828,000000,9.3,9.5,8.7501,9.02,170761,0
VWAV.US,D,20250829,000000,9.05,9.75,8.96,9.58,217381,0
VWAV.US,D,20250902,000000,9,9.41,8.56,9.09,186192,0
VWAV.US,D,20250903,000000,9.43,10.49,9.3242,9.55,536491,0
VWAV.US,D,20250904,000000,9.64,10.9199,9.6,10.71,331224,0
VWAV.US,D,20250905,000000,11,11.11,9.8726,10.05,288824,0
VWAV.US,D,20250908,000000,10.05,11.49,9.65,11.44,403008,0
VWAV.US,D,20250909,000000,11.23,11.3785,10.5644,10.84,254924,0
VWAV.US,D,20250910,000000,10.86,11.47,10.56,10.77,225519,0
VWAV.US,D,20250911,000000,10.58,10.62,9.8875,10.31,203482,0
VWAV.US,D,20250912,000000,10.31,11.05,9.85,10.92,224174,0
VWAV.US,D,20250915,000000,11.4,11.7399,11,11.09,364422,0
VWAV.US,D,20250916,000000,11,11.39,11,11.14,90636,0
VWAV.US,D,20250917,000000,11.03,11.25,10.66,10.69,125814,0
VWAV.US,D,20250918,000000,10.49,11.49,10.25,11.265,206554,0
VWAV.US,D,20250919,000000,11.36,11.36,10.55,10.58,395128,0
VWAV.US,D,20250922,000000,10.55,10.69,9.2,9.43,278296,0
VWAV.US,D,20250923,000000,10.3,10.6763,9.3001,9.48,346608,0
VWAV.US,D,20250924,000000,9.48,9.76,9.02,9.13,161469,0
VWAV.US,D,20250925,000000,9.04,9.205,8.81,9.02,96299,0
VWAV.US,D,20250926,000000,9.1,9.55,9.011,9.55,116242,0
VWAV.US,D,20250929,000000,9.64,10.25,9.55,9.86,135150,0
VWAV.US,D,20250930,000000,9.82,10.4895,9.44,9.53,122579,0
VWAV.US,D,20251001,000000,9.34,9.89,9.21,9.245,77467,0
VWAV.US,D,20251002,000000,9.4,10.2,8.65,9.195,297985,0
VWAV.US,D,20251003,000000,9.28,9.4097,8.6,8.82,188670,0
VWAV.US,D,20251006,000000,8.96,9,7.92,8.29,267283,0
VWAV.US,D,20251007,000000,8.3,8.4588,7.665,7.72,205367,0
VWAV.US,D,20251008,000000,7.72,8.9,7.72,8.79,214124,0
VWAV.US,D,20251009,000000,8.79,10.28,8.79,9.99,347743,0
VWAV.US,D,20251010,000000,10.1,10.3999,9.26,9.89,294866,0
VWAV.US,D,20251013,000000,10.06,10.71,9.65,10.21,227489,0
VWAV.US,D,20251014,000000,10.29,11.78,9.86,11.17,432324,0
VWAV.US,D,20251015,000000,11.58,11.8,10.61,10.74,202941,0
VWAV.US,D,20251016,000000,10.76,12,10.76,11.91,343841,0
VWAV.US,D,20251017,000000,11.91,12.85,11.1496,12.765,629741,0
VWAV.US,D,20251020,000000,13.225,13.35,12.62,13.06,388356,0
VWAV.US,D,20251021,000000,13.35,13.49,12.16,12.625,280564,0
VWAV.US,D,20251022,000000,12.5,13.8599,12.2,13.65,565320,0
VWAV.US,D,20251023,000000,13.59,13.8,12.9,13.43,288974,0
VWAV.US,D,20251024,000000,13.52,14,11.25,11.46,581062,0
VWAV.US,D,20251027,000000,12,13.9,11.46,13.63,721213,0
VWAV.US,D,20251028,000000,13.78,14.05,13,13.39,330596,0
VWAV.US,D,20251029,000000,13.41,13.41,12.26,12.67,377078,0
VWAV.US,D,20251030,000000,12.66,12.795,10.67,11.32,320887,0
VWAV.US,D,20251031,000000,11.83,13.4,11.5638,13.27,432080,0
VWAV.US,D,20251103,000000,12.87,12.9042,11.84,11.84,241510,0
VWAV.US,D,20251104,000000,11.32,11.48,9.28,9.62,381850,0
VWAV.US,D,20251105,000000,10.01,11.2,9.112,11.08,333383,0
