<TICKER>,<PER>,<DATE>,<TIME>,<OPEN>,<HIGH>,<LOW>,<CLOSE>,<VOL>,<OPENINT>
VWAVW.US,D,20250716,000000,0.12,0.12,0.06,0.083,145257,0
VWAVW.US,D,20250717,000000,0.1075,0.1075,0.078,0.083,167047,0
VWAVW.US,D,20250718,000000,0.0976,0.0976,0.071,0.071,85867,0
VWAVW.US,D,20250721,000000,0.071,0.076501,0.066,0.066,45948,0
VWAVW.US,D,20250722,000000,0.0755,0.0786,0.066,0.0786,1730,0
VWAVW.US,D,20250723,000000,0.072,0.0775,0.07,0.0775,2262,0
VWAVW.US,D,20250724,000000,0.075,0.08,0.0701,0.0701,28699,0
VWAVW.US,D,20250725,000000,0.0798,0.0799,0.075,0.0797,8751,0
VWAVW.US,D,20250728,000000,0.1003,0.48,0.1,0.385,4755934,0
VWAVW.US,D,20250729,000000,0.34,0.34,0.212,0.2537,665474,0
VWAVW.US,D,20250730,000000,0.207,0.3852,0.1701,0.255,926120,0
VWAVW.US,D,20250731,000000,0.299,0.321999,0.225,0.2762,245455,0
VWAVW.US,D,20250801,000000,0.2885,0.2885,0.1899,0.1899,547663,0
VWAVW.US,D,20250804,000000,0.2,0.2,0.1702,0.1868,120247,0
VWAVW.US,D,20250805,000000,0.175,0.1899,0.168,0.1749,49076,0
VWAVW.US,D,20250806,000000,0.175,0.1888,0.1699,0.1725,56755,0
VWAVW.US,D,20250807,000000,0.1849,0.1849,0.1402,0.169,185708,0
VWAVW.US,D,20250808,000000,0.1535,0.168,0.1464,0.158749,43965,0
VWAVW.US,D,20250811,000000,0.1579,0.1679,0.1485,0.163,43064,0
VWAVW.US,D,20250812,000000,0.16,0.172,0.1304,0.164999,159153,0
VWAVW.US,D,20250813,000000,0.1696,0.172,0.1501,0.154403,71943,0
VWAVW.US,D,20250814,000000,0.1596,0.1736,0.1426,0.16,77485,0
VWAVW.US,D,20250815,000000,0.151,0.2222,0.15,0.1897,266851,0
VWAVW.US,D,20250818,000000,0.17,0.2637,0.17,0.21,301505,0
VWAVW.US,D,20250819,000000,0.2222,0.288,0.2222,0.2601,358532,0
VWAVW.US,D,20250820,000000,0.279,0.309999,0.201,0.2315,189067,0
VWAVW.US,D,20250821,000000,0.2569,0.3,0.2,0.223,613240,0
VWAVW.US,D,20250822,000000,0.2446,0.2448,0.183,0.1901,99832,0
VWAVW.US,D,20250825,000000,0.1925,0.2246,0.185,0.21,104656,0
VWAVW.US,D,20250826,000000,0.2101,0.2244,0.2,0.213,147201,0
VWAVW.US,D,20250827,000000,0.285,0.285,0.2121,0.2323,74483,0
VWAVW.US,D,20250828,000000,0.2165,0.2231,0.1925,0.2096,124154,0
VWAVW.US,D,20250829,000000,0.1999,0.2259,0.186,0.2,60364,0
VWAVW.US,D,20250902,000000,0.2,0.21,0.185,0.205,88781,0
VWAVW.US,D,20250903,000000,0.209,0.259,0.2058,0.2498,173244,0
VWAVW.US,D,20250904,000000,0.26,0.29,0.2581,0.2799,184565,0
VWAVW.US,D,20250905,000000,0.311,0.35,0.3,0.34,376934,0
VWAVW.US,D,20250908,000000,0.35,0.3995,0.31,0.3899,270755,0
VWAVW.US,D,20250909,000000,0.422,0.48,0.391,0.4653,200039,0
VWAVW.US,D,20250910,000000,0.5,0.5275,0.4513,0.4689,165242,0
VWAVW.US,D,20250911,000000,0.421,0.449899,0.375,0.4475,126663,0
VWAVW.US,D,20250912,000000,0.42,0.4488,0.4026,0.4299,55787,0
VWAVW.US,D,20250915,000000,0.7125,0.7125,0.430101,0.4795,54983,0
VWAVW.US,D,20250916,000000,0.5,0.535,0.4513,0.53,55080,0
VWAVW.US,D,20250917,000000,0.53,0.5359,0.486001,0.486001,20853,0
VWAVW.US,D,20250918,000000,0.49,0.55,0.489999,0.5305,65151,0
VWAVW.US,D,20250919,000000,0.6,0.647,0.53,0.6175,79229,0
VWAVW.US,D,20250922,000000,0.62,0.625001,0.49,0.5,127597,0
VWAVW.US,D,20250923,000000,0.5,0.59,0.4801,0.49,36659,0
VWAVW.US,D,20250924,000000,0.538751,0.538751,0.3901,0.46,72573,0
VWAVW.US,D,20250925,000000,0.4621,0.4621,0.42,0.42,27266,0
VWAVW.US,D,20250926,000000,0.4304,0.46,0.42,0.4461,28520,0
VWAVW.US,D,20250929,000000,0.45,0.52,0.45,0.48,37775,0
VWAVW.US,D,20250930,000000,0.477,0.509999,0.38,0.4113,141975,0
VWAVW.US,D,20251001,000000,0.449,0.449,0.3953,0.4,13992,0
VWAVW.US,D,20251002,000000,0.41,0.4399,0.38,0.43,56067,0
VWAVW.US,D,20251003,000000,0.439899,0.44,0.38,0.4,108201,0
VWAVW.US,D,20251006,000000,0.3999,0.3999,0.315,0.349,85165,0
VWAVW.US,D,20251007,000000,0.3579,0.3579,0.315,0.34,89429,0
VWAVW.US,D,20251008,000000,0.32,0.4042,0.32,0.384399,39127,0
VWAVW.US,D,20251009,000000,0.448,0.482,0.38,0.4202,459530,0
VWAVW.US,D,20251010,000000,0.46,0.4998,0.4108,0.43,142679,0
VWAVW.US,D,20251013,000000,0.467,0.57,0.41,0.57,158002,0
VWAVW.US,D,20251014,000000,0.61,0.68,0.599999,0.6599,124293,0
VWAVW.US,D,20251015,000000,0.68,0.68,0.600001,0.62,34309,0
VWAVW.US,D,20251016,000000,0.64,0.7,0.61,0.7,71551,0
VWAVW.US,D,20251017,000000,0.7,1.32,0.64,1.11,238729,0
VWAVW.US,D,20251020,000000,1.6,1.71,1.3286,1.47,344407,0
VWAVW.US,D,20251021,000000,1.7,1.75,1,1.27,284444,0
VWAVW.US,D,20251022,000000,1.2,2.19,1.17,2.05,340728,0
VWAVW.US,D,20251023,000000,2.23,2.42,1.85,2.1,103523,0
VWAVW.US,D,20251024,000000,2.2,2.49,1.07,1.69,184286,0
VWAVW.US,D,20251027,000000,1.79,2.33,1.4,2.18,260562,0
VWAVW.US,D,20251028,000000,2.3,2.3,1.82,1.8701,119409,0
VWAVW.US,D,20251029,000000,1.9319,1.9319,1.37,1.57,174184,0
VWAVW.US,D,20251030,000000,1.5,1.63,1.24,1.36,90498,0
VWAVW.US,D,20251031,000000,1.35,1.79,1.2201,1.79,78119,0
VWAVW.US,D,20251103,000000,1.81,1.81,1.35,1.45,36568,0
VWAVW.US,D,20251104,000000,1.31,1.47,1.1,1.23,144403,0
VWAVW.US,D,20251105,000000,1.25,1.46,1.12,1.37,207937,0
