<TICKER>,<PER>,<DATE>,<TIME>,<OPEN>,<HIGH>,<LOW>,<CLOSE>,<VOL>,<OPENINT>
IDEF.US,D,20250522,000000,27.41,27.41,25.0899,25.2012,43635,0
IDEF.US,D,20250523,000000,25.05,25.525,24.97,25.2441,50481,0
IDEF.US,D,20250527,000000,26.39,26.58,25.74,25.9687,47403,0
IDEF.US,D,20250528,000000,26.09,26.13,25.89,25.9057,29997,0
IDEF.US,D,20250529,000000,26.07,26.07,25.7,25.8633,14588,0
IDEF.US,D,20250530,000000,25.835,26.015,25.765,26.015,9377,0
IDEF.US,D,20250602,000000,26.12,26.2299,25.88,26.223,9063,0
IDEF.US,D,20250603,000000,26.5,26.5263,26.27,26.5263,13487,0
IDEF.US,D,20250604,000000,26.73,26.73,26.5,26.6291,14666,0
IDEF.US,D,20250605,000000,26.75,26.84,26.5713,26.5713,26053,0
IDEF.US,D,20250606,000000,27.51,27.51,26.62,26.7954,19396,0
IDEF.US,D,20250609,000000,26.8,26.86,26.68,26.81,15552,0
IDEF.US,D,20250610,000000,26.95,26.95,26.474,26.474,30828,0
IDEF.US,D,20250611,000000,26.4,26.69,26.22,26.5881,9770,0
IDEF.US,D,20250612,000000,26.81,26.82,26.72,26.7951,13498,0
IDEF.US,D,20250613,000000,26.91,27.08,26.7402,26.91,48333,0
IDEF.US,D,20250616,000000,27.25,27.33,27.07,27.1,21844,0
IDEF.US,D,20250617,000000,27.06,27.1585,26.9462,26.99,22607,0
IDEF.US,D,20250618,000000,27.38,27.38,26.91,26.97,23131,0
IDEF.US,D,20250620,000000,26.85,27.09,26.85,26.93,11173,0
IDEF.US,D,20250623,000000,26.94,27.2399,26.86,27.23,32761,0
IDEF.US,D,20250624,000000,27.26,27.45,27.0232,27.19,34207,0
IDEF.US,D,20250625,000000,27.28,27.3295,27.202,27.27,12625,0
IDEF.US,D,20250626,000000,27.53,28.22,27.53,27.8994,14340,0
IDEF.US,D,20250627,000000,27.96,28.12,27.835,27.97,22827,0
IDEF.US,D,20250630,000000,28.18,28.28,28.05,28.26,28479,0
IDEF.US,D,20250701,000000,28.2,28.2,27.75,27.81,24033,0
IDEF.US,D,20250702,000000,27.75,27.82,27.525,27.82,11307,0
IDEF.US,D,20250703,000000,27.82,28.04,27.806,28.04,11865,0
IDEF.US,D,20250707,000000,28.09,28.13,27.94,28.07,68956,0
IDEF.US,D,20250708,000000,28.22,28.22,27.9,28.1,20295,0
IDEF.US,D,20250709,000000,28.16,28.34,28.05,28.34,38138,0
IDEF.US,D,20250710,000000,28.34,28.35,28.08,28.21,28162,0
IDEF.US,D,20250711,000000,28.18,28.2056,28.0539,28.18,14006,0
IDEF.US,D,20250714,000000,28.26,28.68,28.26,28.68,58985,0
IDEF.US,D,20250715,000000,28.74,28.74,28.48,28.48,20573,0
IDEF.US,D,20250716,000000,28.53,28.6737,28.39,28.6737,17807,0
IDEF.US,D,20250717,000000,28.72,29.0506,28.72,29.0228,22569,0
IDEF.US,D,20250718,000000,29.1,29.555,28.93,29.0238,32160,0
IDEF.US,D,20250721,000000,29.17,29.199,28.85,28.8771,16728,0
IDEF.US,D,20250722,000000,28.74,28.74,28.351,28.6715,12727,0
IDEF.US,D,20250723,000000,28.78,29.16,28.76,29.1148,7228,0
IDEF.US,D,20250724,000000,29.11,29.215,29.01,29.0281,18683,0
IDEF.US,D,20250725,000000,29.03,29.12,28.89,29.075,18460,0
IDEF.US,D,20250728,000000,29.08,29.08,28.62,28.6911,19302,0
IDEF.US,D,20250729,000000,28.96,28.9619,28.73,28.745,20370,0
IDEF.US,D,20250730,000000,28.73,28.89,28.68,28.8094,52074,0
IDEF.US,D,20250731,000000,28.87,29.06,28.8,28.8466,29266,0
IDEF.US,D,20250801,000000,28.45,28.71,28.22,28.6708,49457,0
IDEF.US,D,20250804,000000,28.95,29.1595,28.94,29.133,14522,0
IDEF.US,D,20250805,000000,29.44,29.5724,29.31,29.4107,22139,0
IDEF.US,D,20250806,000000,29.46,29.67,29.3455,29.6016,25276,0
IDEF.US,D,20250807,000000,29.6,29.6,29.13,29.3136,17627,0
IDEF.US,D,20250808,000000,29.37,29.39,29.1193,29.1193,14104,0
IDEF.US,D,20250811,000000,29.12,29.12,28.8983,28.8983,14971,0
IDEF.US,D,20250812,000000,29.09,29.37,29.0444,29.345,6818,0
IDEF.US,D,20250813,000000,29.49,29.59,29.1401,29.3797,12565,0
IDEF.US,D,20250814,000000,29.35,29.41,29.13,29.2641,11589,0
IDEF.US,D,20250815,000000,29.25,29.25,28.8701,29.075,12678,0
IDEF.US,D,20250818,000000,29.17,29.24,29.0812,29.195,8285,0
IDEF.US,D,20250819,000000,29.05,29.05,28.345,28.3927,16845,0
IDEF.US,D,20250820,000000,28.31,28.3191,28.0101,28.3189,18515,0
IDEF.US,D,20250821,000000,28.46,28.5026,28.2596,28.4663,9688,0
IDEF.US,D,20250822,000000,28.78,29.1,28.715,28.93,12432,0
IDEF.US,D,20250825,000000,29.02,29.04,28.8753,28.8753,10149,0
IDEF.US,D,20250826,000000,28.79,29.2007,28.79,29.185,5622,0
IDEF.US,D,20250827,000000,29.23,29.23,29.0969,29.1542,5661,0
IDEF.US,D,20250828,000000,29.16,29.366,29.16,29.325,4792,0
IDEF.US,D,20250829,000000,29.31,29.31,29.09,29.1486,5124,0
IDEF.US,D,20250902,000000,28.93,29.19,28.775,29.1291,8128,0
IDEF.US,D,20250903,000000,29.22,29.22,28.8945,29.03,28955,0
IDEF.US,D,20250904,000000,29.03,29.105,28.92,29.105,7617,0
IDEF.US,D,20250905,000000,29.33,29.33,28.835,29.1851,26941,0
IDEF.US,D,20250908,000000,29.28,29.6,29.28,29.5308,12839,0
IDEF.US,D,20250909,000000,29.3,29.42,29.1401,29.3231,15376,0
IDEF.US,D,20250910,000000,29.53,29.73,29.43,29.7156,13859,0
IDEF.US,D,20250911,000000,30.04,30.37,29.99,30.25,11146,0
IDEF.US,D,20250912,000000,30.2,30.31,30.1325,30.22,11234,0
IDEF.US,D,20250915,000000,30.33,30.6331,30.29,30.6,12162,0
IDEF.US,D,20250916,000000,30.62,30.7,30.53,30.6071,16164,0
IDEF.US,D,20250917,000000,30.57,30.57,30.35,30.39,14199,0
IDEF.US,D,20250918,000000,30.33,30.62,30.2005,30.57,12266,0
IDEF.US,D,20250919,000000,30.68,30.79,30.57,30.7393,10925,0
IDEF.US,D,20250922,000000,30.56,30.96,30.56,30.954,7337,0
IDEF.US,D,20250923,000000,30.97,31.14,30.89,31.0276,11944,0
IDEF.US,D,20250924,000000,31.28,31.28,30.9289,30.9289,22977,0
IDEF.US,D,20250925,000000,30.87,30.9,30.5118,30.8156,15472,0
IDEF.US,D,20250926,000000,31,31.1,30.94,31.09,14333,0
IDEF.US,D,20250929,000000,31.56,31.57,31.3201,31.39,25773,0
IDEF.US,D,20250930,000000,31.44,31.795,31.44,31.795,15044,0
IDEF.US,D,20251001,000000,31.8,31.9,31.5115,31.84,17120,0
IDEF.US,D,20251002,000000,32,32.1,31.8319,32.055,22068,0
IDEF.US,D,20251003,000000,32.27,32.38,32.1,32.2124,23373,0
IDEF.US,D,20251006,000000,32.47,32.72,32.47,32.65,21689,0
IDEF.US,D,20251007,000000,32.61,32.7699,32.36,32.4952,23266,0
IDEF.US,D,20251008,000000,32.7534,32.86,32.71,32.84,19067,0
IDEF.US,D,20251009,000000,32.84,32.84,32.285,32.365,22548,0
IDEF.US,D,20251010,000000,32.3,32.3,31.29,31.44,25073,0
IDEF.US,D,20251013,000000,31.45,31.84,31.36,31.81,18303,0
IDEF.US,D,20251014,000000,31.53,32.07,31.39,31.8556,9010,0
IDEF.US,D,20251015,000000,32.12,32.2899,31.32,31.55,25900,0
IDEF.US,D,20251016,000000,31.78,31.78,31.2201,31.27,14149,0
IDEF.US,D,20251017,000000,31.1,31.1175,30.77,30.975,17861,0
IDEF.US,D,20251020,000000,31.22,31.73,31.22,31.705,23647,0
IDEF.US,D,20251021,000000,31.58,31.86,31.4379,31.7275,10148,0
IDEF.US,D,20251022,000000,31.77,31.864,31.23,31.4462,12249,0
IDEF.US,D,20251023,000000,31.8255,32.1752,31.8255,32.1752,10384,0
IDEF.US,D,20251024,000000,32.41,32.41,32.292,32.3606,6724,0
IDEF.US,D,20251027,000000,32.74,32.74,32.424,32.5474,13287,0
IDEF.US,D,20251028,000000,32.68,32.728,32.475,32.4752,11441,0
IDEF.US,D,20251029,000000,32.42,32.61,32.2254,32.3809,10571,0
IDEF.US,D,20251030,000000,32.2335,32.48,32.155,32.155,11656,0
IDEF.US,D,20251031,000000,32.27,32.39,32.01,32.3042,18424,0
IDEF.US,D,20251103,000000,32.33,32.33,32.11,32.2987,10166,0
IDEF.US,D,20251104,000000,32,32,31.55,31.63,14101,0
IDEF.US,D,20251105,000000,31.41,31.41,31.06,31.29,6429,0
