<TICKER>,<PER>,<DATE>,<TIME>,<OPEN>,<HIGH>,<LOW>,<CLOSE>,<VOL>,<OPENINT>
MSDD.US,D,20250610,000000,24.93,25.1373,24.8,25.1373,224,0
MSDD.US,D,20250612,000000,25.849,26.6047,25.17,26.6047,580,0
MSDD.US,D,20250613,000000,27.45,27.45,26.2506,26.2506,703,0
MSDD.US,D,20250616,000000,26.64,26.8,26.2577,26.2577,1490,0
MSDD.US,D,20250620,000000,28.06,28.06,27.9482,27.9482,494,0
MSDD.US,D,20250624,000000,26.11,26.9348,26.11,26.9348,1368,0
MSDD.US,D,20250625,000000,26,26,25.21,25.21,781,0
MSDD.US,D,20250627,000000,25.75,25.75,25.709,25.709,284,0
MSDD.US,D,20250630,000000,22.76,23.1575,22.76,23.1575,219,0
MSDD.US,D,20250701,000000,26.32,26.5636,26.32,26.5636,324,0
MSDD.US,D,20250702,000000,25.09,25.1,22.5736,22.5736,1678,0
MSDD.US,D,20250703,000000,22.47,22.47,22.3919,22.3919,3120,0
MSDD.US,D,20250707,000000,22.45,23.1006,22.45,23.1006,1290,0
MSDD.US,D,20250708,000000,23.06,23.34,22.99,23.0196,2753,0
MSDD.US,D,20250711,000000,19,19.86,18.779,19.02,10723,0
MSDD.US,D,20250714,000000,17.5571,18.28,17.519,17.519,3851,0
MSDD.US,D,20250715,000000,18.23,18.2445,17.28,18.2445,3844,0
MSDD.US,D,20250716,000000,17.77,17.83,17.1322,17.1322,1397,0
MSDD.US,D,20250717,000000,17.64,17.64,17.29,17.4356,1658,0
MSDD.US,D,20250718,000000,17.645,19.6407,17.59,19.6407,2079,0
MSDD.US,D,20250721,000000,18.83,19.3944,18.46,19.3944,1067,0
MSDD.US,D,20250722,000000,19.39,20.1501,19.12,19.3063,3641,0
MSDD.US,D,20250723,000000,20.06,20.94,20.06,20.6881,1630,0
MSDD.US,D,20250724,000000,21,21,20.23,20.3934,1198,0
MSDD.US,D,20250725,000000,20.96,21.61,20.96,21.2527,532,0
MSDD.US,D,20250729,000000,22.13,22.939,22.04,22.4453,1611,0
MSDD.US,D,20250730,000000,22.5999,22.5999,22.445,22.445,583,0
MSDD.US,D,20250731,000000,21.08,21.6037,21.08,21.6037,3747,0
MSDD.US,D,20250801,000000,24,25.477,24,25.477,1796,0
MSDD.US,D,20250804,000000,22.88,22.88,22.3366,22.3366,494,0
MSDD.US,D,20250805,000000,23.93,24.13,23.72,23.9449,8358,0
MSDD.US,D,20250806,000000,23.96,24.2,22.9456,22.9456,3512,0
MSDD.US,D,20250807,000000,22.58,22.58,20.21,20.72,9364,0
MSDD.US,D,20250808,000000,21,21.92,20.17,21.4822,6847,0
MSDD.US,D,20250811,000000,20.9,20.9,20.35,20.8553,1282,0
MSDD.US,D,20250812,000000,21.22,21.5388,21.22,21.5388,140,0
MSDD.US,D,20250813,000000,21.58,22.0113,21.58,22.0113,229,0
MSDD.US,D,20250814,000000,23.305,24.47,23.161,23.9155,2650,0
MSDD.US,D,20250815,000000,24.7,25.49,24.465,24.7007,5183,0
MSDD.US,D,20250818,000000,25.53,25.719,24.73,25.1263,5641,0
MSDD.US,D,20250819,000000,26.12,29.02,26.12,28.9227,11185,0
MSDD.US,D,20250820,000000,28.81,30.77,27.5679,27.5679,19075,0
MSDD.US,D,20250821,000000,28.09,28.6456,27.66,28.6456,2665,0
MSDD.US,D,20250822,000000,28.75,28.75,25.13,25.1614,5336,0
MSDD.US,D,20250825,000000,27.19,27.585,26.325,27.2654,4540,0
MSDD.US,D,20250826,000000,27,27.1028,25.9753,25.9753,2900,0
MSDD.US,D,20250827,000000,26.38,27.2427,26.2,27.2427,2868,0
MSDD.US,D,20250828,000000,27.05,28.05,27.05,27.7779,7504,0
MSDD.US,D,20250829,000000,28.54,28.58,28.02,28.4211,10091,0
MSDD.US,D,20250902,000000,28.57,28.57,26.1,27.3224,14175,0
MSDD.US,D,20250903,000000,27.21,29.004,27.06,29.004,7813,0
MSDD.US,D,20250904,000000,30.45,31.25,29.6417,29.6417,22373,0
MSDD.US,D,20250905,000000,28.09,30.66,27.96,28.0343,9897,0
MSDD.US,D,20250908,000000,29.88,30.37,28.701,29.0008,12153,0
MSDD.US,D,20250909,000000,28.86,29.94,28.86,29.2786,8820,0
MSDD.US,D,20250910,000000,27.7,29.89,27.7,29.6136,3019,0
MSDD.US,D,20250911,000000,29.949,30.09,29.15,29.6613,6142,0
MSDD.US,D,20250912,000000,28.94,28.94,28.01,28.6589,12716,0
MSDD.US,D,20250915,000000,28.795,30.1727,28.7004,29.3719,4755,0
MSDD.US,D,20250916,000000,29.541,29.69,28.0038,28.0038,800,0
MSDD.US,D,20250917,000000,27.92,28.897,27.92,28.897,3605,0
MSDD.US,D,20250918,000000,25.71,25.823,24.4,25.4375,16099,0
MSDD.US,D,20250919,000000,25.8,26.859,25.61,26.1472,8576,0
MSDD.US,D,20250922,000000,27.36,27.53,26.83,27.4117,10488,0
MSDD.US,D,20250923,000000,27.09,28.6978,27.09,28.6978,9110,0
MSDD.US,D,20250924,000000,27.93,29.5249,27.51,29.5249,4751,0
MSDD.US,D,20250925,000000,32.5,35.32,31.8,33.7922,32622,0
MSDD.US,D,20250926,000000,33.76,34.15,31.62,31.8337,33179,0
MSDD.US,D,20250929,000000,31.33,31.33,28.02,28.2555,23830,0
MSDD.US,D,20250930,000000,28.85,29.91,28.793432,28.9051,16619,0
MSDD.US,D,20251001,000000,25.811,26.92,25.185,26.0424,13903,0
MSDD.US,D,20251002,000000,24.13,25.44,23.88,23.9016,19412,0
MSDD.US,D,20251003,000000,24.025,24.75,23.5565,23.9635,14122,0
MSDD.US,D,20251006,000000,23.16,23.5,22.9051,22.9051,13357,0
MSDD.US,D,20251007,000000,24.21,26.7428,24.21,26.7428,22704,0
MSDD.US,D,20251008,000000,26.4,27.83,25.97,26.4982,14196,0
MSDD.US,D,20251009,000000,27.41,28.395,27.3505,28.1242,16589,0
MSDD.US,D,20251010,000000,28.2681,30.7534,27.83,30.7534,18816,0
MSDD.US,D,20251013,000000,30.73,30.73,28.625,28.7184,7729,0
MSDD.US,D,20251014,000000,31.135,31.38,29.5523,31.3126,9243,0
MSDD.US,D,20251015,000000,31.011,32.55,30.05,32.2008,8656,0
MSDD.US,D,20251016,000000,31.24,35.09,31.24,34.9956,33026,0
MSDD.US,D,20251017,000000,36.23,36.23,33,33.6,28614,0
MSDD.US,D,20251020,000000,31.041,32.4087,30.05,32.1631,18479,0
MSDD.US,D,20251021,000000,32.4257,32.86,30.73,30.8331,9097,0
MSDD.US,D,20251022,000000,32.4,35.169,31.925,35.0617,18736,0
MSDD.US,D,20251023,000000,34.87,35.2801,33.66,34.0673,9768,0
MSDD.US,D,20251024,000000,32.46,33.635,32.46,33.0065,2386,0
MSDD.US,D,20251027,000000,30.85,31.6439,30.85,31.6439,2069,0
MSDD.US,D,20251028,000000,31.47,33.9,31.25,33.8389,11721,0
MSDD.US,D,20251029,000000,34.7237,36.33,34.33,35.9104,13298,0
MSDD.US,D,20251030,000000,37.68,41.56,37.11,41.4304,39766,0
MSDD.US,D,20251031,000000,36.63,38.34,35.05,36.524,11068,0
MSDD.US,D,20251103,000000,36.69,39,36.69,38.0361,7768,0
MSDD.US,D,20251104,000000,40.83,43,40.4981,42.9358,13076,0
MSDD.US,D,20251105,000000,42.03,42.23,40.56,40.56,8026,0
