<TICKER>,<PER>,<DATE>,<TIME>,<OPEN>,<HIGH>,<LOW>,<CLOSE>,<VOL>,<OPENINT>
PALU.US,D,20250327,000000,22.38,22.38,20.85,20.9986,3512,0
PALU.US,D,20250328,000000,20.3501,20.5375,20.3501,20.5375,1362,0
PALU.US,D,20250331,000000,19.44,20.0904,19.2208,20.0904,2636,0
PALU.US,D,20250401,000000,19.49,20.1796,19.33,20.1796,3574,0
PALU.US,D,20250402,000000,20.405,20.6523,20.33,20.6523,988,0
PALU.US,D,20250403,000000,19,19.42,18.57,18.7249,7661,0
PALU.US,D,20250404,000000,17.0799,17.0799,16.061,16.061,2644,0
PALU.US,D,20250407,000000,14.82,16.46,14.82,15.7949,3272,0
PALU.US,D,20250408,000000,16.98,17.57,15.78,15.8053,4300,0
PALU.US,D,20250409,000000,16.8,20.0774,16.23,20.0774,3159,0
PALU.US,D,20250410,000000,19.5202,19.63,18.32,19.0049,1613,0
PALU.US,D,20250411,000000,18.02,18.9745,18.02,18.9745,939,0
PALU.US,D,20250414,000000,19.72,19.84,19.3252,19.3252,2487,0
PALU.US,D,20250415,000000,19.7698,20.43,19.7698,20.1318,19989,0
PALU.US,D,20250416,000000,19.62,20.0599,18.9,19.2338,2799,0
PALU.US,D,20250417,000000,19.24,19.24,18.67,18.7437,1766,0
PALU.US,D,20250421,000000,17.919,17.919,16.66,17.0332,5599,0
PALU.US,D,20250422,000000,17.35,18.125,17.35,17.8126,2918,0
PALU.US,D,20250423,000000,19.17,19.68,18.775,18.8417,11932,0
PALU.US,D,20250424,000000,19.7,20.569,19.699,20.5498,32369,0
PALU.US,D,20250425,000000,20.655,21.2066,20.53,21.205,7314,0
PALU.US,D,20250428,000000,21.549,21.8804,21.19,21.8108,6719,0
PALU.US,D,20250429,000000,22.36,23.14,22.36,23.0423,7787,0
PALU.US,D,20250430,000000,22,23.2,22,23.0881,5018,0
PALU.US,D,20250501,000000,23.4,23.4,22.9032,22.9032,5201,0
PALU.US,D,20250502,000000,23.95,24.139,23.2491,23.2491,4489,0
PALU.US,D,20250505,000000,22.67,23.959,22.67,23.3247,8689,0
PALU.US,D,20250506,000000,22.94,23.42,22.91,23.42,1549,0
PALU.US,D,20250507,000000,23.471,23.64,23.08,23.27,2577,0
PALU.US,D,20250508,000000,22.84,23.4156,22.77,23.4156,2157,0
PALU.US,D,20250509,000000,22.9768,22.9875,22.9768,22.9875,532,0
PALU.US,D,20250512,000000,24.28,24.54,23.7135,24.54,16541,0
PALU.US,D,20250513,000000,24.5,25.02,24.15,24.15,8535,0
PALU.US,D,20250514,000000,24.12,24.12,23.79,23.95,8707,0
PALU.US,D,20250515,000000,24.2,24.71,24.17,24.34,16359,0
PALU.US,D,20250516,000000,24.24,24.419,24.24,24.39,4360,0
PALU.US,D,20250519,000000,23.99,24.723,23.82,24.71,7262,0
PALU.US,D,20250520,000000,24.75,24.904,24.445,24.85,40253,0
PALU.US,D,20250521,000000,22.31,22.3572,21.02,21.35,207879,0
PALU.US,D,20250522,000000,21.7,22.89,21.7,22.55,69451,0
PALU.US,D,20250523,000000,21.99,22.835,21.88,22.7023,13644,0
PALU.US,D,20250527,000000,22.729,23.167,22.64,22.79,20351,0
PALU.US,D,20250528,000000,23.081,23.33,22.871,22.94,8029,0
PALU.US,D,20250529,000000,22.7,22.7,21.7301,22.38,19826,0
PALU.US,D,20250530,000000,22.74,24.0022,22.74,23.93,25514,0
PALU.US,D,20250602,000000,24.251,24.54,23.93,24.54,13364,0
PALU.US,D,20250603,000000,24.7,25.465,24.7,25.2,20634,0
PALU.US,D,20250604,000000,24.56,25.0872,24.23,24.39,13656,0
PALU.US,D,20250605,000000,24.46,25.7,24.46,25.16,15761,0
PALU.US,D,20250606,000000,25.64,25.89,25.55,25.76,6130,0
PALU.US,D,20250609,000000,25.73,25.73,24.83,24.83,18090,0
PALU.US,D,20250610,000000,24.975,25.0101,24.28,24.74,7666,0
PALU.US,D,20250611,000000,24.6438,25.02,24.35,24.35,12926,0
PALU.US,D,20250612,000000,24.795,25.6125,24.795,25.2,13041,0
PALU.US,D,20250613,000000,24.55,25.72,24.55,24.8,26662,0
PALU.US,D,20250616,000000,25.07,25.6422,25.07,25.35,10889,0
PALU.US,D,20250617,000000,25.28,26.4699,25.28,26.2879,13842,0
PALU.US,D,20250618,000000,26.22,26.22,25.7,25.7,4828,0
PALU.US,D,20250620,000000,26.06,26.06,25.22,25.52,6744,0
PALU.US,D,20250623,000000,24.9501,26.6,24.9501,26.51,10414,0
PALU.US,D,20250624,000000,26.73,26.73,25.89,26.01,27016,0
PALU.US,D,20250625,000000,26.31,26.7454,26.31,26.63,14644,0
PALU.US,D,20250626,000000,27.0825,27.219,25.95,26.18,15401,0
PALU.US,D,20250627,000000,26.18,26.185,25.2494,25.63,11990,0
PALU.US,D,20250630,000000,26.05,26.73,25.93,26.64,11239,0
PALU.US,D,20250701,000000,26.224,26.42,24.24,24.87,27039,0
PALU.US,D,20250702,000000,24.65,24.8699,24.2,24.74,9066,0
PALU.US,D,20250703,000000,24.9,26.11,24.9,25.87,16301,0
PALU.US,D,20250707,000000,25.46,25.79,25.32,25.79,6201,0
PALU.US,D,20250708,000000,25.83,26.4799,25.67,26.43,11989,0
PALU.US,D,20250709,000000,25.94,26.88,25.94,26.88,3936,0
PALU.US,D,20250710,000000,26.57,26.57,23.14,23.3,95091,0
PALU.US,D,20250711,000000,23.52,23.52,21.99,22.14,147639,0
PALU.US,D,20250714,000000,22.01,23.034,21.87,22.93,40632,0
PALU.US,D,20250715,000000,22.96,23.515,22.8,23.2,33672,0
PALU.US,D,20250716,000000,23.32,23.52,22.851,23.3395,24386,0
PALU.US,D,20250717,000000,23.65,24.49,23.5654,24.195,71297,0
PALU.US,D,20250718,000000,24.22,24.27,23.8768,24.0208,16923,0
PALU.US,D,20250721,000000,24.03,25.8378,24,25.0654,35568,0
PALU.US,D,20250722,000000,25.06,25.21,24.19,24.3015,15567,0
PALU.US,D,20250723,000000,23.85,25.015,23.85,24.8583,9891,0
PALU.US,D,20250724,000000,25.06,25.3852,24.8204,25.3852,15346,0
PALU.US,D,20250725,000000,25.55,26.32,25.4095,25.8715,14513,0
PALU.US,D,20250728,000000,25.9,26.1999,25.775,26.1319,11354,0
PALU.US,D,20250729,000000,26.5,27.53,23.337,23.4047,112990,0
PALU.US,D,20250730,000000,20.26,21.559,19.3,20.8,517325,0
PALU.US,D,20250731,000000,20.75,21,18.51,18.6122,282280,0
PALU.US,D,20250801,000000,18.47,19.14,17.5601,18.4809,102553,0
PALU.US,D,20250804,000000,18.79,18.79,17.9,18.0659,106161,0
PALU.US,D,20250805,000000,18.18,18.18,17.5,17.6553,77849,0
PALU.US,D,20250806,000000,17.65,18.5402,17.56,18.4493,81705,0
PALU.US,D,20250807,000000,18.54,18.54,16.81,17.41,193751,0
PALU.US,D,20250808,000000,17.67,17.83,17.11,17.1844,96463,0
PALU.US,D,20250811,000000,17.25,17.96,17.05,17.4093,106025,0
PALU.US,D,20250812,000000,18.06,18.94,17.95,18.94,164619,0
PALU.US,D,20250813,000000,19.99,19.99,18.98,19.2517,244384,0
PALU.US,D,20250814,000000,19.3,19.4,18.4559,18.4929,106189,0
PALU.US,D,20250815,000000,18.58,19.27,18.58,19.23,73406,0
PALU.US,D,20250818,000000,19.45,19.45,18.7107,19.09,550501,0
PALU.US,D,20250819,000000,21.45,21.75,19.98,20.22,461701,0
PALU.US,D,20250820,000000,20.19,21.46,20.15,20.77,220016,0
PALU.US,D,20250821,000000,20.66,20.66,19.82,20.56,149531,0
PALU.US,D,20250822,000000,20.53,21.37,20.521,21.07,90038,0
PALU.US,D,20250825,000000,20.82,21.01,20.3273,20.74,78299,0
PALU.US,D,20250826,000000,20.72,21.191,20.7,20.7,35317,0
PALU.US,D,20250827,000000,21.05,21.51,20.8704,21.48,60486,0
PALU.US,D,20250828,000000,21.35,22.33,21.35,22.2289,40882,0
PALU.US,D,20250829,000000,22.22,22.6,21.97,22.0751,77678,0
PALU.US,D,20250902,000000,21.39,22.3,21.24,22.1116,48645,0
PALU.US,D,20250903,000000,21.64,22.44,21.6,22.34,48657,0
PALU.US,D,20250904,000000,22.0239,22.92,21.74,22.54,25461,0
PALU.US,D,20250905,000000,22.8,23.28,22.33,22.9172,49298,0
PALU.US,D,20250908,000000,23.02,23.74,23.02,23.67,49871,0
PALU.US,D,20250909,000000,23.68,23.75,23.25,23.7209,31956,0
PALU.US,D,20250910,000000,23.7,24.88,23.3101,23.6185,61212,0
PALU.US,D,20250911,000000,24.1,24.45,23.7101,23.891,35243,0
PALU.US,D,20250912,000000,23.7,24.205,23.3001,23.33,41475,0
PALU.US,D,20250915,000000,23.86,24.72,23.6511,24.5058,30390,0
PALU.US,D,20250916,000000,24.52,24.6827,23.9502,24.5739,30276,0
PALU.US,D,20250917,000000,24.8,25.3,24.4,25,47601,0
PALU.US,D,20250918,000000,25.33,25.85,25.33,25.59,27755,0
PALU.US,D,20250919,000000,25.7,26.2995,25.54,26.2193,36539,0
PALU.US,D,20250922,000000,25.97,26.53,25.67,26.1751,109357,0
PALU.US,D,20250923,000000,25.73,25.96,24.5281,24.7597,49281,0
PALU.US,D,20250924,000000,24.62,25.1,24.05,24.156,26821,0
PALU.US,D,20250925,000000,23.71,24.88,23.51,24.4938,44698,0
PALU.US,D,20250926,000000,24.41,24.62,24.2,24.5165,11920,0
PALU.US,D,20250929,000000,24.9,25.075,24.715,24.96,17936,0
PALU.US,D,20250930,000000,24.87,25.3799,24.44,24.8127,15225,0
PALU.US,D,20251001,000000,24.5,25.6708,24.45,25.6508,37358,0
PALU.US,D,20251002,000000,25.95,26.25,25.28,26.207,34698,0
PALU.US,D,20251003,000000,26.49,26.82,25.61,25.6491,33292,0
PALU.US,D,20251006,000000,26.16,27.28,26.16,27.0069,42226,0
PALU.US,D,20251007,000000,27.08,27.08,25.9,26.5798,21231,0
PALU.US,D,20251008,000000,27.0901,28.3,27.0901,28.2726,28635,0
PALU.US,D,20251009,000000,28.33,28.33,27.5,27.5524,16431,0
PALU.US,D,20251010,000000,27.99,28.05,25.8,25.8655,43017,0
PALU.US,D,20251013,000000,27.11,27.23,26.75,27.042,18931,0
PALU.US,D,20251014,000000,26,26.205,25.5496,25.5884,22662,0
PALU.US,D,20251015,000000,25.88,26.15,24.685,25.3356,18517,0
PALU.US,D,20251016,000000,26.07,26.11,24.88,25.0476,21291,0
PALU.US,D,20251017,000000,24.59,25.785,24.59,25.6434,13151,0
PALU.US,D,20251020,000000,26.17,26.73,26.17,26.67,22071,0
PALU.US,D,20251021,000000,26.91,27.3935,26.65,27.29,14632,0
PALU.US,D,20251022,000000,27.09,27.25,26.4216,26.7531,23367,0
PALU.US,D,20251023,000000,26.53,27.6906,26.53,27.3717,8314,0
PALU.US,D,20251024,000000,27.97,28.139,27.705,27.9175,21744,0
PALU.US,D,20251027,000000,28.46,28.87,28.2,28.6933,21762,0
PALU.US,D,20251028,000000,29.09,29.55,28.695,28.9935,20845,0
PALU.US,D,20251029,000000,27.82,28.4928,27.77,27.836,27275,0
PALU.US,D,20251030,000000,27.77,28.845,27.77,28.16,13383,0
PALU.US,D,20251031,000000,28.63,28.68,27.9909,28.6,8950,0
PALU.US,D,20251103,000000,28.5,28.5348,27.41,28.3198,18617,0
PALU.US,D,20251104,000000,27.5,28.01,26.78,27.1489,14452,0
PALU.US,D,20251105,000000,27.09,27.1715,26.68,26.74,13185,0
