<TICKER>,<PER>,<DATE>,<TIME>,<OPEN>,<HIGH>,<LOW>,<CLOSE>,<VOL>,<OPENINT>
PBQQ.US,D,20250110,000000,25.05,25.05,24.9293,24.9293,626,0
PBQQ.US,D,20250114,000000,24.95,24.95,24.907,24.907,197,0
PBQQ.US,D,20250124,000000,25.5,25.5,25.475,25.475,200,0
PBQQ.US,D,20250128,000000,25.3574,25.3574,25.3302,25.3302,504,0
PBQQ.US,D,20250129,000000,25.24,25.37,25.24,25.3121,524,0
PBQQ.US,D,20250204,000000,25.36,25.47,25.36,25.4193,643,0
PBQQ.US,D,20250205,000000,25.52,25.52,25.4634,25.4634,220,0
PBQQ.US,D,20250206,000000,25.5028,25.525,25.5028,25.525,272,0
PBQQ.US,D,20250210,000000,25.536,25.536,25.535,25.535,282,0
PBQQ.US,D,20250214,000000,25.76,25.76,25.7239,25.7239,160,0
PBQQ.US,D,20250218,000000,25.7464,25.77,25.7294,25.7294,683,0
PBQQ.US,D,20250219,000000,25.86,25.8799,25.725,25.7599,4430,0
PBQQ.US,D,20250220,000000,25.642,25.77,25.642,25.71,9954,0
PBQQ.US,D,20250221,000000,25.749,25.749,25.5165,25.5165,283,0
PBQQ.US,D,20250224,000000,25.45,25.5689,25.45,25.47,3294,0
PBQQ.US,D,20250225,000000,25.34,25.35,25.2928,25.2928,376,0
PBQQ.US,D,20250226,000000,25.43,25.43,25.293,25.293,802,0
PBQQ.US,D,20250227,000000,25.2,25.23,24.9435,24.9435,375,0
PBQQ.US,D,20250228,000000,25,25.1606,24.98,25.1606,1785,0
PBQQ.US,D,20250303,000000,24.94,24.94,24.8673,24.8673,809,0
PBQQ.US,D,20250305,000000,24.9,25.0287,24.9,25.0287,101,0
PBQQ.US,D,20250306,000000,24.88,24.88,24.6654,24.6654,300,0
PBQQ.US,D,20250307,000000,24.83,24.83,24.8031,24.8031,285,0
PBQQ.US,D,20250310,000000,24.38,24.38,24.2868,24.2868,506,0
PBQQ.US,D,20250312,000000,24.47,24.48,24.4302,24.4302,300,0
PBQQ.US,D,20250313,000000,24.18,24.33,24.18,24.1869,1527,0
PBQQ.US,D,20250314,000000,24.43,24.56,24.41,24.5242,347,0
PBQQ.US,D,20250320,000000,24.59,24.59,24.5383,24.5383,300,0
PBQQ.US,D,20250326,000000,24.72,24.72,24.6791,24.6791,146,0
PBQQ.US,D,20250327,000000,24.76,24.76,24.6171,24.6171,129,0
PBQQ.US,D,20250328,000000,24.6,24.6,24.3428,24.3428,731,0
PBQQ.US,D,20250331,000000,24.32,24.3585,24.32,24.3585,292,0
PBQQ.US,D,20250401,000000,24.47,24.47,24.4569,24.4569,200,0
PBQQ.US,D,20250403,000000,23.991,23.991,23.8365,23.8365,5520,0
PBQQ.US,D,20250404,000000,23.17,23.17,22.8168,22.8168,10234,0
PBQQ.US,D,20250407,000000,22.76,22.8607,22.76,22.8607,100,0
PBQQ.US,D,20250408,000000,23.27,23.27,22.4312,22.4312,10456,0
PBQQ.US,D,20250409,000000,24.12,24.12,24.05,24.11,2560,0
PBQQ.US,D,20250410,000000,23.59,23.59,23.4814,23.4814,100,0
PBQQ.US,D,20250411,000000,23.44,23.7931,23.44,23.7931,100,0
PBQQ.US,D,20250414,000000,24.08,24.09,23.89,23.9361,4500,0
PBQQ.US,D,20250415,000000,23.98,23.98,23.9539,23.9539,100,0
PBQQ.US,D,20250416,000000,23.72,23.7313,23.27,23.5229,1239,0
PBQQ.US,D,20250417,000000,23.49,23.64,23.49,23.5578,634,0
PBQQ.US,D,20250421,000000,23.17,23.2168,23.09,23.2168,1234,0
PBQQ.US,D,20250422,000000,23.6,23.6,23.5771,23.5771,201,0
PBQQ.US,D,20250423,000000,24.06,24.078,23.91,23.9168,2461,0
PBQQ.US,D,20250424,000000,24.18,24.368,24.18,24.368,1246,0
PBQQ.US,D,20250425,000000,24.3,24.445,24.28,24.445,27119,0
PBQQ.US,D,20250428,000000,24.32,24.4491,24.32,24.4491,529,0
PBQQ.US,D,20250429,000000,24.58,24.58,24.534,24.534,265,0
PBQQ.US,D,20250501,000000,24.83,24.83,24.7222,24.7222,200,0
PBQQ.US,D,20250502,000000,25,25,24.9132,24.9132,211,0
PBQQ.US,D,20250505,000000,24.8068,24.9,24.8068,24.8366,5304,0
PBQQ.US,D,20250507,000000,24.66,24.7469,24.66,24.7469,246,0
PBQQ.US,D,20250512,000000,25.48,25.48,25.4278,25.4278,350,0
PBQQ.US,D,20250514,000000,25.81,25.81,25.6989,25.6989,8070,0
PBQQ.US,D,20250515,000000,25.69,25.77,25.69,25.7131,1623,0
PBQQ.US,D,20250516,000000,25.76,25.84,25.76,25.79,5040,0
PBQQ.US,D,20250519,000000,25.57,25.87,25.57,25.8013,5875,0
PBQQ.US,D,20250520,000000,25.81,25.82,25.7586,25.7586,539,0
PBQQ.US,D,20250521,000000,25.63,25.6785,25.5876,25.5876,694,0
PBQQ.US,D,20250522,000000,25.6,25.7499,25.6,25.6002,500,0
PBQQ.US,D,20250523,000000,25.4504,25.4894,25.4504,25.4894,552,0
PBQQ.US,D,20250527,000000,25.68,25.82,25.68,25.8097,1529,0
PBQQ.US,D,20250528,000000,25.87,25.89,25.754,25.754,676,0
PBQQ.US,D,20250529,000000,25.85,25.85,25.7775,25.7775,179,0
PBQQ.US,D,20250602,000000,25.87,25.95,25.81,25.8788,941,0
PBQQ.US,D,20250603,000000,25.8925,26.07,25.8925,25.9997,5158,0
PBQQ.US,D,20250605,000000,26.05,26.05,25.9101,25.9101,300,0
PBQQ.US,D,20250609,000000,26.13,26.13,26.01,26.083,290,0
PBQQ.US,D,20250610,000000,25.95,26.26,25.95,26.1751,2481,0
PBQQ.US,D,20250611,000000,26.15,26.1501,26.1283,26.1283,248,0
PBQQ.US,D,20250612,000000,26.2,26.22,26.11,26.1606,1098,0
PBQQ.US,D,20250616,000000,26.23,26.29,26.1915,26.1915,8628,0
PBQQ.US,D,20250620,000000,26.18,26.18,25.9904,25.9904,3765,0
PBQQ.US,D,20250624,000000,26.49,26.49,26.4328,26.4328,580,0
PBQQ.US,D,20250625,000000,26.453,26.453,26.429,26.4522,484,0
PBQQ.US,D,20250626,000000,26.535,26.63,26.49,26.6153,1664,0
PBQQ.US,D,20250627,000000,26.77,26.77,26.62,26.6626,961,0
PBQQ.US,D,20250630,000000,26.85,26.85,26.7826,26.7826,218,0
PBQQ.US,D,20250701,000000,26.69,26.745,26.69,26.745,298,0
PBQQ.US,D,20250703,000000,26.94,26.94,26.87,26.87,284,0
PBQQ.US,D,20250707,000000,26.98,26.98,26.8203,26.8203,829,0
PBQQ.US,D,20250710,000000,26.885,26.8922,26.885,26.8922,250,0
PBQQ.US,D,20250711,000000,26.77,26.87,26.77,26.87,799,0
PBQQ.US,D,20250714,000000,26.9046,26.91,26.8301,26.91,645,0
PBQQ.US,D,20250715,000000,27.05,27.05,26.947,26.947,230,0
PBQQ.US,D,20250716,000000,26.87,26.94,26.86,26.94,1488,0
PBQQ.US,D,20250717,000000,27.01,27.0372,27.01,27.0372,247,0
PBQQ.US,D,20250721,000000,27.19,27.19,27.125,27.125,254,0
PBQQ.US,D,20250722,000000,27.0459,27.15,26.99,27.0745,41755,0
PBQQ.US,D,20250723,000000,27.08,27.105,27.08,27.105,253,0
PBQQ.US,D,20250724,000000,27.22,27.24,27.1584,27.1699,1323,0
PBQQ.US,D,20250725,000000,27.1511,27.28,27.1511,27.2,4508,0
PBQQ.US,D,20250728,000000,27.2247,27.29,27.2247,27.2383,4946,0
PBQQ.US,D,20250730,000000,27.33,27.36,27.2425,27.2425,1027,0
PBQQ.US,D,20250731,000000,27.17,27.1941,27.17,27.1941,163,0
PBQQ.US,D,20250801,000000,27.22,27.22,26.946,26.946,2667,0
PBQQ.US,D,20250804,000000,27.18,27.27,27.11,27.2098,1725,0
PBQQ.US,D,20250805,000000,27.15,27.2,27.05,27.1322,1039,0
PBQQ.US,D,20250806,000000,27.25,27.2851,27.25,27.2851,1275,0
PBQQ.US,D,20250807,000000,27.27,27.2971,27.27,27.2971,304,0
PBQQ.US,D,20250808,000000,27.43,27.44,27.42,27.44,62708,0
PBQQ.US,D,20250811,000000,27.61,27.61,27.3885,27.3885,1248,0
PBQQ.US,D,20250812,000000,27.61,27.61,27.565,27.565,855,0
PBQQ.US,D,20250813,000000,27.63,27.63,27.5748,27.5748,435,0
PBQQ.US,D,20250814,000000,27.6,27.63,27.545,27.5744,2271,0
PBQQ.US,D,20250815,000000,27.61,27.61,27.5168,27.5168,2445,0
PBQQ.US,D,20250818,000000,27.68,27.68,27.53,27.5327,2401,0
PBQQ.US,D,20250819,000000,27.43,27.43,27.31,27.37,565,0
PBQQ.US,D,20250822,000000,27.463,27.57,27.463,27.4819,1685,0
PBQQ.US,D,20250826,000000,27.53,27.53,27.4986,27.4986,100,0
PBQQ.US,D,20250829,000000,27.42,27.5299,27.42,27.4598,1489,0
PBQQ.US,D,20250902,000000,27.39,27.39,27.27,27.3586,2347,0
PBQQ.US,D,20250903,000000,27.5,27.51,27.43,27.4628,2278,0
PBQQ.US,D,20250904,000000,27.6,27.62,27.6,27.6,850,0
PBQQ.US,D,20250905,000000,27.6,27.6187,27.6,27.6187,301,0
PBQQ.US,D,20250908,000000,27.7121,27.73,27.69,27.69,3372,0
PBQQ.US,D,20250909,000000,27.72,27.73,27.72,27.73,720,0
PBQQ.US,D,20250910,000000,27.94,27.94,27.71,27.73,2902,0
PBQQ.US,D,20250912,000000,27.9,27.9,27.8159,27.8438,1219,0
PBQQ.US,D,20250915,000000,27.8755,27.96,27.8755,27.9,1755,0
PBQQ.US,D,20250922,000000,28.09,28.1099,28.04,28.06,8948,0
PBQQ.US,D,20250923,000000,28.11,28.11,27.99,27.99,9092,0
PBQQ.US,D,20250924,000000,28.18,28.18,27.98,27.98,523,0
PBQQ.US,D,20250925,000000,27.855,28.01,27.855,27.95,3061,0
PBQQ.US,D,20250929,000000,28.13,28.13,28.06,28.06,1461,0
PBQQ.US,D,20250930,000000,27.99,28.11,27.98,28.085,3779,0
PBQQ.US,D,20251001,000000,28.0893,28.17,28.0893,28.1348,2700,0
PBQQ.US,D,20251003,000000,28.16,28.26,28.08,28.1327,6185,0
PBQQ.US,D,20251006,000000,28.2,28.2,28.18,28.19,1002,0
PBQQ.US,D,20251007,000000,28.01,28.2,28.01,28.1236,964,0
PBQQ.US,D,20251008,000000,28.26,28.26,28.215,28.215,745,0
PBQQ.US,D,20251010,000000,28.2145,28.3299,27.7969,27.7969,2402,0
PBQQ.US,D,20251013,000000,28.07,28.0754,28.015,28.065,1639,0
PBQQ.US,D,20251014,000000,27.97,28.07,27.97,27.9918,14694,0
PBQQ.US,D,20251015,000000,28.1415,28.1415,28.0526,28.0526,813,0
PBQQ.US,D,20251016,000000,28.17,28.17,27.95,27.9732,7764,0
PBQQ.US,D,20251017,000000,28.02,28.17,27.98,28.1022,12003,0
PBQQ.US,D,20251020,000000,28.28,28.33,28.24,28.2722,8186,0
PBQQ.US,D,20251021,000000,28.2931,28.2931,28.27,28.2831,1041,0
PBQQ.US,D,20251022,000000,28.31,28.33,28.1082,28.1726,7576,0
PBQQ.US,D,20251023,000000,28.31,28.32,28.29,28.29,1045,0
PBQQ.US,D,20251024,000000,28.45,28.47,28.39,28.4041,2951,0
PBQQ.US,D,20251027,000000,28.67,28.87,28.44,28.525,5553,0
PBQQ.US,D,20251028,000000,28.49,28.6286,28.49,28.56,1149,0
PBQQ.US,D,20251029,000000,28.63,28.64,28.53,28.57,545,0
PBQQ.US,D,20251030,000000,28.48,28.48,28.465,28.465,214,0
PBQQ.US,D,20251031,000000,28.49,28.49,28.49,28.49,204,0
PBQQ.US,D,20251103,000000,28.572,28.6,28.5,28.5413,68903,0
PBQQ.US,D,20251104,000000,28.38,28.4899,28.37,28.3732,23632,0
PBQQ.US,D,20251105,000000,28.46,28.48,28.4,28.48,936,0
