<TICKER>,<PER>,<DATE>,<TIME>,<OPEN>,<HIGH>,<LOW>,<CLOSE>,<VOL>,<OPENINT>
QQDN.US,D,20250612,000000,40.0936,40.32,40.04,40.0936,674,0
QQDN.US,D,20250613,000000,40.979,41.14,40.76,41.1201,497,0
QQDN.US,D,20250616,000000,39.78,39.9474,39.78,39.9474,3450,0
QQDN.US,D,20250617,000000,40.13,40.58,40.13,40.5386,1192,0
QQDN.US,D,20250624,000000,38.9825,39.0536,38.9825,39.0536,230,0
QQDN.US,D,20250625,000000,38.4868,38.4868,38.4484,38.4484,338,0
QQDN.US,D,20250626,000000,38.06,38.06,37.39,37.5129,2609,0
QQDN.US,D,20250627,000000,36.58,37.5,36.58,36.9343,652,0
QQDN.US,D,20250630,000000,36.26,37.12,36.26,36.6174,1112,0
QQDN.US,D,20250701,000000,37.1801,38.04,36.9539,37.7813,1309,0
QQDN.US,D,20250702,000000,37.42,37.42,36.7424,36.7988,1331,0
QQDN.US,D,20250703,000000,36.2501,36.2501,35.945,36.0146,1785,0
QQDN.US,D,20250707,000000,36.52,36.7884,36.51,36.7884,2998,0
QQDN.US,D,20250708,000000,36.88,36.9231,36.88,36.9231,364,0
QQDN.US,D,20250709,000000,35.75,36.0925,35.75,35.9363,464,0
QQDN.US,D,20250710,000000,35.69,35.7329,35.69,35.7329,578,0
QQDN.US,D,20250711,000000,36.3,36.3,35.5444,35.5444,1033,0
QQDN.US,D,20250715,000000,34.72,34.8559,34.52,34.8559,1593,0
QQDN.US,D,20250716,000000,34.87,34.87,34.8128,34.8128,160,0
QQDN.US,D,20250717,000000,34.3396,34.3725,34.19,34.3725,1098,0
QQDN.US,D,20250718,000000,34.065,34.2184,34.065,34.2184,1597,0
QQDN.US,D,20250721,000000,33.85,33.85,33.57,33.8114,2071,0
QQDN.US,D,20250722,000000,34.07,34.86,34.07,34.3835,1776,0
QQDN.US,D,20250723,000000,34.29,34.3082,34.0001,34.0001,855,0
QQDN.US,D,20250724,000000,33.77,33.77,33.5767,33.5767,216,0
QQDN.US,D,20250725,000000,33.22,33.4285,33.2199,33.4285,284,0
QQDN.US,D,20250728,000000,33.15,33.15,32.9504,32.9504,745,0
QQDN.US,D,20250729,000000,32.8,33.2372,32.8,33.2372,1438,0
QQDN.US,D,20250730,000000,33.08,33.08,32.86,32.9813,1709,0
QQDN.US,D,20250731,000000,31.566,32.4844,31.53,32.4844,3853,0
QQDN.US,D,20250801,000000,33.54,34.4338,33.54,34.3294,2869,0
QQDN.US,D,20250804,000000,32.99,32.99,32.91,32.918,829,0
QQDN.US,D,20250805,000000,33.02,33.425,33.02,33.425,934,0
QQDN.US,D,20250808,000000,31.16,31.17,30.9059,30.9537,2916,0
QQDN.US,D,20250811,000000,30.78,31.1409,30.5799,31.1409,1062,0
QQDN.US,D,20250812,000000,30.6,30.94,30.3041,30.3041,719,0
QQDN.US,D,20250813,000000,30.0506,30.85,30.02,30.5315,2142,0
QQDN.US,D,20250814,000000,30.43,30.48,30.2,30.2303,1216,0
QQDN.US,D,20250818,000000,30.8595,30.99,30.6594,30.6594,936,0
QQDN.US,D,20250819,000000,31.34,31.95,31.34,31.8751,6582,0
QQDN.US,D,20250820,000000,32.44,33.32,32.44,32.5591,2563,0
QQDN.US,D,20250821,000000,32.85,32.935,32.6,32.879,1491,0
QQDN.US,D,20250822,000000,32.5,32.5,31.5731,31.5731,1592,0
QQDN.US,D,20250825,000000,31.6052,31.6052,31.04,31.3739,1071,0
QQDN.US,D,20250826,000000,31.5552,31.5552,31.1273,31.1273,223,0
QQDN.US,D,20250827,000000,31,31,30.9439,30.9439,349,0
QQDN.US,D,20250828,000000,31.01,31.01,30.5252,30.5252,1459,0
QQDN.US,D,20250829,000000,31.665,31.665,31.543,31.5957,231,0
QQDN.US,D,20250902,000000,32.23,32.93,32.1572,32.1572,660,0
QQDN.US,D,20250904,000000,30.56,30.7595,30.2415,30.2415,1299,0
QQDN.US,D,20250905,000000,30.14,30.1975,30.0899,30.1651,1072,0
QQDN.US,D,20250908,000000,29.2346,29.7893,29.2346,29.7893,902,0
QQDN.US,D,20250909,000000,29.631,29.631,29.6056,29.6056,535,0
QQDN.US,D,20250910,000000,28.865,29.0622,28.8388,29.0622,710,0
QQDN.US,D,20250911,000000,29.013,29.013,28.9247,28.9247,233,0
QQDN.US,D,20250912,000000,28.2732,28.3455,28.2732,28.3455,335,0
QQDN.US,D,20250916,000000,27.5,27.5988,27.5,27.5988,260,0
QQDN.US,D,20250917,000000,28.29,28.7101,28.2418,28.2418,710,0
QQDN.US,D,20250918,000000,27.75,27.9192,27.75,27.9192,123,0
QQDN.US,D,20250919,000000,27.46,27.46,27.317,27.317,206,0
QQDN.US,D,20250922,000000,26.945,26.945,26.9373,26.9373,184,0
QQDN.US,D,20250923,000000,27.26,27.76,27.26,27.6059,1847,0
QQDN.US,D,20250924,000000,27.6,27.7569,27.5,27.646,1417,0
QQDN.US,D,20250925,000000,27.8628,27.96,27.6927,27.6927,2082,0
QQDN.US,D,20250926,000000,27.88,27.88,27.7174,27.7174,853,0
QQDN.US,D,20250929,000000,27.19,27.67,27.19,27.6631,814,0
QQDN.US,D,20250930,000000,27.79,27.79,27.4106,27.4106,117,0
QQDN.US,D,20251001,000000,27.6765,27.6765,27.3182,27.3182,284,0
QQDN.US,D,20251007,000000,27.01,27.2793,27.01,27.2793,332,0
QQDN.US,D,20251008,000000,26.81,26.82,26.6659,26.6659,333,0
QQDN.US,D,20251009,000000,26.6,26.77,26.5979,26.5979,1023,0
QQDN.US,D,20251010,000000,27.0649,28.5391,27.0649,28.5391,1790,0
QQDN.US,D,20251014,000000,28.01,28.01,27.6181,27.8703,1709,0
QQDN.US,D,20251015,000000,27.51,27.6141,27.51,27.6141,204,0
QQDN.US,D,20251016,000000,27.2498,27.891,27.2498,27.6342,1272,0
QQDN.US,D,20251017,000000,27.5656,27.59,27.26,27.3165,7739,0
QQDN.US,D,20251020,000000,26.56,26.65,26.56,26.6154,1780,0
QQDN.US,D,20251022,000000,27.731,27.731,27.37,27.4018,4082,0
QQDN.US,D,20251023,000000,27,27.05,26.95,27.05,775,0
QQDN.US,D,20251024,000000,26.49,26.4901,26.2491,26.2491,274,0
QQDN.US,D,20251027,000000,25.49,25.49,25.1156,25.1156,525,0
QQDN.US,D,20251028,000000,24.73,24.9,24.2446,24.2446,1345,0
QQDN.US,D,20251029,000000,23.83,23.889,23.6049,23.6049,1538,0
QQDN.US,D,20251031,000000,24.05,24.3034,24.05,24.3034,839,0
QQDN.US,D,20251103,000000,24.01,24.1481,23.87,24.1481,722,0
QQDN.US,D,20251104,000000,24.42,25.0052,24.42,25.0052,973,0
QQDN.US,D,20251105,000000,25.09,25.09,24.53,24.5301,774,0
