<TICKER>,<PER>,<DATE>,<TIME>,<OPEN>,<HIGH>,<LOW>,<CLOSE>,<VOL>,<OPENINT>
SMCZ.US,D,20250401,000000,19.7,19.86,18.52,19.0588,4262,0
SMCZ.US,D,20250402,000000,20,20.65,18.28,18.9895,133696,0
SMCZ.US,D,20250403,000000,22.5,22.7299,21.34,22.0288,31410,0
SMCZ.US,D,20250404,000000,24.39,28.28,23.89,25.3975,123229,0
SMCZ.US,D,20250407,000000,28.8,28.8,18.27,20.0263,262594,0
SMCZ.US,D,20250408,000000,17.07,22.5099,17.07,21.5498,252436,0
SMCZ.US,D,20250409,000000,21.34,21.38,13.9201,14.7259,270583,0
SMCZ.US,D,20250410,000000,15.89,18.15,15.641,17.2377,118183,0
SMCZ.US,D,20250411,000000,16.81,18.145,16.5,17.79,41643,0
SMCZ.US,D,20250414,000000,15.56,17.81,15.56,17.81,129811,0
SMCZ.US,D,20250415,000000,17.51,17.71,16.29,17.32,133089,0
SMCZ.US,D,20250416,000000,18.81,19.89,17.16,18.95,213357,0
SMCZ.US,D,20250417,000000,19.03,20.565427,18.89,19.47,68700,0
SMCZ.US,D,20250421,000000,20.74,22.55,20.36,22.02,114491,0
SMCZ.US,D,20250422,000000,21.41,21.6275,19.641,20.4,78835,0
SMCZ.US,D,20250423,000000,16.99,17.48,14.48,17.2,562243,0
SMCZ.US,D,20250424,000000,16.35,16.4848,13.49,14.11,984427,0
SMCZ.US,D,20250425,000000,14.09,14.5,13.4,13.62,594951,0
SMCZ.US,D,20250428,000000,13.6,13.879,12.68,13.01,313763,0
SMCZ.US,D,20250429,000000,13.26,13.9,12.98,13.9,259092,0
SMCZ.US,D,20250430,000000,19.18,19.49,17,17.17,751322,0
SMCZ.US,D,20250501,000000,16.77,17.8,14.98,16.13,990214,0
SMCZ.US,D,20250502,000000,15.71,16.17,14.75,15.16,701355,0
SMCZ.US,D,20250505,000000,15.7,16.55,15.35,16.52,412272,0
SMCZ.US,D,20250506,000000,17.16,17.16,15.35,15.87,728775,0
SMCZ.US,D,20250507,000000,17.75,17.97,15.7301,16.09,671795,0
SMCZ.US,D,20250508,000000,15.6,16.680926,15.47,16.51,157240,0
SMCZ.US,D,20250509,000000,16.0095,17.36,15.8,16.62,145089,0
SMCZ.US,D,20250512,000000,14.61,15.6,13.43,15.05,400152,0
SMCZ.US,D,20250513,000000,14.19,14.35,10.03,10.21,4597143,0
SMCZ.US,D,20250514,000000,6.53,8,6.22,7,18414070,0
SMCZ.US,D,20250515,000000,7.33,8.095,6.8901,7.33,12384859,0
SMCZ.US,D,20250516,000000,6.83,6.95,6.05,6.58,13992839,0
SMCZ.US,D,20250519,000000,7.11,7.14,6.5212,6.97,6426659,0
SMCZ.US,D,20250520,000000,7,7.7181,7,7.59,3224986,0
SMCZ.US,D,20250521,000000,7.35,8.1374,7.05,8.01,5249723,0
SMCZ.US,D,20250522,000000,7.98,8.17,7.704,8.11,2558132,0
SMCZ.US,D,20250523,000000,8.75,8.98,8.45,8.6,2306219,0
SMCZ.US,D,20250527,000000,8.02,8.2724,7.32,7.95,3430830,0
SMCZ.US,D,20250528,000000,7.8,8.2,7.4452,7.81,2394717,0
SMCZ.US,D,20250529,000000,7.36,8.14,7.07,8.11,2651581,0
SMCZ.US,D,20250530,000000,8.26,8.9372,8.23,8.55,1939157,0
SMCZ.US,D,20250602,000000,8.74,8.74,8.04,8.06,1407785,0
SMCZ.US,D,20250603,000000,7.98,8.0627,7.0073,7.28,3345829,0
SMCZ.US,D,20250604,000000,7.05,7.3592,6.76,6.95,2511884,0
SMCZ.US,D,20250605,000000,7.09,8.14,6.9625,7.99,2142210,0
SMCZ.US,D,20250606,000000,7.52,7.75,7.35,7.69,1163448,0
SMCZ.US,D,20250609,000000,7.5,7.56,7.03,7.12,1536030,0
SMCZ.US,D,20250610,000000,7.09,7.36,6.93,7.17,776601,0
SMCZ.US,D,20250611,000000,6.94,7.21,6.6395,7.08,2545138,0
SMCZ.US,D,20250612,000000,7.29,7.36,6.79,7.02,2040023,0
SMCZ.US,D,20250613,000000,7.44,7.86,7.32,7.6,2079074,0
SMCZ.US,D,20250616,000000,7.32,7.4,6.58,6.85,2752152,0
SMCZ.US,D,20250617,000000,6.99,7.06,6.665,7.01,2724080,0
SMCZ.US,D,20250618,000000,7,7.09,6.17,6.58,4653623,0
SMCZ.US,D,20250620,000000,6.21,6.6499,6.085,6.31,3251386,0
SMCZ.US,D,20250623,000000,6.83,7.56,6.79,7.53,4681597,0
SMCZ.US,D,20250624,000000,7.36,7.46,6.72,6.82,3746666,0
SMCZ.US,D,20250625,000000,6.65,6.7197,5.531,5.62,8951076,0
SMCZ.US,D,20250626,000000,5.47,5.74,4.9401,4.99,8262413,0
SMCZ.US,D,20250627,000000,4.94,5.46,4.8301,5.32,6210912,0
SMCZ.US,D,20250630,000000,5.08,5.16,4.66,4.99,5438949,0
SMCZ.US,D,20250701,000000,5.16,5.53,5.0601,5.35,3432479,0
SMCZ.US,D,20250702,000000,5.38,5.38,4.98,5.01,2706652,0
SMCZ.US,D,20250703,000000,4.93,5.07,4.83,5.04,2090451,0
SMCZ.US,D,20250707,000000,5.13,5.52,5.13,5.34,2084301,0
SMCZ.US,D,20250708,000000,5.26,5.2705,4.85,4.89,3100346,0
SMCZ.US,D,20250709,000000,4.97,5.02,4.67,4.71,3183408,0
SMCZ.US,D,20250710,000000,4.59,4.77,4.39,4.64,3056787,0
SMCZ.US,D,20250711,000000,4.74,4.87,4.66,4.85,2116553,0
SMCZ.US,D,20250714,000000,4.84,4.93,4.57,4.74,2955941,0
SMCZ.US,D,20250715,000000,4.33,4.39,3.9,4.1,9496084,0
SMCZ.US,D,20250716,000000,4.12,4.3591,4.08,4.08,3434442,0
SMCZ.US,D,20250717,000000,4.02,4.18,3.945,4.16,2290546,0
SMCZ.US,D,20250718,000000,4.08,4.38,3.985,4.31,2918611,0
SMCZ.US,D,20250721,000000,4.15,4.37,3.94,4.35,4192503,0
SMCZ.US,D,20250722,000000,4.3,4.7952,4.3,4.62,4618253,0
SMCZ.US,D,20250723,000000,4.47,4.47,4.2017,4.28,5136607,0
SMCZ.US,D,20250724,000000,4.25,4.3499,4.01,4.15,6131792,0
SMCZ.US,D,20250725,000000,4.2,4.29,3.83,3.85,6019711,0
SMCZ.US,D,20250728,000000,3.66,3.71,3.05,3.06,15460170,0
SMCZ.US,D,20250729,000000,3.07,3.24,2.91,3.19,11377269,0
SMCZ.US,D,20250730,000000,3.08,3.145,2.8001,2.96,10032453,0
SMCZ.US,D,20250731,000000,2.8303,3.19,2.81,3.14,9328834,0
SMCZ.US,D,20250801,000000,3.34,3.545,3.24,3.38,11293380,0
SMCZ.US,D,20250804,000000,3.2,3.255,3.0748,3.18,6636711,0
SMCZ.US,D,20250805,000000,3.13,3.345,3.0619,3.3,12920239,0
SMCZ.US,D,20250806,000000,4.46,4.725,4.34,4.5,14939655,0
SMCZ.US,D,20250807,000000,4.41,4.535,4.11,4.52,9776694,0
SMCZ.US,D,20250808,000000,4.47,4.93,4.38,4.92,7556412,0
SMCZ.US,D,20250811,000000,4.81,4.82,4.51,4.79,9425469,0
SMCZ.US,D,20250812,000000,4.67,4.8697,4.495,4.52,4649330,0
SMCZ.US,D,20250813,000000,4.56,4.69,4.485,4.59,4847400,0
SMCZ.US,D,20250814,000000,4.74,4.87,4.68,4.7,4781474,0
SMCZ.US,D,20250815,000000,4.76,4.98,4.7,4.72,4444194,0
SMCZ.US,D,20250818,000000,4.75,4.76,4.465,4.62,3352675,0
SMCZ.US,D,20250819,000000,4.64,5.166,4.64,5.16,6173497,0
SMCZ.US,D,20250820,000000,5.15,5.61,5.1,5.31,13240896,0
SMCZ.US,D,20250821,000000,5.32,5.4965,5.215,5.37,8887880,0
SMCZ.US,D,20250822,000000,5.51,5.54,4.92,4.98,8511589,0
SMCZ.US,D,20250825,000000,5.07,5.105,4.7384,4.94,8708415,0
SMCZ.US,D,20250826,000000,4.96,5.03,4.86,4.86,5906438,0
SMCZ.US,D,20250827,000000,4.87,4.97,4.7247,4.7718,10370714,0
SMCZ.US,D,20250828,000000,4.75,4.96,4.655,4.94,10089818,0
SMCZ.US,D,20250829,000000,5.2,5.515,5.2,5.5,10670883,0
SMCZ.US,D,20250902,000000,5.91,6.0118,5.6792,5.68,10743545,0
SMCZ.US,D,20250903,000000,5.65,5.97,5.65,5.88,9940945,0
SMCZ.US,D,20250904,000000,5.82,5.98,5.6797,5.71,8835071,0
SMCZ.US,D,20250905,000000,5.6,5.97,5.59,5.78,10667951,0
SMCZ.US,D,20250908,000000,5.62,5.935,5.59,5.89,7936799,0
SMCZ.US,D,20250909,000000,5.83,5.85,5.021,5.03,9670202,0
SMCZ.US,D,20250910,000000,4.78,4.9493,4.43,4.8133,14522958,0
SMCZ.US,D,20250911,000000,4.73,4.9001,4.685,4.8,10465764,0
SMCZ.US,D,20250912,000000,4.23,4.6599,4.15,4.57,10717659,0
SMCZ.US,D,20250915,000000,4.53,4.7299,4.415,4.49,4817920,0
SMCZ.US,D,20250916,000000,4.44,4.6684,4.41,4.58,5730485,0
SMCZ.US,D,20250917,000000,4.65,4.83,4.49,4.59,8379964,0
SMCZ.US,D,20250918,000000,4.46,4.655,4.295,4.3778,9977129,0
SMCZ.US,D,20250919,000000,4.35,4.4686,4.27,4.4,8091296,0
SMCZ.US,D,20250922,000000,4.47,4.52,3.8801,4.2,9264343,0
SMCZ.US,D,20250923,000000,4.1,4.38,4.05,4.18,7474497,0
SMCZ.US,D,20250924,000000,4.13,4.32,3.97,4.31,7915212,0
SMCZ.US,D,20250925,000000,4.52,4.68,4.13,4.3037,9231831,0
SMCZ.US,D,20250926,000000,4.42,4.6499,4.36,4.38,10397420,0
SMCZ.US,D,20250929,000000,4.29,4.36,4.080399,4.28,5818638,0
SMCZ.US,D,20250930,000000,4.3,4.3,3.94,3.99,11243011,0
SMCZ.US,D,20251001,000000,4.04,4.08,3.24,3.26,11867556,0
SMCZ.US,D,20251002,000000,3.25,3.41,3.2,3.24,7410054,0
SMCZ.US,D,20251003,000000,3.2,3.44,3.11,3.31,9738781,0
SMCZ.US,D,20251006,000000,3.03,3.05,2.79,2.97,12397648,0
SMCZ.US,D,20251007,000000,2.79,3.08,2.6645,2.92,10758528,0
SMCZ.US,D,20251008,000000,2.9,2.965,2.56,2.57,12322599,0
SMCZ.US,D,20251009,000000,2.64,2.66,2.5345,2.6,9151272,0
SMCZ.US,D,20251010,000000,2.58,3.075,2.55,3.06,16438830,0
SMCZ.US,D,20251013,000000,2.83,2.91,2.735,2.83,8909430,0
SMCZ.US,D,20251014,000000,2.9,3.015,2.7801,3,10109899,0
SMCZ.US,D,20251015,000000,2.84,3.025,2.78,2.9,13221355,0
SMCZ.US,D,20251016,000000,2.9,2.979,2.66,2.92,13762440,0
SMCZ.US,D,20251017,000000,3.01,3.16,2.9413,3.09,11837796,0
SMCZ.US,D,20251020,000000,2.75,2.8001,2.5752,2.76,11979963,0
SMCZ.US,D,20251021,000000,2.76,2.87,2.7235,2.78,7605923,0
SMCZ.US,D,20251022,000000,2.825,3.26,2.825,3.02,12744443,0
SMCZ.US,D,20251023,000000,3.1,3.6,3.1,3.53,15883204,0
SMCZ.US,D,20251024,000000,3.39,3.495,3.2801,3.48,8465995,0
SMCZ.US,D,20251027,000000,3.27,3.27,3,3.01,7729354,0
SMCZ.US,D,20251028,000000,3.01,3.02,2.7202,2.91,9186183,0
SMCZ.US,D,20251029,000000,2.75,3,2.73,2.87,10348541,0
SMCZ.US,D,20251030,000000,2.97,3.13,2.92,3.13,8115715,0
SMCZ.US,D,20251031,000000,3,3.075,2.8001,2.925,10198793,0
SMCZ.US,D,20251103,000000,2.85,3.08,2.81,3.07,8713918,0
SMCZ.US,D,20251104,000000,3.31,3.46,3.23,3.45,14342197,0
SMCZ.US,D,20251105,000000,3.82,4.25,3.62,4.25,14001021,0
