<TICKER>,<PER>,<DATE>,<TIME>,<OPEN>,<HIGH>,<LOW>,<CLOSE>,<VOL>,<OPENINT>
SOLT.US,D,20250320,000000,14.42,14.85,13.67,13.8668,95314,0
SOLT.US,D,20250321,000000,13.49,14.17,13.16,13.9107,79741,0
SOLT.US,D,20250324,000000,17.23,17.54,16.7201,17.07,150278,0
SOLT.US,D,20250325,000000,17.55,18.083,17.1001,17.59,194077,0
SOLT.US,D,20250326,000000,17.3,17.4068,15.31,15.6883,142958,0
SOLT.US,D,20250327,000000,15.56,16.14,15.2011,15.92,116509,0
SOLT.US,D,20250328,000000,14.15,14.2,13.59,13.71,204084,0
SOLT.US,D,20250331,000000,12.91,13.35,12.4496,12.85,194021,0
SOLT.US,D,20250401,000000,13.31,13.71,12.71,13.16,136242,0
SOLT.US,D,20250402,000000,12.81,14.07,12.81,13.9995,277283,0
SOLT.US,D,20250403,000000,10.3,10.6892,9.9699,10.5826,322563,0
SOLT.US,D,20250404,000000,10.53,12.0518,10.37,11.91,237941,0
SOLT.US,D,20250407,000000,8.03,10.0474,7.736737,8.6876,346884,0
SOLT.US,D,20250408,000000,9.65,9.65,8.24,8.3294,228732,0
SOLT.US,D,20250409,000000,8.43,11.06,8.43,10.7555,440294,0
SOLT.US,D,20250410,000000,9.77,9.9675,8.86,9.38,97314,0
SOLT.US,D,20250411,000000,10.71,11.179,10.58,11.0074,144074,0
SOLT.US,D,20250414,000000,13.37,13.52,12.34,12.86,291412,0
SOLT.US,D,20250415,000000,13.23,13.55,12.1002,12.23,234785,0
SOLT.US,D,20250416,000000,11.69,13.31,11.6,13.0654,270573,0
SOLT.US,D,20250417,000000,13.31,13.7622,12.75,13.14,141720,0
SOLT.US,D,20250421,000000,14.25,14.52,13.25,13.82,248309,0
SOLT.US,D,20250422,000000,14.88,15.83,14.8,15.34,324084,0
SOLT.US,D,20250423,000000,17.19,17.38,16.215,16.61,281464,0
SOLT.US,D,20250424,000000,16.15,16.9121,16.0001,16.79,195316,0
SOLT.US,D,20250425,000000,17.13,17.73,16.5108,16.71,260568,0
SOLT.US,D,20250428,000000,16.38,16.38,15.4,16.0146,218891,0
SOLT.US,D,20250429,000000,15.84,16.41,15.7,16.2,203603,0
SOLT.US,D,20250430,000000,14.86,15.499,14.27,15.36,245167,0
SOLT.US,D,20250501,000000,16.81,17.159,16.305,16.38,229959,0
SOLT.US,D,20250502,000000,16.44,16.6995,15.8,15.91,149477,0
SOLT.US,D,20250505,000000,15.03,15.63,14.8872,15.5,166947,0
SOLT.US,D,20250506,000000,14.48,15.2076,14.46,15.13,173811,0
SOLT.US,D,20250507,000000,15.52,15.72,15.11,15.31,88332,0
SOLT.US,D,20250508,000000,17.329,18.94,17.1,18.47,484130,0
SOLT.US,D,20250509,000000,21.05,21.4586,20.08,21.12,493073,0
SOLT.US,D,20250512,000000,22.39,23.473,20.3391,20.89,520032,0
SOLT.US,D,20250513,000000,21.94,24.17,21.18,23.68,487982,0
SOLT.US,D,20250514,000000,22.98,23.3391,21.32,22.33,389021,0
SOLT.US,D,20250515,000000,20.85,21.65,19.75,20.385,619479,0
SOLT.US,D,20250516,000000,21.15,21.445,20.4205,20.85,387204,0
SOLT.US,D,20250519,000000,18.35,19.8,18.29,19.6,433923,0
SOLT.US,D,20250520,000000,19.56,20.1628,19.133,19.95,259698,0
SOLT.US,D,20250521,000000,20.14,21.64,19.3509,20.81,984655,0
SOLT.US,D,20250522,000000,22.5,22.9425,22.15,22.38,794714,0
SOLT.US,D,20250523,000000,22.26,23.8283,22.2,22.56,803250,0
SOLT.US,D,20250527,000000,22.68,22.6999,21.6,21.94,534533,0
SOLT.US,D,20250528,000000,21.2,21.3782,20.03,20.22,587399,0
SOLT.US,D,20250529,000000,20.86,20.86,19.3008,19.54,334582,0
SOLT.US,D,20250530,000000,18.44,18.58,17.195,18.14,471055,0
SOLT.US,D,20250602,000000,16.75,16.94,16.18,16.52,576645,0
SOLT.US,D,20250603,000000,18.32,18.72,17.8507,18.15,419327,0
SOLT.US,D,20250604,000000,17.07,17.46,16.72,16.92,372355,0
SOLT.US,D,20250605,000000,16.66,16.7,14.475,14.88,864097,0
SOLT.US,D,20250606,000000,15.83,16.08,15.29,15.43,325670,0
SOLT.US,D,20250609,000000,16.61,17.0695,16.2803,16.84,377206,0
SOLT.US,D,20250610,000000,18,18.96,16.93,18.55,685842,0
SOLT.US,D,20250611,000000,19.36,19.5738,18.25,18.3,901032,0
SOLT.US,D,20250612,000000,17.27,17.84,16.43,16.53,622708,0
SOLT.US,D,20250613,000000,14.4,15.16,14.2046,14.46,1388219,0
SOLT.US,D,20250616,000000,16.43,17.1,16.41,16.94,783659,0
SOLT.US,D,20250617,000000,15.33,15.4399,14.3502,15.06,1248443,0
SOLT.US,D,20250618,000000,14.05,14.58,14,14.19,959594,0
SOLT.US,D,20250620,000000,14.69,14.69,12.43,13.22,1117167,0
SOLT.US,D,20250623,000000,12.06,13.18,11.45,13.16,1437404,0
SOLT.US,D,20250624,000000,13.91,14.3596,13.68,13.81,760869,0
SOLT.US,D,20250625,000000,14.57,14.6495,13.65,14.04,605065,0
SOLT.US,D,20250626,000000,13.65,13.78,13.2801,13.53,567195,0
SOLT.US,D,20250627,000000,13.41,13.98,13.09,13.44,674062,0
SOLT.US,D,20250630,000000,15.23,16.85,14.92,16.4,1807563,0
SOLT.US,D,20250701,000000,14.4,14.61,13.75,13.79,1198735,0
SOLT.US,D,20250702,000000,14.35,15.2891,14.25,15.19,1131592,0
SOLT.US,D,20250703,000000,15.23,15.6388,14.6,14.73,1139183,0
SOLT.US,D,20250707,000000,15.01,15.24,14.3,14.39,1022739,0
SOLT.US,D,20250708,000000,14.98,15.12,14.475,14.88,739928,0
SOLT.US,D,20250709,000000,15.42,16.12,15.125,15.99,1290859,0
SOLT.US,D,20250710,000000,16.22,16.81,15.71,16.4,1399547,0
SOLT.US,D,20250711,000000,17.745,18.34,16.905,17.56,2499141,0
SOLT.US,D,20250714,000000,18.13,18.46,17.12,17.43,2495384,0
SOLT.US,D,20250715,000000,16.75,17.34,15.92,16.59,2436604,0
SOLT.US,D,20250716,000000,18.05,19.66,17.6504,19.51,3249520,0
SOLT.US,D,20250717,000000,19.78,19.8376,18.854,19.26,3562782,0
SOLT.US,D,20250718,000000,20.91,21.28,19.7104,20.26,3819777,0
SOLT.US,D,20250721,000000,23.49,25.325,23.4147,24.31,8292927,0
SOLT.US,D,20250722,000000,26,26.85,24.73,25.64,7760448,0
SOLT.US,D,20250723,000000,24.125,24.2617,21.95,22.87,7340389,0
SOLT.US,D,20250724,000000,22.06,23.3699,21.27,22.34,4775342,0
SOLT.US,D,20250725,000000,20.45,20.89,19.37,20.65,3950563,0
SOLT.US,D,20250728,000000,22.52,22.8299,20.8895,21.35,3476421,0
SOLT.US,D,20250729,000000,21.11,21.205,19.57,20.23,2753519,0
SOLT.US,D,20250730,000000,19.28,20.08,17.7135,19.05,3559444,0
SOLT.US,D,20250731,000000,19.22,19.7699,18.65,18.79,2292320,0
SOLT.US,D,20250801,000000,17.32,17.57,16.44,16.8,3344111,0
SOLT.US,D,20250804,000000,16.19,17.5293,16.1543,16.67,3028693,0
SOLT.US,D,20250805,000000,17,17.14,15.94,16.04,2276547,0
SOLT.US,D,20250806,000000,16.28,17.44,16.0624,17.19,2029762,0
SOLT.US,D,20250807,000000,17.94,18.06,16.88,17.84,2289364,0
SOLT.US,D,20250808,000000,18.89,19.525,18.36,19.29,3453351,0
SOLT.US,D,20250811,000000,19.065,19.93,18.57,18.82,3619337,0
SOLT.US,D,20250812,000000,19.1,21.99,18.6,21.9,6285701,0
SOLT.US,D,20250813,000000,24.82,25.19,22.73,24.53,9565982,0
SOLT.US,D,20250814,000000,22.19,23.7294,21.67,22.2,9695096,0
SOLT.US,D,20250815,000000,22.27,22.36,19.91,20.04,5347340,0
SOLT.US,D,20250818,000000,19.7,20.4297,19.3001,19.88,3211817,0
SOLT.US,D,20250819,000000,19.76,19.9332,18.16,18.35,3297258,0
SOLT.US,D,20250820,000000,19.288,20.79,18.54,20.7,3960710,0
SOLT.US,D,20250821,000000,20.04,20.4097,18.89,18.95,3408432,0
SOLT.US,D,20250822,000000,18.64,23.16,18.47,22.95,8719198,0
SOLT.US,D,20250825,000000,22.59,23.01,20.95,21.13,7857791,0
SOLT.US,D,20250826,000000,20.41,22.38,20.12,22.37,5440459,0
SOLT.US,D,20250827,000000,23.62,25.5801,23.35,24.34,11770286,0
SOLT.US,D,20250828,000000,26.42,26.73,24.42,25.07,10282850,0
SOLT.US,D,20250829,000000,25.24,25.52,22.74,23.18,10060314,0
SOLT.US,D,20250902,000000,22.3,24.2,22.1,23.85,6104259,0
SOLT.US,D,20250903,000000,24.97,25.61,24.54,24.93,4481468,0
SOLT.US,D,20250904,000000,24.29,24.38,22.76,22.88,3917849,0
SOLT.US,D,20250905,000000,24.51,24.76,22.75,23.65,5978699,0
SOLT.US,D,20250908,000000,25.87,26.53,25.4637,26.3,9902320,0
SOLT.US,D,20250909,000000,26.51,26.78,25.025,26.17,6795510,0
SOLT.US,D,20250910,000000,27.95,28.53,27.1501,27.35,8616963,0
SOLT.US,D,20250911,000000,28.58,29.27,28.35,28.72,6375271,0
SOLT.US,D,20250912,000000,31.93,32.54,31.48,32.41,8628305,0
SOLT.US,D,20250915,000000,30.86,31.23,29.16,30.01,9516693,0
SOLT.US,D,20250916,000000,30.58,32.0976,29.51,31.25,6335787,0
SOLT.US,D,20250917,000000,30.47,31.45,29.645,31.37,7021902,0
SOLT.US,D,20250918,000000,33.6,35.2999,32.94,33.88,8528937,0
SOLT.US,D,20250919,000000,31.89,32.3099,30.265,30.4,6663267,0
SOLT.US,D,20250922,000000,27.11,27.329,25.3,25.33,7994206,0
SOLT.US,D,20250923,000000,25.9,26.42,24.67,24.75,5707258,0
SOLT.US,D,20250924,000000,24.14,25.1,23.995,24.47,5376872,0
SOLT.US,D,20250925,000000,21.58,22.24,19.88,20.86,11725696,0
SOLT.US,D,20250926,000000,20.11,21.95,19.77,21.47,8691438,0
SOLT.US,D,20250929,000000,22.61,24.535,22.5631,24.21,8488598,0
SOLT.US,D,20250930,000000,22.92,23.29,21.965,23.02,6023134,0
SOLT.US,D,20251001,000000,25.275,25.7299,24.88,25.55,7719445,0
SOLT.US,D,20251002,000000,26.9,28.7491,26.02,28.35,8233658,0
SOLT.US,D,20251003,000000,27.83,29.4606,26.9701,28.4,8320721,0
SOLT.US,D,20251006,000000,28.605,29.44,28.2,28.84,6501287,0
SOLT.US,D,20251007,000000,27.93,27.93,25.13,25.38,9770679,0
SOLT.US,D,20251008,000000,25.38,27.26,24.71,27.16,5865099,0
SOLT.US,D,20251009,000000,26.18,26.19,24.1101,24.46,7179403,0
SOLT.US,D,20251010,000000,25.44,25.89,21.06,21.45,13994605,0
SOLT.US,D,20251013,000000,18.93,22.41,18.87,21.97,14344874,0
SOLT.US,D,20251014,000000,19.1,21.87,18.6,20.08,11768572,0
SOLT.US,D,20251015,000000,20.71,21.37,19.15,19.27,9377589,0
SOLT.US,D,20251016,000000,19.6,19.96,17.12,17.28,10628583,0
SOLT.US,D,20251017,000000,16.48,17.37,15.685,16.72,9782907,0
SOLT.US,D,20251020,000000,18.61,18.7498,17.375,17.96,6766494,0
SOLT.US,D,20251021,000000,17.46,19.73,17.04,18.99,12345211,0
SOLT.US,D,20251022,000000,17.36,17.56,15.765,16.23,12144065,0
SOLT.US,D,20251023,000000,18.02,18.62,17.62,18.17,8624504,0
SOLT.US,D,20251024,000000,18.6,18.64,17.7,18.55,6222807,0
SOLT.US,D,20251027,000000,19.87,20.465,19.49,19.84,7784170,0
SOLT.US,D,20251028,000000,20.26,20.44,18.695,18.92,8627798,0
SOLT.US,D,20251029,000000,19.98,20.03,17.71,18.33,12013183,0
SOLT.US,D,20251030,000000,17.29,17.35,15.545,15.63,12024876,0
SOLT.US,D,20251031,000000,16.97,17.6,16.57,17.26,5796292,0
SOLT.US,D,20251103,000000,14.916,15.14,12.59,12.77,20914256,0
SOLT.US,D,20251104,000000,12.08,12.95,10.3,11.06,21956568,0
SOLT.US,D,20251105,000000,11.7,12.59,11.58,12.38,11079292,0
