<TICKER>,<PER>,<DATE>,<TIME>,<OPEN>,<HIGH>,<LOW>,<CLOSE>,<VOL>,<OPENINT>
SWP.US,D,20250414,000000,23.345,23.345,23.24,23.24,2138,0
SWP.US,D,20250415,000000,23.33,23.33,23.27,23.28,13456,0
SWP.US,D,20250416,000000,23.21,23.21,22.75,22.95,10611,0
SWP.US,D,20250417,000000,23.0418,23.14,23.04,23.04,5368,0
SWP.US,D,20250421,000000,22.8,22.8,22.33,22.54,16307,0
SWP.US,D,20250422,000000,22.75,22.94,22.75,22.94,4047,0
SWP.US,D,20250423,000000,23.53,23.53,23.2,23.23,7678,0
SWP.US,D,20250424,000000,23.53,23.6128,23.53,23.6128,1994,0
SWP.US,D,20250425,000000,23.58,23.72,23.53,23.72,4050,0
SWP.US,D,20250428,000000,23.76,24,23.58,23.76,56184,0
SWP.US,D,20250429,000000,23.79,23.875,23.79,23.84,471,0
SWP.US,D,20250430,000000,23.5476,23.93,23.4636,23.84,20536,0
SWP.US,D,20250501,000000,24.02,24.0909,23.95,24.01,4850,0
SWP.US,D,20250502,000000,24.3,24.41,24.21,24.31,140352,0
SWP.US,D,20250505,000000,24.2844,24.32,24.23,24.23,598,0
SWP.US,D,20250506,000000,24.23,24.23,24.13,24.1303,3620,0
SWP.US,D,20250507,000000,24.21,24.2794,24.2011,24.2513,6624,0
SWP.US,D,20250508,000000,24.09,24.44,24.09,24.2654,8893,0
SWP.US,D,20250509,000000,24.25,24.28,24.24,24.2402,9071,0
SWP.US,D,20250512,000000,24.68,24.82,24.67,24.8045,22523,0
SWP.US,D,20250513,000000,24.8116,24.89,24.78,24.78,17698,0
SWP.US,D,20250514,000000,24.77,24.7838,24.65,24.7552,2334,0
SWP.US,D,20250515,000000,24.8,24.93,24.8,24.93,2771,0
SWP.US,D,20250516,000000,24.99,25.06,24.98,25.06,3820,0
SWP.US,D,20250519,000000,25.08,25.1,25.07,25.09,6431,0
SWP.US,D,20250520,000000,25.05,25.06,24.98,25.06,7258,0
SWP.US,D,20250521,000000,24.64,24.6629,24.63,24.6629,7920,0
SWP.US,D,20250522,000000,24.56,24.67,24.54,24.5716,6102,0
SWP.US,D,20250523,000000,24.45,24.55,24.45,24.4984,6472,0
SWP.US,D,20250527,000000,24.64,24.91,24.64,24.91,6462,0
SWP.US,D,20250528,000000,24.85,24.86,24.7591,24.7591,2271,0
SWP.US,D,20250529,000000,24.76,24.83,24.71,24.71,15158,0
SWP.US,D,20250530,000000,24.69,24.94,24.69,24.94,976,0
SWP.US,D,20250602,000000,24.65,24.956,24.65,24.9557,6789,0
SWP.US,D,20250603,000000,24.96,25.0896,24.96,25.0896,5484,0
SWP.US,D,20250604,000000,25.1569,25.1569,25.1078,25.1078,895,0
SWP.US,D,20250605,000000,25.05,25.26,25.05,25.1323,145775,0
SWP.US,D,20250606,000000,25.286,25.3424,25.286,25.3424,531,0
SWP.US,D,20250609,000000,25.365,25.42,25.34,25.3853,2403,0
SWP.US,D,20250610,000000,25.45,25.49,25.4499,25.4756,11365,0
SWP.US,D,20250611,000000,25.5155,25.61,25.4804,25.4846,8656,0
SWP.US,D,20250612,000000,25.65,25.65,25.62,25.6437,1854,0
SWP.US,D,20250613,000000,25.4,25.56,25.37,25.37,2824,0
SWP.US,D,20250616,000000,25.25,25.6,25.25,25.57,3720,0
SWP.US,D,20250617,000000,25.82,25.82,25.38,25.44,20076,0
SWP.US,D,20250618,000000,25.4,25.5394,25.4,25.4081,8995,0
SWP.US,D,20250620,000000,25.41,25.61,25.34,25.34,5415,0
SWP.US,D,20250623,000000,25.43,25.62,25.28,25.62,8909,0
SWP.US,D,20250624,000000,25.705,25.895,25.705,25.89,1173,0
SWP.US,D,20250625,000000,25.7622,25.77,25.7598,25.77,304,0
SWP.US,D,20250626,000000,25.85,26.0235,25.85,26.0235,3075,0
SWP.US,D,20250627,000000,25.89,25.99,25.83,25.99,1685,0
SWP.US,D,20250630,000000,26.07,26.17,26,26.06,53565,0
SWP.US,D,20250701,000000,26.1365,26.25,26.1365,26.16,8639,0
SWP.US,D,20250702,000000,26.21,26.323,26.2,26.323,20927,0
SWP.US,D,20250703,000000,26.43,26.46,26.35,26.46,1220,0
SWP.US,D,20250707,000000,26.4,26.4,26.28,26.38,7073,0
SWP.US,D,20250708,000000,26.36,26.39,26.3153,26.36,5350,0
SWP.US,D,20250709,000000,26.39,26.48,26.37,26.4567,1751,0
SWP.US,D,20250710,000000,26.62,26.62,26.5424,26.5424,1206,0
SWP.US,D,20250711,000000,26.405,26.49,26.405,26.4477,10576,0
SWP.US,D,20250714,000000,26.42,26.57,26.42,26.56,29549,0
SWP.US,D,20250715,000000,26.44,26.44,26.32,26.3393,9714,0
SWP.US,D,20250716,000000,26.39,26.49,26.36,26.4827,13614,0
SWP.US,D,20250717,000000,26.48,26.71,26.48,26.6684,8520,0
SWP.US,D,20250718,000000,26.6201,26.68,26.6201,26.6651,5657,0
SWP.US,D,20250721,000000,26.64,26.83,26.64,26.68,6785,0
SWP.US,D,20250722,000000,26.71,26.79,26.69,26.7561,13790,0
SWP.US,D,20250723,000000,26.77,27,26.77,26.971,24898,0
SWP.US,D,20250724,000000,26.9514,27.04,26.95,27.01,19058,0
SWP.US,D,20250725,000000,27.0818,27.17,27.0818,27.1441,29547,0
SWP.US,D,20250728,000000,27.07,27.09,27.055,27.08,11064,0
SWP.US,D,20250729,000000,27.21,27.21,27.09,27.1313,9365,0
SWP.US,D,20250730,000000,27.2,27.23,27,27.0954,140675,0
SWP.US,D,20250731,000000,27.081,27.16,26.9,26.9213,40649,0
SWP.US,D,20250801,000000,26.58,26.86,26.53,26.5934,30312,0
SWP.US,D,20250804,000000,26.87,27.04,26.82,26.9232,15856,0
SWP.US,D,20250805,000000,26.91,26.94,26.8,26.8228,21443,0
SWP.US,D,20250806,000000,26.92,26.92,26.8608,26.9,19417,0
SWP.US,D,20250807,000000,26.97,26.975,26.71,26.7933,2395,0
SWP.US,D,20250808,000000,26.8,26.9893,26.8,26.9255,3472,0
SWP.US,D,20250811,000000,26.87,26.985,26.79,26.8607,10398,0
SWP.US,D,20250812,000000,26.95,27.1311,26.95,27.1311,1451,0
SWP.US,D,20250813,000000,27.21,27.2489,27.08,27.2489,603,0
SWP.US,D,20250814,000000,26.94,27.2381,26.93,27.2381,5982,0
SWP.US,D,20250815,000000,27.17,27.2227,27.12,27.1413,28524,0
SWP.US,D,20250818,000000,27.1252,27.1362,27.05,27.1362,10753,0
SWP.US,D,20250819,000000,27.11,27.17,27.0157,27.035,4452,0
SWP.US,D,20250820,000000,27.01,27.0516,26.96,27.01,4048,0
SWP.US,D,20250821,000000,26.84,26.8974,26.84,26.8974,308,0
SWP.US,D,20250822,000000,27.27,27.36,27.26,27.3068,10866,0
SWP.US,D,20250825,000000,27.28,27.28,27.1597,27.1597,2473,0
SWP.US,D,20250826,000000,27.18,27.3007,27.18,27.3007,4585,0
SWP.US,D,20250827,000000,27.3463,27.419,27.3,27.4074,3198,0
SWP.US,D,20250828,000000,27.42,27.51,27.42,27.4929,6194,0
SWP.US,D,20250829,000000,27.41,27.41,27.265,27.3586,24981,0
SWP.US,D,20250902,000000,27.1186,27.3325,27.055,27.2091,11270,0
SWP.US,D,20250903,000000,27.29,27.35,27.2,27.3126,20735,0
SWP.US,D,20250904,000000,27.32,27.53,27.32,27.5075,8395,0
SWP.US,D,20250905,000000,27.54,27.5422,27.54,27.5422,566,0
SWP.US,D,20250908,000000,27.54,27.645,27.54,27.645,5060,0
SWP.US,D,20250909,000000,27.68,27.68,27.61,27.6405,5343,0
SWP.US,D,20250910,000000,27.94,28.0155,27.895,27.9543,13649,0
SWP.US,D,20250911,000000,28.1601,28.23,28.1601,28.2148,10464,0
SWP.US,D,20250912,000000,28.16,28.16,28.1,28.1023,3499,0
SWP.US,D,20250915,000000,28.16,28.2,28.14,28.161,26896,0
SWP.US,D,20250916,000000,28.11,28.11,28.07,28.0816,5621,0
SWP.US,D,20250917,000000,28.1238,28.18,28.1014,28.1014,9002,0
SWP.US,D,20250918,000000,28.215,28.24,28.1307,28.235,4433,0
SWP.US,D,20250919,000000,28.21,28.3,28.2,28.2965,35999,0
SWP.US,D,20250922,000000,28.4086,28.42,28.38,28.4181,4168,0
SWP.US,D,20250923,000000,28.44,28.5099,28.3,28.325,12435,0
SWP.US,D,20250924,000000,28.285,28.3494,28.1352,28.1453,8228,0
SWP.US,D,20250925,000000,27.94,27.9555,27.8604,27.9555,3332,0
SWP.US,D,20250926,000000,28.05,28.0894,27.99,28.0894,5338,0
SWP.US,D,20250929,000000,27.7,27.7,27.6,27.6514,8987,0
SWP.US,D,20250930,000000,27.71,27.71,27.46,27.6784,7941,0
SWP.US,D,20251001,000000,27.63,27.8267,27.63,27.8267,13750,0
SWP.US,D,20251002,000000,27.78,27.78,27.65,27.755,7973,0
SWP.US,D,20251003,000000,27.899,27.92,27.876,27.8764,2259,0
SWP.US,D,20251006,000000,27.9024,28.02,27.9024,28.0033,3801,0
SWP.US,D,20251007,000000,27.8,27.8106,27.78,27.8106,5016,0
SWP.US,D,20251008,000000,27.85,27.85,27.805,27.805,2071,0
SWP.US,D,20251010,000000,27.76,27.76,27.04,27.04,6122,0
SWP.US,D,20251013,000000,27.47,27.6,27.47,27.555,12799,0
SWP.US,D,20251014,000000,27.48,27.78,27.48,27.67,11794,0
SWP.US,D,20251015,000000,27.97,27.97,27.64,27.7715,4273,0
SWP.US,D,20251016,000000,27.71,27.71,27.49,27.503,8390,0
SWP.US,D,20251017,000000,27.55,27.65,27.49,27.605,10810,0
SWP.US,D,20251020,000000,27.81,27.85,27.7601,27.835,7654,0
SWP.US,D,20251021,000000,27.8,27.86,27.8,27.8164,6619,0
SWP.US,D,20251022,000000,27.8992,27.8992,27.65,27.7604,23543,0
SWP.US,D,20251023,000000,27.81,27.96,27.81,27.915,98715,0
SWP.US,D,20251024,000000,28.12,28.25,28.12,28.1489,104488,0
SWP.US,D,20251027,000000,28.22,28.35,28.2088,28.3165,97028,0
SWP.US,D,20251028,000000,28.339,28.4,28.339,28.344,18905,0
SWP.US,D,20251029,000000,28.43,28.44,28.22,28.2589,5961,0
SWP.US,D,20251030,000000,28.38,28.4306,28.315,28.315,14220,0
SWP.US,D,20251031,000000,28.1401,28.26,28.14,28.2215,3560,0
SWP.US,D,20251103,000000,28.1378,28.194,28.02,28.1608,10026,0
SWP.US,D,20251104,000000,28.06,28.0667,28.005,28.005,4260,0
SWP.US,D,20251105,000000,28.07,28.19,28.04,28.14,16354,0
