<TICKER>,<PER>,<DATE>,<TIME>,<OPEN>,<HIGH>,<LOW>,<CLOSE>,<VOL>,<OPENINT>
DXF.US,D,20250205,000000,33.33,35,27,28.92,74025,0
DXF.US,D,20250206,000000,30.2,31,27.5,28.41,27777,0
DXF.US,D,20250207,000000,29.662,31.56,26.28,27.89,33557,0
DXF.US,D,20250210,000000,28,30.3,19.03,21.63,51866,0
DXF.US,D,20250211,000000,22.08,23.98,20.21,20.2169,20804,0
DXF.US,D,20250212,000000,21.01,21.64,18.07,20.42,18682,0
DXF.US,D,20250213,000000,21.55,22.85,18.1001,18.74,23524,0
DXF.US,D,20250214,000000,20.02,20.15,15.7401,16.1,27283,0
DXF.US,D,20250218,000000,17.92,18.5,12.0053,13.5,44781,0
DXF.US,D,20250219,000000,15.8981,18.04,13.05,13.5,135287,0
DXF.US,D,20250220,000000,14.0204,15,12.1,13.52,36424,0
DXF.US,D,20250221,000000,13.166,13.98,10.02,10.02,52197,0
DXF.US,D,20250224,000000,10.02,13.6,10.02,13.34,84786,0
DXF.US,D,20250225,000000,13.99,13.99,10.83,11.221,29486,0
DXF.US,D,20250226,000000,10.65,12.03,10.5,11.55,18623,0
DXF.US,D,20250227,000000,10.7684,11,9.22,9.22,6844,0
DXF.US,D,20250228,000000,10.24,10.82,7.25,8.12,61031,0
DXF.US,D,20250303,000000,9,9.1,8.21,8.21,9894,0
DXF.US,D,20250304,000000,8.04,8.49,7.3785,7.44,13603,0
DXF.US,D,20250305,000000,7.4285,8.9953,7.4285,7.66,109479,0
DXF.US,D,20250306,000000,8.13,8.25,7.1,7.16,32428,0
DXF.US,D,20250307,000000,7.09,7.49,6.55,7,26647,0
DXF.US,D,20250310,000000,6.8941,6.94,6.06,6.06,11296,0
DXF.US,D,20250311,000000,6.53,8.47,6.05,6.32,86370,0
DXF.US,D,20250312,000000,6.32,6.45,5.2,5.98,33877,0
DXF.US,D,20250313,000000,5.74,6.98,5.6,6.26,51207,0
DXF.US,D,20250314,000000,6.9499,8.5975,6.32,7.63,68195,0
DXF.US,D,20250317,000000,6.91,8.22,6.87,7.46,28756,0
DXF.US,D,20250318,000000,7.6395,9.35,7.45,8.87,43029,0
DXF.US,D,20250319,000000,8.4,8.86,7.55,7.81,33194,0
DXF.US,D,20250320,000000,7.75,8.5866,7.39,7.83,49408,0
DXF.US,D,20250321,000000,7.9955,8.075,7.1233,7.4,23473,0
DXF.US,D,20250324,000000,7.48,7.48,7.05,7.45,17259,0
DXF.US,D,20250325,000000,7.3403,7.9684,7.32,7.42,12790,0
DXF.US,D,20250326,000000,7.4132,7.585,6.85,7.08,20754,0
DXF.US,D,20250327,000000,7.2,7.65,6.6,7.06,40811,0
DXF.US,D,20250328,000000,7.1078,7.175,6.81,7.075,6593,0
DXF.US,D,20250331,000000,6.6701,7.33,6.6588,7.33,22105,0
DXF.US,D,20250401,000000,7.3957,8.18,6.91,7.31,42678,0
DXF.US,D,20250402,000000,6.92,7.33,6.5,6.89,30495,0
DXF.US,D,20250403,000000,6.9,6.95,6.37,6.59,11432,0
DXF.US,D,20250404,000000,6.38,6.89,5.8,6.31,25807,0
DXF.US,D,20250407,000000,5.855,6.44,5.75,6,21961,0
DXF.US,D,20250408,000000,6.14,8.1198,5.8,6.42,274264,0
DXF.US,D,20250409,000000,7.7285,13,6.3,7.8,2951243,0
DXF.US,D,20250410,000000,6.63,6.9699,5.51,5.8,156930,0
DXF.US,D,20250411,000000,5.63,6.1899,4.8,5.8,142309,0
DXF.US,D,20250414,000000,5.79,7.47,5.5628,6.42,212740,0
DXF.US,D,20250415,000000,6.3433,6.57,5.15,5.69,175267,0
DXF.US,D,20250416,000000,5.6,11.1,5.5,9.25,7678588,0
DXF.US,D,20250417,000000,12.2859,14.5,8.6,8.7,6851287,0
DXF.US,D,20250421,000000,8.59,8.6,7,7.05,195931,0
DXF.US,D,20250422,000000,7.3466,8.3487,7.2,7.77,253900,0
DXF.US,D,20250423,000000,7.817,8.03,6.43,7.1,168982,0
DXF.US,D,20250424,000000,7.15,7.38,6.45,6.45,106099,0
DXF.US,D,20250425,000000,6.54,7.06,6.15,6.81,139124,0
DXF.US,D,20250428,000000,6.655,7,6.23,6.53,286689,0
DXF.US,D,20250429,000000,6.6257,7.8676,6.5,6.89,391137,0
DXF.US,D,20250430,000000,6.55,7.18,6.28,6.32,136354,0
DXF.US,D,20250501,000000,6.48,6.5,5.86,6.25,75969,0
DXF.US,D,20250502,000000,6.43,6.66,5.99,6.33,98403,0
DXF.US,D,20250505,000000,6.2,7.2,6.15,6.75,153129,0
DXF.US,D,20250506,000000,6.55,8.8199,6.4,7.65,628570,0
DXF.US,D,20250507,000000,8.08,8.9,7.5,7.75,454453,0
DXF.US,D,20250508,000000,7.46,7.6808,6.76,6.9,134763,0
DXF.US,D,20250509,000000,6.9,8.35,6.78,7.32,441750,0
DXF.US,D,20250512,000000,8.01,8.98,7,8,430056,0
DXF.US,D,20250513,000000,8.3948,8.4872,7.55,7.91,202172,0
DXF.US,D,20250514,000000,7.85,7.9999,7.09,7.9,104808,0
DXF.US,D,20250515,000000,7.4,7.4,7.02,7.02,51646,0
DXF.US,D,20250516,000000,7.23,7.7499,6.95,7.22,70173,0
DXF.US,D,20250519,000000,7.01,7.2,6.71,7,72818,0
DXF.US,D,20250520,000000,7.13,7.7,6.85,7.34,66014,0
DXF.US,D,20250521,000000,7.2,7.4991,7,7.11,49264,0
DXF.US,D,20250522,000000,7.11,7.43,6.85,7.3,56583,0
DXF.US,D,20250523,000000,6.3001,6.85,5.7,6.85,130718,0
DXF.US,D,20250527,000000,6.9948,7,6.43,6.7001,51919,0
DXF.US,D,20250528,000000,6.75,6.75,6.1,6.16,33697,0
DXF.US,D,20250529,000000,6.45,7.2,6.173562,6.6,214175,0
DXF.US,D,20250530,000000,6.6,6.9,6.175,6.177,79774,0
DXF.US,D,20250602,000000,6.4,6.53,6.13,6.5,46832,0
DXF.US,D,20250603,000000,6.32,6.6,6.21,6.22,20077,0
DXF.US,D,20250604,000000,6.32,6.9376,6.14,6.79,158004,0
DXF.US,D,20250605,000000,6.55,7.08,6.3001,6.61,99616,0
DXF.US,D,20250606,000000,6.6,7.09,6.51,6.75,41827,0
DXF.US,D,20250609,000000,6.6883,6.8,6.3301,6.42,33222,0
DXF.US,D,20250610,000000,6.65,6.85,6.5195,6.59,40294,0
DXF.US,D,20250611,000000,6.7,6.8,6.4,6.56,50835,0
DXF.US,D,20250612,000000,6.6,6.85,6.3,6.3,61165,0
DXF.US,D,20250613,000000,6.29,6.3,5.58,5.77,73499,0
DXF.US,D,20250616,000000,5.8347,6.1989,5.75,5.8,61514,0
DXF.US,D,20250617,000000,5.92,6.022,5.2,5.5,52819,0
DXF.US,D,20250618,000000,5.68,5.89,5.15,5.54,44577,0
DXF.US,D,20250620,000000,5.6,5.85,5.45,5.56,21377,0
DXF.US,D,20250623,000000,5.4,5.66,5.21,5.36,25283,0
DXF.US,D,20250624,000000,5.501,5.64,4.8,5.18,59714,0
DXF.US,D,20250625,000000,5.26,5.38,4.2,4.85,104720,0
DXF.US,D,20250626,000000,4.95,4.99,4.7,4.75,28397,0
DXF.US,D,20250627,000000,4.9005,4.92,4.6,4.63,13407,0
DXF.US,D,20250630,000000,4.64,5.41,4.4,5,52226,0
DXF.US,D,20250701,000000,5.084,5.2786,5,5.24,17425,0
DXF.US,D,20250702,000000,5.067,5.2187,4.96,5.15,12881,0
DXF.US,D,20250703,000000,5.14,5.35,4.985,5.2604,28481,0
DXF.US,D,20250707,000000,5.13,5.2,4.92,4.96,11342,0
DXF.US,D,20250708,000000,5.1921,5.1921,4.96,5.18,5190,0
DXF.US,D,20250709,000000,5.18,5.18,4.8,4.85,24593,0
DXF.US,D,20250710,000000,5,5.7,4.85,5.64,70178,0
DXF.US,D,20250711,000000,5.37,5.45,4.9,4.9,55021,0
DXF.US,D,20250714,000000,4.9,5.17,4.885,5.15,19325,0
DXF.US,D,20250715,000000,5.09,5.1285,4.91,4.91,12390,0
DXF.US,D,20250716,000000,4.91,5.03,4.86,5.01,14030,0
DXF.US,D,20250717,000000,4.96,5,4.71,5,14302,0
DXF.US,D,20250718,000000,4.8655,4.95,4.7,4.86,26032,0
DXF.US,D,20250721,000000,4.805,5.1488,4.57,4.88,51453,0
DXF.US,D,20250722,000000,4.88,5.02,4.8,4.97,12307,0
DXF.US,D,20250723,000000,4.97,4.97,4.8,4.85,12803,0
DXF.US,D,20250724,000000,4.84,4.9743,4.5,4.76,30962,0
DXF.US,D,20250725,000000,4.76,4.7948,4.41,4.67,28599,0
DXF.US,D,20250728,000000,4.78,5.73,4.45,5.16,211098,0
DXF.US,D,20250729,000000,4.9,5,4.525,4.62,82697,0
DXF.US,D,20250730,000000,4.62,4.6965,4.41,4.41,25262,0
DXF.US,D,20250731,000000,4.41,4.48,4.34,4.48,21144,0
DXF.US,D,20250801,000000,4.34,4.4312,3.58,4.38,30502,0
DXF.US,D,20250804,000000,4.1631,4.58,4.1631,4.58,26861,0
DXF.US,D,20250805,000000,4.42,4.65,4.15,4.65,40924,0
DXF.US,D,20250806,000000,4.46,4.48,4.16,4.27,26619,0
DXF.US,D,20250807,000000,4.185,4.3641,4.0395,4.29,41642,0
DXF.US,D,20250808,000000,4.147,4.48,3.7501,4.48,67045,0
DXF.US,D,20250811,000000,4.25,4.5499,4.2,4.2,47808,0
DXF.US,D,20250812,000000,4.24,4.51,4.18,4.51,43644,0
DXF.US,D,20250813,000000,4.4,4.6,4.2901,4.6,37029,0
DXF.US,D,20250814,000000,4.3553,4.49,4.15,4.17,28079,0
DXF.US,D,20250815,000000,4.2604,4.88,4.15,4.8,232669,0
DXF.US,D,20250818,000000,4.4,5,4.05,4.41,158940,0
DXF.US,D,20250819,000000,4.4501,4.75,4.35,4.42,123001,0
DXF.US,D,20250820,000000,4.4393,4.5,4.1,4.1,62088,0
DXF.US,D,20250821,000000,4.289,4.45,4.11,4.29,30939,0
DXF.US,D,20250822,000000,4.28,4.74,4.22,4.62,47015,0
DXF.US,D,20250825,000000,4.5308,4.6099,4.41,4.48,80371,0
DXF.US,D,20250826,000000,4.6362,4.74,4.3,4.72,57274,0
DXF.US,D,20250827,000000,4.605,4.99,4.5988,4.87,23797,0
DXF.US,D,20250828,000000,5.12,5.1384,4.552,4.57,39264,0
DXF.US,D,20250829,000000,4.6,4.6,4.02,4.45,33493,0
DXF.US,D,20250902,000000,4.37,4.46,4.2064,4.45,12119,0
DXF.US,D,20250903,000000,4.45,4.84,4.2737,4.52,86952,0
DXF.US,D,20250904,000000,4.4,4.6143,4.32,4.54,26839,0
DXF.US,D,20250905,000000,4.54,4.7,4.4,4.47,15718,0
DXF.US,D,20250908,000000,4.5,5.54,4.5,4.79,201962,0
DXF.US,D,20250909,000000,5.3,5.79,4.4,5.7,353787,0
DXF.US,D,20250910,000000,5.52,6.71,5.15,5.3,184439,0
DXF.US,D,20250911,000000,5.16,5.7472,5.11,5.27,41219,0
DXF.US,D,20250912,000000,5.28,5.4,5.05,5.16,17432,0
DXF.US,D,20250915,000000,5.1558,5.32,4.7,4.85,39926,0
DXF.US,D,20250916,000000,4.96,5.5,4.7,4.93,169313,0
DXF.US,D,20250917,000000,5.16,5.1927,4.8,4.9,57149,0
DXF.US,D,20250918,000000,4.9,5,4.63,4.7,28710,0
DXF.US,D,20250919,000000,4.72,5.19,4.72,4.985,30803,0
DXF.US,D,20250922,000000,4.88,5,4.65,4.82,23433,0
DXF.US,D,20250923,000000,5.9,6,5.05,5.47,677581,0
DXF.US,D,20250924,000000,5.25,5.49,5.1,5.415,266664,0
DXF.US,D,20250925,000000,5.65,6.49,5.4,6.15,511726,0
DXF.US,D,20250926,000000,6.17,6.3,3.85,4.24,590700,0
DXF.US,D,20250929,000000,4.24,4.35,3.72,3.75,123031,0
DXF.US,D,20250930,000000,3.78,3.8912,3.66,3.68,52293,0
DXF.US,D,20251001,000000,3.63,3.7,3.1576,3.56,68258,0
DXF.US,D,20251002,000000,3.7065,3.9,3.56,3.56,37171,0
DXF.US,D,20251003,000000,3.57,3.72,3.3,3.33,42702,0
DXF.US,D,20251006,000000,3.27,3.3894,3.0324,3.28,77946,0
DXF.US,D,20251007,000000,3.21,3.38,3.03,3.27,97160,0
DXF.US,D,20251008,000000,3.43,3.43,3.04,3.2,144191,0
DXF.US,D,20251009,000000,3.36,3.36,3.17,3.295,74130,0
DXF.US,D,20251010,000000,3.3,3.4,3.08,3.23,40905,0
DXF.US,D,20251013,000000,3.23,3.23,3.07,3.22,30145,0
DXF.US,D,20251014,000000,3.0996,3.49,3.0996,3.4,136812,0
DXF.US,D,20251015,000000,3.39,3.4,3.07,3.135,82545,0
DXF.US,D,20251016,000000,3.18,3.225,3.09,3.15,28241,0
DXF.US,D,20251017,000000,3.12,3.125,2.95,3.1199,39209,0
DXF.US,D,20251020,000000,3.011,3.35,3.0016,3.23,46249,0
DXF.US,D,20251021,000000,3.065,3.23,2.95,3.2,42092,0
DXF.US,D,20251022,000000,2.98,3.0764,2.86,2.87,41962,0
DXF.US,D,20251023,000000,2.93,3.07,2.87,2.87,13573,0
DXF.US,D,20251024,000000,2.9192,2.938,2.682,2.85,12014,0
DXF.US,D,20251027,000000,2.8399,2.99,2.81,2.96,7219,0
DXF.US,D,20251028,000000,2.88,2.95,2.81,2.93,7651,0
DXF.US,D,20251029,000000,2.85,2.9,2.71,2.71,8215,0
DXF.US,D,20251030,000000,2.72,2.93,2.45,2.79,469132,0
DXF.US,D,20251031,000000,2.78,3.08,2.58,2.84,191217,0
DXF.US,D,20251103,000000,2.74,2.75,2.6,2.64,159451,0
DXF.US,D,20251104,000000,2.65,2.91,2,2.73,28285,0
DXF.US,D,20251105,000000,2.73,2.73,2.4522,2.51,15513,0
