<TICKER>,<PER>,<DATE>,<TIME>,<OPEN>,<HIGH>,<LOW>,<CLOSE>,<VOL>,<OPENINT>
EGG.US,D,20250618,000000,6.53,13.34,5.89,6.53,1510058,0
EGG.US,D,20250620,000000,6.15,6.3254,3.943,4.67,269298,0
EGG.US,D,20250623,000000,4.21,4.4,3.5249,3.86,316494,0
EGG.US,D,20250624,000000,3.88,3.88,2.53,2.98,831823,0
EGG.US,D,20250625,000000,2.9798,3.8499,2.6393,3.54,529328,0
EGG.US,D,20250626,000000,3.7381,4.36,3.08,3.39,547786,0
EGG.US,D,20250627,000000,3.2,3.47,3.15,3.47,303949,0
EGG.US,D,20250630,000000,3.225,3.59,3.21,3.47,77878,0
EGG.US,D,20250701,000000,3.25,3.5,3.25,3.37,138907,0
EGG.US,D,20250702,000000,3.355,3.8398,3.2,3.7,609087,0
EGG.US,D,20250703,000000,3.8446,6.98,3.815,5.68,8831691,0
EGG.US,D,20250707,000000,4.875,5.31,4.5,4.85,494365,0
EGG.US,D,20250708,000000,4.7512,6.3509,4.51,6,388465,0
EGG.US,D,20250709,000000,5.81,13.88,5.75,8.77,2871830,0
EGG.US,D,20250710,000000,7.94,9.83,7.1475,7.6,314385,0
EGG.US,D,20250711,000000,7.71,8.0067,6.082,6.09,146400,0
EGG.US,D,20250714,000000,6.2,6.82,5.72,6.3,117409,0
EGG.US,D,20250715,000000,6.4,6.6,6.01,6.02,53935,0
EGG.US,D,20250716,000000,6.22,6.94,6.2,6.25,132716,0
EGG.US,D,20250717,000000,6.69,6.69,5.51,6.04,101995,0
EGG.US,D,20250718,000000,6.1,6.17,6.04,6.14,20285,0
EGG.US,D,20250721,000000,6.5,6.5784,5.9,6.03,45650,0
EGG.US,D,20250722,000000,6.155,6.27,5.83,6.16,28378,0
EGG.US,D,20250723,000000,6.2256,6.3267,5.7001,5.86,40942,0
EGG.US,D,20250724,000000,6.21,6.3202,5.79,5.79,20690,0
EGG.US,D,20250725,000000,5.69,5.95,5.51,5.66,30261,0
EGG.US,D,20250728,000000,5.66,6.0567,5.52,5.71,26362,0
EGG.US,D,20250729,000000,5.86,5.87,5.4,5.4,15202,0
EGG.US,D,20250730,000000,5.35,5.8,5.21,5.21,13295,0
EGG.US,D,20250731,000000,5.3383,5.435,5.1855,5.2,77350,0
EGG.US,D,20250801,000000,5.01,5.02,4.5,4.5,20912,0
EGG.US,D,20250804,000000,4.87,5.347,4.43,5.15,9285,0
EGG.US,D,20250805,000000,5.21,5.62,4.835,5.62,84002,0
EGG.US,D,20250806,000000,5.48,5.5,5.3402,5.5,8285,0
EGG.US,D,20250807,000000,5.6,5.65,5.4,5.48,5771,0
EGG.US,D,20250808,000000,5.49,5.52,5.27,5.3,7847,0
EGG.US,D,20250811,000000,5.2,5.3799,5.2,5.29,3832,0
EGG.US,D,20250812,000000,5.1908,5.6946,5.152,5.39,5016,0
EGG.US,D,20250813,000000,5.9334,5.9334,5.2181,5.67,7102,0
EGG.US,D,20250814,000000,5.89,7.8,5.6104,7.28,308055,0
EGG.US,D,20250815,000000,7.5,7.5,6.01,6.5199,47929,0
EGG.US,D,20250818,000000,6.51,6.57,6.1,6.15,5678,0
EGG.US,D,20250819,000000,6.18,7.24,6.17,6.8,26675,0
EGG.US,D,20250820,000000,6.3299,6.6872,6.3299,6.4,6759,0
EGG.US,D,20250821,000000,6.35,6.39,5.62,5.85,7355,0
EGG.US,D,20250822,000000,6.02,6.195,5.9,6,7319,0
EGG.US,D,20250825,000000,6,6.42,5.53,6.33,8043,0
EGG.US,D,20250826,000000,6.46,6.46,5.91,5.91,8007,0
EGG.US,D,20250827,000000,5.91,6,5.8,5.8,5465,0
EGG.US,D,20250828,000000,6,6.1999,5.83,5.83,4411,0
EGG.US,D,20250829,000000,5.7362,5.98,5.65,5.65,3378,0
EGG.US,D,20250902,000000,5.9,5.9,5.52,5.69,7263,0
EGG.US,D,20250903,000000,5.64,5.79,5.53,5.76,2666,0
EGG.US,D,20250904,000000,5.76,6.3636,5.76,6.01,9141,0
EGG.US,D,20250905,000000,6.0089,6.11,5.8801,6.11,4987,0
EGG.US,D,20250908,000000,6.12,6.2,5.83,5.83,3512,0
EGG.US,D,20250909,000000,5.5888,5.76,5.48,5.51,2737,0
EGG.US,D,20250910,000000,5.6,5.85,5.6,5.64,2462,0
EGG.US,D,20250911,000000,5.69,6,5.6606,6,5952,0
EGG.US,D,20250912,000000,6,6.27,5.6668,5.71,16376,0
EGG.US,D,20250915,000000,6.4756,6.49,5.5,5.74,35110,0
EGG.US,D,20250916,000000,5.77,6.0966,5.5,5.5,15623,0
EGG.US,D,20250917,000000,5.9755,6.0095,5.6,5.6,56626,0
EGG.US,D,20250918,000000,5.811,5.93,5.43,5.55,12574,0
EGG.US,D,20250919,000000,5.54,5.8,5.54,5.6,6702,0
EGG.US,D,20250922,000000,5.6698,6.18,5.575,5.93,18570,0
EGG.US,D,20250923,000000,5.8,6.1,5.6399,5.83,7748,0
EGG.US,D,20250924,000000,5.83,6.288,5.6,6.09,23441,0
EGG.US,D,20250925,000000,6,6.6992,6,6.38,35616,0
EGG.US,D,20250926,000000,7.1,7.4,6.0478,7,339106,0
EGG.US,D,20250929,000000,7.77,8.19,5.5598,5.87,359306,0
EGG.US,D,20250930,000000,5.86,6.28,5.8,5.8,31927,0
EGG.US,D,20251001,000000,5.6865,6.17,5.6438,6.02,17394,0
EGG.US,D,20251002,000000,5.7757,5.83,5.63,5.63,7229,0
EGG.US,D,20251003,000000,5.82,5.99,5.31,5.31,231982,0
EGG.US,D,20251006,000000,5.84,5.97,5.3,5.66,120828,0
EGG.US,D,20251007,000000,5.69,5.95,5.52,5.6461,175876,0
EGG.US,D,20251008,000000,5.78,5.96,5.61,5.78,70266,0
EGG.US,D,20251009,000000,5.5969,5.675,5.52,5.65,7069,0
EGG.US,D,20251010,000000,5.84,5.84,5.4,5.4,6040,0
EGG.US,D,20251013,000000,5.45,5.46,5.02,5.19,14765,0
EGG.US,D,20251014,000000,5.105,5.33,4.9592,5.1,41002,0
EGG.US,D,20251015,000000,5.2,5.2,4.39,4.41,20322,0
EGG.US,D,20251016,000000,4.6159,4.65,3.74,3.93,29107,0
EGG.US,D,20251017,000000,3.98,4.2,3.63,3.63,32129,0
EGG.US,D,20251020,000000,3.75,3.75,3.3339,3.38,8834,0
EGG.US,D,20251021,000000,3.33,3.69,3.26,3.5,7152,0
EGG.US,D,20251022,000000,3.41,3.518,3.32,3.5,4594,0
EGG.US,D,20251023,000000,3.2551,3.88,3.2551,3.59,43026,0
EGG.US,D,20251024,000000,3.94,5.9,3.6,4.99,522183,0
EGG.US,D,20251027,000000,4.4,4.76,4,4.38,35338,0
EGG.US,D,20251028,000000,4.6,4.6,4.29,4.33,9108,0
EGG.US,D,20251029,000000,4.32,4.97,4.06,4.75,18062,0
EGG.US,D,20251030,000000,4.75,4.75,4.301,4.4,5570,0
EGG.US,D,20251031,000000,4.59,4.59,3.9,3.92,10982,0
EGG.US,D,20251103,000000,4.06,4.345,3.93,4.3,8613,0
EGG.US,D,20251104,000000,3.99,4.221,3.92,3.92,6120,0
EGG.US,D,20251105,000000,4.11,4.25,3.97,4.22,3459,0
