<TICKER>,<PER>,<DATE>,<TIME>,<OPEN>,<HIGH>,<LOW>,<CLOSE>,<VOL>,<OPENINT>
WOK.US,D,20240823,000000,360,420,350,360,10727,0
WOK.US,D,20240826,000000,361,399,355,370,3830,0
WOK.US,D,20240827,000000,360,370,326,353,2307.4,0
WOK.US,D,20240828,000000,351,405,351,375,3396.71,0
WOK.US,D,20240829,000000,384,529,371,393,12443.43,0
WOK.US,D,20240830,000000,405,580,405,481,27230.98,0
WOK.US,D,20240903,000000,476,660,447,631,11101.11,0
WOK.US,D,20240904,000000,647,807.69,620.04,757,8029.52,0
WOK.US,D,20240905,000000,768,793,415.01,535,7207.96,0
WOK.US,D,20240906,000000,483,553.58,450,455,2108.96,0
WOK.US,D,20240909,000000,479,540,450,505,1362.31,0
WOK.US,D,20240910,000000,500,548.27,484.01,504,854.73,0
WOK.US,D,20240911,000000,492,522,472.03,487,807.41,0
WOK.US,D,20240912,000000,495,544,491,515,963.24,0
WOK.US,D,20240913,000000,507,520,466,466,549.1800000000001,0
WOK.US,D,20240916,000000,460,477,411,434,942.57,0
WOK.US,D,20240917,000000,450,450,420,420,136.37,0
WOK.US,D,20240918,000000,426,460,420.1,436,1079.8600000000001,0
WOK.US,D,20240919,000000,429,454.99,420.01,444,331.96,0
WOK.US,D,20240920,000000,446,480,444,450,401.7,0
WOK.US,D,20240923,000000,445,467,439,439,177.42000000000002,0
WOK.US,D,20240924,000000,439,537.42,439,526,1414.84,0
WOK.US,D,20240925,000000,542,542,440.01,494,1453.66,0
WOK.US,D,20240926,000000,480,600,480,538,1231.93,0
WOK.US,D,20240927,000000,520.5,580,504,552,370.26,0
WOK.US,D,20240930,000000,545,591.66,490,514.01,1761.21,0
WOK.US,D,20241001,000000,545,545,479,480,545.79,0
WOK.US,D,20241002,000000,479,529.99,466,490,583.01,0
WOK.US,D,20241003,000000,487,490,470,476,158.98,0
WOK.US,D,20241004,000000,480,512,471,471,132.99,0
WOK.US,D,20241007,000000,480,563.6,476,545,611.67,0
WOK.US,D,20241008,000000,534,559.99,504,540,337.43,0
WOK.US,D,20241009,000000,542,586,516,537,581.5500000000001,0
WOK.US,D,20241010,000000,516,561,516,539,190.81,0
WOK.US,D,20241011,000000,539,558,519.01,553,392.15000000000003,0
WOK.US,D,20241014,000000,540,660,522.8,554,2297.71,0
WOK.US,D,20241015,000000,545,597,536,597,191.48000000000002,0
WOK.US,D,20241016,000000,580,653,570,648,599.49,0
WOK.US,D,20241017,000000,673,673,619,635,240.63,0
WOK.US,D,20241018,000000,650,655.5,616,626,157.42000000000002,0
WOK.US,D,20241021,000000,628,668.96,612,620,523.48,0
WOK.US,D,20241022,000000,640,652,571.1,599,803.3000000000001,0
WOK.US,D,20241023,000000,631.31,668.99,609,626.69,180.52,0
WOK.US,D,20241024,000000,626,689,626,651,791.02,0
WOK.US,D,20241025,000000,614.94,677.63,613,641,372.93,0
WOK.US,D,20241028,000000,616,705.5,607.08,650,936.47,0
WOK.US,D,20241029,000000,651,669,633.01,635,200.92000000000002,0
WOK.US,D,20241030,000000,647.36,659,613,616,304.84000000000003,0
WOK.US,D,20241031,000000,626,660,563.47,600.01,732.69,0
WOK.US,D,20241101,000000,611,666,596,610,618.29,0
WOK.US,D,20241104,000000,610,620.33,590,595,212.61,0
WOK.US,D,20241105,000000,587.5,605.25,585,603,86.73,0
WOK.US,D,20241106,000000,618.27,632,598,598,50.88,0
WOK.US,D,20241107,000000,598,623,576,623,145.73,0
WOK.US,D,20241108,000000,584,618,560,567,419.37,0
WOK.US,D,20241111,000000,549,585,525,545,692.98,0
WOK.US,D,20241112,000000,575.5,585,529,529,148.22,0
WOK.US,D,20241113,000000,536,585,529,580,151.6,0
WOK.US,D,20241114,000000,566,674.99,566,642,1293.5,0
WOK.US,D,20241115,000000,640,652,600,606,164.86,0
WOK.US,D,20241118,000000,622,624.94,590,590,203.57,0
WOK.US,D,20241119,000000,640,640,610,610,232.07,0
WOK.US,D,20241120,000000,620,629,585,586,192.39000000000001,0
WOK.US,D,20241121,000000,589,616,572.9,576,116.73,0
WOK.US,D,20241122,000000,588,588,576,578,85.69,0
WOK.US,D,20241125,000000,581,585,572,572,69.63,0
WOK.US,D,20241126,000000,580,605,560,560,208.06,0
WOK.US,D,20241127,000000,595,595,561,561,220.86,0
WOK.US,D,20241129,000000,575,575,547,547,77.35000000000001,0
WOK.US,D,20241202,000000,555,556,530,545.01,107.76,0
WOK.US,D,20241203,000000,554,615,552,599,211.9,0
WOK.US,D,20241204,000000,600,621.13,589,589,112.76,0
WOK.US,D,20241205,000000,606,645,592,592,247.37,0
WOK.US,D,20241206,000000,617,637,607.01,637,107.82000000000001,0
WOK.US,D,20241209,000000,634,669.25,632.74,650.5,123.21000000000001,0
WOK.US,D,20241210,000000,638,649,607,638,66.05,0
WOK.US,D,20241211,000000,630,844.63,529,600,10554.02,0
WOK.US,D,20241212,000000,620,689,361,471,7458.29,0
WOK.US,D,20241213,000000,466,565,438,546,6992.82,0
WOK.US,D,20241216,000000,540,624,494,509,4592.6,0
WOK.US,D,20241217,000000,515,580,498,528,3166.19,0
WOK.US,D,20241218,000000,518,548,435,435,2612.67,0
WOK.US,D,20241219,000000,442,479,396,400,2601.63,0
WOK.US,D,20241220,000000,412.33,500,397,420,1778.71,0
WOK.US,D,20241223,000000,440.5,500,440.5,484,1605.7,0
WOK.US,D,20241224,000000,465,495,458,473,2666.3,0
WOK.US,D,20241226,000000,460,499.15,422.84,487,2332.16,0
WOK.US,D,20241227,000000,490,492.93,447.01,475,4157.12,0
WOK.US,D,20241230,000000,461,488,450,463,2538.7000000000003,0
WOK.US,D,20241231,000000,464,520,432,482,3307.11,0
WOK.US,D,20250102,000000,458,500,458,482,3190.38,0
WOK.US,D,20250103,000000,462,483,441,441,1725.1200000000001,0
WOK.US,D,20250106,000000,455.02,470.47,413,430,1786.81,0
WOK.US,D,20250107,000000,430,449,355,382.01,1887.21,0
WOK.US,D,20250108,000000,410,419.94,382,388,1673.21,0
WOK.US,D,20250110,000000,373,441.84,373,432,1725.01,0
WOK.US,D,20250113,000000,425,437.5,393,416,1544.5,0
WOK.US,D,20250114,000000,423,463.5,414,444,1819.77,0
WOK.US,D,20250115,000000,439,482,433,466,1767.15,0
WOK.US,D,20250116,000000,470,542.74,460,489,1911.05,0
WOK.US,D,20250117,000000,491,535,491,501,1623.77,0
WOK.US,D,20250121,000000,511,516.37,465.5,495,1784.44,0
WOK.US,D,20250122,000000,481,566,481,521,2463.11,0
WOK.US,D,20250123,000000,520,570,481.15,483,3280.79,0
WOK.US,D,20250124,000000,491,525,457,482,2643.68,0
WOK.US,D,20250127,000000,451,497,230,257,8626.54,0
WOK.US,D,20250128,000000,257,267,222,238,1125,0
WOK.US,D,20250129,000000,231,262,231,248,329.94,0
WOK.US,D,20250130,000000,251,266,231,231,391.96000000000004,0
WOK.US,D,20250131,000000,233,245,229,229,373.14,0
WOK.US,D,20250203,000000,216,239.98,216,227,346.97,0
WOK.US,D,20250204,000000,226.9,234,220,220,112.3,0
WOK.US,D,20250205,000000,237,237,220,220,147.47,0
WOK.US,D,20250206,000000,220,225,213,219,317.78000000000003,0
WOK.US,D,20250207,000000,219,221,210,214,180.19,0
WOK.US,D,20250210,000000,215,218,187,208,459.94,0
WOK.US,D,20250211,000000,211.93,224.2,211.01,217,260.55,0
WOK.US,D,20250212,000000,223,260,213,242,595.65,0
WOK.US,D,20250213,000000,243,262,230.2,234,604.4,0
WOK.US,D,20250214,000000,225,257.79,225,228,426.59000000000003,0
WOK.US,D,20250218,000000,221,238,202,205,670.02,0
WOK.US,D,20250219,000000,219.88,251.92,200,249,1046.18,0
WOK.US,D,20250220,000000,480,600,85,134,1160113.05,0
WOK.US,D,20250221,000000,131,133,104,107,43752.05,0
WOK.US,D,20250224,000000,105,106,92,96.86,16483.58,0
WOK.US,D,20250225,000000,87.89,89,72.47,73.99,16074.2,0
WOK.US,D,20250226,000000,72.5,83,72.5,77,7064.71,0
WOK.US,D,20250227,000000,74.5,79.99,66.59,70,5781.84,0
WOK.US,D,20250228,000000,75,75.03,68.43,72,8639.82,0
WOK.US,D,20250303,000000,70,71.89,62.11,63.52,5491.71,0
WOK.US,D,20250304,000000,61.9,67.5,59.5,67.5,3197.2200000000003,0
WOK.US,D,20250305,000000,60,69,60,67.0302,1944.71,0
WOK.US,D,20250306,000000,66,72.4599,65.95,66.945,2772.77,0
WOK.US,D,20250307,000000,66,70,64.9951,68.83,1712.06,0
WOK.US,D,20250310,000000,66.18,68.495,62,62.5,2541.34,0
WOK.US,D,20250311,000000,61.62,65.2999,60,62,1506.48,0
WOK.US,D,20250312,000000,62.5,64.99,60.47,61.4,1789.7,0
WOK.US,D,20250313,000000,62,63.89,60.36,62.09,2177.82,0
WOK.US,D,20250314,000000,61.45,66.99,61.45,64,1683.29,0
WOK.US,D,20250317,000000,62.01,64,61,62,1316.34,0
WOK.US,D,20250318,000000,64,64,56.18,60,1701.48,0
WOK.US,D,20250319,000000,58.2,63.8,58.2,61.01,1260.3600000000001,0
WOK.US,D,20250320,000000,63.95,73.99,62.6669,66,9547.93,0
WOK.US,D,20250321,000000,63,65.4401,60,64,1545.8700000000001,0
WOK.US,D,20250324,000000,61.8,64.45,57,62,2690.2000000000003,0
WOK.US,D,20250325,000000,60.8,60.8,58.23,59,1715.7,0
WOK.US,D,20250326,000000,59.5,59.51,57.5,59,1390.1200000000001,0
WOK.US,D,20250327,000000,59.04,59.99,56,56.85,1478.82,0
WOK.US,D,20250328,000000,56.08,56.68,50,50.0001,2024.65,0
WOK.US,D,20250331,000000,50.08,58.9,50.08,56.99,4428.61,0
WOK.US,D,20250401,000000,56.5,58,53.5,57,1064.29,0
WOK.US,D,20250402,000000,57.75,58,54.1,57.5,1424.63,0
WOK.US,D,20250403,000000,55.1,57,52,53.4,1704.51,0
WOK.US,D,20250404,000000,50.1,51.01,46.6636,49.01,2206.71,0
WOK.US,D,20250407,000000,47.62,48.49,42.42,43.25,1920.01,0
WOK.US,D,20250408,000000,48.9,51,42.11,42.7,1937.56,0
WOK.US,D,20250409,000000,41,44,39.51,40.98,4163.41,0
WOK.US,D,20250410,000000,39.75,41.49,37.05,39,3544.44,0
WOK.US,D,20250411,000000,37.05,39.53,37,37.01,3102.1,0
WOK.US,D,20250414,000000,37,40.2,36.13,39.7,3227.65,0
WOK.US,D,20250415,000000,39.7,41,39.321,39.9,1315.54,0
WOK.US,D,20250416,000000,40.7,49.79,40.505,48.03,6179.03,0
WOK.US,D,20250417,000000,48.29,48.29,40,43.62,2272.09,0
WOK.US,D,20250421,000000,42,42.01,38.03,38.03,1251.8600000000001,0
WOK.US,D,20250422,000000,38,42.4,38,41.28,878.71,0
WOK.US,D,20250423,000000,41.5,43.36,41.5,43.36,609.85,0
WOK.US,D,20250424,000000,41.8,43.8,41.8,42.89,565.5500000000001,0
WOK.US,D,20250425,000000,42,42.5049,41,41.11,438.24,0
WOK.US,D,20250428,000000,43.01,43.3,41.03,42.07,737.19,0
WOK.US,D,20250429,000000,40,44.63,40,41.3,593.14,0
WOK.US,D,20250430,000000,39,44,39,42.44,819.03,0
WOK.US,D,20250501,000000,40.15,43.77,40.02,41.03,631.4300000000001,0
WOK.US,D,20250502,000000,41.51,45,41,44.95,1121.7,0
WOK.US,D,20250505,000000,43.6,46.99,41.3,46.65,917.74,0
WOK.US,D,20250506,000000,45,46.6,44,45.55,322.73,0
WOK.US,D,20250507,000000,45.9,45.9,41.05,44.45,550.32,0
WOK.US,D,20250508,000000,44.45,46.8,42.51,46.8,634.02,0
WOK.US,D,20250509,000000,45,57.9,45,55.01,8447.27,0
WOK.US,D,20250512,000000,57.62,57.62,48,50.07,2343.26,0
WOK.US,D,20250513,000000,50.07,57.8,50.07,55.81,3286.1800000000003,0
WOK.US,D,20250514,000000,54.02,62.03,54,55.3551,3773.05,0
WOK.US,D,20250515,000000,53.69,56.9,52,55.97,2150.13,0
WOK.US,D,20250516,000000,54,59.0599,49.01,51.91,2251.94,0
WOK.US,D,20250519,000000,52.5,53.47,47.68,50.1198,1253.96,0
WOK.US,D,20250520,000000,50,52,48.7499,50.56,2185.17,0
WOK.US,D,20250521,000000,90.41,95.21,52.35,69.6,605436.67,0
WOK.US,D,20250522,000000,63.7,73,62.5,68.91,10698.79,0
WOK.US,D,20250523,000000,70,72.99,63.01,70,5451.96,0
WOK.US,D,20250527,000000,67,79.99,62.53,79.9,6571.8,0
WOK.US,D,20250528,000000,80.5,108,70.02,79.98,27371.82,0
WOK.US,D,20250529,000000,76,88,76,87,4381.77,0
WOK.US,D,20250530,000000,85.39,94,85,89.7,3233.96,0
WOK.US,D,20250602,000000,87.01,90.72,84.01,88.7,1747.72,0
WOK.US,D,20250603,000000,84.01,87,78.61,82.51,1987.69,0
WOK.US,D,20250604,000000,80.9,87,80.01,86,1432.75,0
WOK.US,D,20250605,000000,83,86,81.11,85,1310.03,0
WOK.US,D,20250606,000000,90,90,78.59,84,1231.16,0
WOK.US,D,20250609,000000,81.48,85,80.1,82,885.19,0
WOK.US,D,20250610,000000,88.97,88.97,80.11,84,338.26,0
WOK.US,D,20250611,000000,84.28,88,82,88,856.95,0
WOK.US,D,20250612,000000,85.36,85.36,82,83,540.94,0
WOK.US,D,20250613,000000,81,81,76,79,1899.06,0
WOK.US,D,20250616,000000,76.89,78.12,71.0501,78.12,1392.46,0
WOK.US,D,20250617,000000,75.78,77.04,72,76.3,376.31,0
WOK.US,D,20250618,000000,74.5,75.04,71.6,74,103.23,0
WOK.US,D,20250620,000000,73.8,75.76,68.9,72.05,1895.71,0
WOK.US,D,20250623,000000,71,72.09,70.9999,71.11,607.84,0
WOK.US,D,20250624,000000,79,79,71.1201,74,294.36,0
WOK.US,D,20250625,000000,73,74,72,72.61,202.53,0
WOK.US,D,20250626,000000,73,75,70.01,71.34,613.01,0
WOK.US,D,20250627,000000,72,73.61,69.001,71.48,1246.39,0
WOK.US,D,20250630,000000,69.34,71,69,69.01,454.32,0
WOK.US,D,20250701,000000,68.26,71.9475,68.26,71,99.97,0
WOK.US,D,20250702,000000,71,74.6849,69,70.23,502.31,0
WOK.US,D,20250703,000000,73.24,73.25,70.5,71.01,264.62,0
WOK.US,D,20250707,000000,68,71.98,68,71.06,258.87,0
WOK.US,D,20250708,000000,76.37,80.18,71.07,78.01,1822.25,0
WOK.US,D,20250709,000000,75.67,82.42,73.99,78,520.95,0
WOK.US,D,20250710,000000,75,80,71.1001,77,72.29,0
WOK.US,D,20250711,000000,75,76.98,75,75.75,265.2,0
WOK.US,D,20250714,000000,75.01,79.9,75.01,78.15,367,0
WOK.US,D,20250715,000000,77.51,83.99,76.3985,79.93,567.96,0
WOK.US,D,20250716,000000,78.51,79.91,78.03,78.03,117.51,0
WOK.US,D,20250717,000000,78.03,80.76,78.03,79.21,109.88,0
WOK.US,D,20250718,000000,78.03,81.3,78.02,78.7,802.44,0
WOK.US,D,20250721,000000,82,82,78.8,81.94,778.87,0
WOK.US,D,20250722,000000,78.1,80,76,78.02,358.34000000000003,0
WOK.US,D,20250723,000000,78.02,85,77,82.08,1067.21,0
WOK.US,D,20250724,000000,79,86,79,83,1251.28,0
WOK.US,D,20250725,000000,86,86,80.92,82.76,262.01,0
WOK.US,D,20250728,000000,81,83.67,81,81.5,511.66,0
WOK.US,D,20250729,000000,85,85,80,80.01,1336.95,0
WOK.US,D,20250730,000000,77.61,78.66,77,77.59,431.79,0
WOK.US,D,20250731,000000,77.7,77.77,69,77.695,859.19,0
WOK.US,D,20250801,000000,76.2001,77.7,75.4,77.52,443.45,0
WOK.US,D,20250804,000000,76.46,77.89,75.4,76.81,257.94,0
WOK.US,D,20250805,000000,85,85,78.381,79.84,317.11,0
WOK.US,D,20250806,000000,77.8,79.84,77,79.18,256.05,0
WOK.US,D,20250807,000000,80.21,80.21,79,79.05,378.82,0
WOK.US,D,20250808,000000,79.55,80,79.1,79.54,575.94,0
WOK.US,D,20250811,000000,80.1,80.1,78.66,79.11,140.03,0
WOK.US,D,20250812,000000,72.1,79,72.02,78,92.48,0
WOK.US,D,20250813,000000,77.01,80,77.01,78.05,118.48,0
WOK.US,D,20250814,000000,80,80,77.1101,78.55,126.11,0
WOK.US,D,20250815,000000,80,80,77.13,77.13,216.63,0
WOK.US,D,20250818,000000,80,80,78.65,79.065,576.13,0
WOK.US,D,20250819,000000,82,82,79,79.2,315.96,0
WOK.US,D,20250820,000000,83,83,77.69,80,273.58,0
WOK.US,D,20250821,000000,77.31,79,77.31,77.31,121.36,0
WOK.US,D,20250822,000000,77.51,79,77.5,77.52,530.7,0
WOK.US,D,20250825,000000,78,78.8109,77.5,78.3,330.24,0
WOK.US,D,20250826,000000,78.3001,80,77.61,78.31,677.16,0
WOK.US,D,20250827,000000,78.31,80,78,80,118.05,0
WOK.US,D,20250828,000000,78.03,79.5,78.03,78.75,104.61,0
WOK.US,D,20250829,000000,79.01,80,78.0001,78.78,337.91,0
WOK.US,D,20250902,000000,78.22,80,77.51,79.95,455.05,0
WOK.US,D,20250903,000000,79.7,80.35,77.51,78.4,2304.02,0
WOK.US,D,20250904,000000,79,80,77.5,78,470.15000000000003,0
WOK.US,D,20250905,000000,77.51,80,77.5001,78,119.5,0
WOK.US,D,20250908,000000,77.5,81.94,77.5,78.25,473.95,0
WOK.US,D,20250909,000000,78.01,80,78.01,80,295.98,0
WOK.US,D,20250910,000000,79.99,80,78,80,135.11,0
WOK.US,D,20250911,000000,80.15,80.5,78,80.1325,703.91,0
WOK.US,D,20250912,000000,80,80,79,80,102.04,0
WOK.US,D,20250915,000000,79.06,80,78.44,80,1771.97,0
WOK.US,D,20250916,000000,80.06,87,78.5,80.51,1074.85,0
WOK.US,D,20250917,000000,83.55,85,79.11,80.2,706.5500000000001,0
WOK.US,D,20250918,000000,82.5,83,79.2,79.5,554.14,0
WOK.US,D,20250919,000000,78.35,81,76.02,81,2057.25,0
WOK.US,D,20250922,000000,78.2,93,77.9001,85,34844.65,0
WOK.US,D,20250923,000000,86,91.2,84.9,91.2,27764.25,0
WOK.US,D,20250924,000000,79.28,79.8,9.71,11.25,1516987.07,0
WOK.US,D,20250925,000000,14.96,15.5,8.21,8.8,2839512.61,0
WOK.US,D,20250926,000000,8.79,8.99,7.81,8.34,851780.24,0
WOK.US,D,20250929,000000,8,8,7,7.24,360599.2,0
WOK.US,D,20250930,000000,7.48,7.8,7.23,7.49,170043.04,0
WOK.US,D,20251001,000000,7.49,8.2,7.4,7.8,238603.96,0
WOK.US,D,20251002,000000,8.24,8.24,7.3,8.1,194728.82,0
WOK.US,D,20251003,000000,7.5,8.48,7.5,7.79,281374.23,0
WOK.US,D,20251006,000000,7.97,8.25,7.2,7.8,177264.96,0
WOK.US,D,20251007,000000,7.7,7.83,7.31,7.48,115533.03,0
WOK.US,D,20251008,000000,7.69,8.18,7.36,7.57,151056.2,0
WOK.US,D,20251009,000000,8,10.5,7.58,9.07,1099489.48,0
WOK.US,D,20251010,000000,9.78,9.8,7.28,7.84,604995.73,0
WOK.US,D,20251013,000000,7.55,7.9,6.81,7.77,187659.19,0
WOK.US,D,20251014,000000,7.37,7.999,7,7.45,249416.89,0
WOK.US,D,20251015,000000,6.01,6.7601,5.65,5.77,302565.12,0
WOK.US,D,20251016,000000,5.98,7.3,5.69,5.86,499404.28,0
WOK.US,D,20251017,000000,4.075,4.55,3.7,3.99,275794.89,0
WOK.US,D,20251020,000000,3.99,3.99,3.5,3.59,134181.42,0
WOK.US,D,20251021,000000,3.72,4.3,3.5,3.92,2867522,0
WOK.US,D,20251022,000000,4.9,5.19,4.25,4.9,1972009,0
WOK.US,D,20251023,000000,4.35,4.43,4.02,4.3,213303,0
WOK.US,D,20251024,000000,4.02,4.12,2.785,3.3,397532,0
WOK.US,D,20251027,000000,3.3,3.65,3.09,3.49,150549,0
WOK.US,D,20251028,000000,3.49,3.545,3.35,3.47,63537,0
WOK.US,D,20251029,000000,3.34,4.09,3.34,3.68,151785,0
WOK.US,D,20251030,000000,3.69,3.77,3.6,3.76,53502,0
WOK.US,D,20251031,000000,3.63,3.65,3.5001,3.59,49626,0
WOK.US,D,20251103,000000,3.42,3.577,3.28,3.28,76864,0
WOK.US,D,20251104,000000,3.22,3.69,3.2,3.65,238254,0
WOK.US,D,20251105,000000,3.46,3.6,3.36,3.45,38414,0
