<TICKER>,<PER>,<DATE>,<TIME>,<OPEN>,<HIGH>,<LOW>,<CLOSE>,<VOL>,<OPENINT>
FOXO.US,D,20210201,000000,1997.96,2009.9,1990,1995.97,2176.5,0
FOXO.US,D,20210202,000000,1997.96,2007.91,1993.98,2001.94,458.527,0
FOXO.US,D,20210203,000000,2005.92,2011.89,1995.97,1999.95,844.341,0
FOXO.US,D,20210204,000000,2013.88,2019.85,1997.96,2016.87,799.773,0
FOXO.US,D,20210205,000000,2023.83,2023.83,2005.92,2009.9,521.592,0
FOXO.US,D,20210208,000000,2011.89,2047.71,1995.97,2015.87,2618.69,0
FOXO.US,D,20210209,000000,2015.87,2017.86,2007.91,2015.87,227.693,0
FOXO.US,D,20210210,000000,2011.89,2011.89,1997.96,2005.92,332.06,0
FOXO.US,D,20210211,000000,2011.89,2013.88,1999.95,2009.9,227.201,0
FOXO.US,D,20210212,000000,2005.92,2021.84,2003.93,2013.88,317.552,0
FOXO.US,D,20210216,000000,2026.82,2026.82,2001.94,2019.85,325.924,0
FOXO.US,D,20210217,000000,2019.85,2023.83,2011.89,2021.84,433.849,0
FOXO.US,D,20210218,000000,2021.84,2029.8,2011.89,2025.82,265.854,0
FOXO.US,D,20210219,000000,2025.82,2045.72,2019.85,2032.79,232.557,0
FOXO.US,D,20210222,000000,2021.84,2031.79,2019.85,2027.81,1304.11,0
FOXO.US,D,20210223,000000,2019.85,2037.76,2003.93,2037.76,540.085,0
FOXO.US,D,20210224,000000,2043.73,2043.73,2025.82,2035.77,971.487,0
FOXO.US,D,20210225,000000,2015.89,2023.83,1993.98,2005.92,949.567,0
FOXO.US,D,20210226,000000,2001.94,2002.94,1990,1997.96,836.291,0
FOXO.US,D,20210301,000000,2001.94,2009.9,1991.99,1993.98,377.17,0
FOXO.US,D,20210302,000000,1993.98,1995.97,1962.14,1976.07,363.13,0
FOXO.US,D,20210303,000000,1972.09,1978.06,1956.17,1966.12,155.165,0
FOXO.US,D,20210304,000000,1962.14,1962.14,1942.24,1950.2,729.065,0
FOXO.US,D,20210305,000000,1946.22,1968.11,1946.22,1962.14,171.402,0
FOXO.US,D,20210308,000000,1964.13,1972.09,1956.17,1960.15,2835.6,0
FOXO.US,D,20210309,000000,1962.14,1964.13,1956.19,1962.14,459.577,0
FOXO.US,D,20210310,000000,1968.11,1968.11,1950.2,1958.16,1169.39,0
FOXO.US,D,20210311,000000,1960.15,1962.14,1950.2,1950.2,1242.22,0
FOXO.US,D,20210312,000000,1950.2,1960.15,1950.2,1954.18,377.462,0
FOXO.US,D,20210315,000000,1958.16,1958.16,1950.2,1958.16,31.4472,0
FOXO.US,D,20210316,000000,1960.15,1960.15,1954.18,1956.17,7.53266,0
FOXO.US,D,20210317,000000,1950.2,1962.14,1942.24,1954.18,95.6432,0
FOXO.US,D,20210318,000000,1952.19,1958.16,1940.25,1944.23,154.01,0
FOXO.US,D,20210319,000000,1952.45,1952.45,1940.25,1942.24,37.7989,0
FOXO.US,D,20210322,000000,1940.25,1948.21,1940.25,1942.24,192.577,0
FOXO.US,D,20210323,000000,1940.25,1943.24,1924.33,1930.3,450.628,0
FOXO.US,D,20210324,000000,1932.29,1940.25,1930.3,1936.27,64.6683,0
FOXO.US,D,20210325,000000,1930.3,1930.3,1920.35,1930.3,283.829,0
FOXO.US,D,20210326,000000,1930.3,1946.22,1926.32,1932.29,398.361,0
FOXO.US,D,20210329,000000,1935.08,1935.08,1927.32,1930.3,9.91959,0
FOXO.US,D,20210330,000000,1938.26,1938.26,1930.3,1932.29,177.733,0
FOXO.US,D,20210331,000000,1926.32,1932.93,1926.32,1930.3,87.7989,0
FOXO.US,D,20210401,000000,1934.28,1946.22,1930.3,1946.22,107.432,0
FOXO.US,D,20210405,000000,1948.21,1954.18,1946.22,1954.18,224.844,0
FOXO.US,D,20210406,000000,1940.69,1956.17,1940.69,1956.17,76.3015,0
FOXO.US,D,20210407,000000,1954.18,1958.16,1936.27,1938.26,428.502,0
FOXO.US,D,20210408,000000,1950.2,1950.2,1948.21,1948.21,381.18,0
FOXO.US,D,20210409,000000,1940.25,1968.11,1940.25,1958.16,264.773,0
FOXO.US,D,20210412,000000,1960.15,1962.14,1952.19,1962.14,119.829,0
FOXO.US,D,20210413,000000,1946.24,1958.16,1946.24,1957.46,7.57286,0
FOXO.US,D,20210414,000000,1957.17,1960.15,1950.58,1958.16,599.979,0
FOXO.US,D,20210416,000000,1944.23,1960.15,1944.23,1956.17,42.2361,0
FOXO.US,D,20210419,000000,1938.26,1954.18,1938.26,1950.2,23.0653,0
FOXO.US,D,20210420,000000,1946.22,1954.18,1944.23,1946.22,40.8341,0
FOXO.US,D,20210421,000000,1942.24,1950.2,1932.29,1944.23,156.778,0
FOXO.US,D,20210422,000000,1942.24,1946.22,1942.24,1946.22,10.1407,0
FOXO.US,D,20210423,000000,1942.24,1948.21,1942.24,1942.24,7.79396,0
FOXO.US,D,20210426,000000,1938.62,1950.2,1938.62,1950.2,20.0653,0
FOXO.US,D,20210427,000000,1943.33,1946.22,1938.26,1946.22,156.688,0
FOXO.US,D,20210428,000000,1946.22,1952.19,1946.22,1952.19,146.381,0
FOXO.US,D,20210429,000000,1942.24,1950.2,1942.24,1942.24,77.0351,0
FOXO.US,D,20210430,000000,1942.24,1946.22,1940.25,1946.22,82.9798,0
FOXO.US,D,20210503,000000,1944.23,1950.2,1938.26,1950.2,782.231,0
FOXO.US,D,20210504,000000,1944.23,1950.2,1944.23,1948.21,84.6582,0
FOXO.US,D,20210505,000000,1946.22,1948.21,1944.23,1948.21,20.5929,0
FOXO.US,D,20210506,000000,1944.23,1950.2,1944.23,1946.22,2360.66,0
FOXO.US,D,20210507,000000,1944.23,1950.2,1944.23,1948.21,30.9246,0
FOXO.US,D,20210510,000000,1946.22,1952.19,1944.23,1952.19,572.768,0
FOXO.US,D,20210511,000000,1952.19,1952.19,1942.24,1950.2,40.2713,0
FOXO.US,D,20210512,000000,1945.05,1952.19,1944.23,1952.19,7.15075,0
FOXO.US,D,20210513,000000,1946.22,1948.21,1946.22,1948.21,3.75879,0
FOXO.US,D,20210514,000000,1944.23,1950.2,1944.23,1950.2,243.472,0
FOXO.US,D,20210517,000000,1954.18,1954.18,1934.28,1944.23,757.165,0
FOXO.US,D,20210518,000000,1938.26,1946.22,1930.3,1942.24,304.929,0
FOXO.US,D,20210519,000000,1936.93,1944.23,1920.35,1942.24,292.351,0
FOXO.US,D,20210520,000000,1940.25,1948.21,1938.26,1944.23,358.999,0
FOXO.US,D,20210521,000000,1936.29,1940.25,1928.31,1940.25,22.1105,0
FOXO.US,D,20210524,000000,1940.25,1942.24,1934.28,1935.28,62.8291,0
FOXO.US,D,20210525,000000,1936.27,1938.26,1928.31,1936.27,268.814,0
FOXO.US,D,20210526,000000,1935.28,1938.26,1932.29,1935.28,35.2713,0
FOXO.US,D,20210527,000000,1941.25,1948.21,1936.27,1940.25,205.467,0
FOXO.US,D,20210528,000000,1940.25,1944.23,1938.26,1944.23,207.743,0
FOXO.US,D,20210601,000000,1944.23,1948.21,1932.29,1942.24,1329.64,0
FOXO.US,D,20210602,000000,1944.23,1944.23,1944.23,1944.23,1.04522,0
FOXO.US,D,20210603,000000,1946.22,1952.19,1944.23,1952.19,105.854,0
FOXO.US,D,20210604,000000,1952.19,1952.19,1948.21,1952.19,189.954,0
FOXO.US,D,20210607,000000,1948.21,1952.19,1944.23,1950.2,29.3969,0
FOXO.US,D,20210608,000000,1946.22,1950.2,1944.23,1950.2,73.5778,0
FOXO.US,D,20210609,000000,1945.19,1950.2,1945.19,1948.21,188.919,0
FOXO.US,D,20210610,000000,1944.23,1950.2,1942.24,1948.01,316.919,0
FOXO.US,D,20210611,000000,1948.21,1954.18,1948.21,1952.19,299.623,0
FOXO.US,D,20210614,000000,1950.2,1952.19,1948.21,1952.19,58.4773,0
FOXO.US,D,20210615,000000,1952.19,1954.18,1946.22,1950.2,61.9145,0
FOXO.US,D,20210616,000000,1948.21,1952.19,1948.21,1952.19,190.447,0
FOXO.US,D,20210617,000000,1950.2,1954.18,1948.21,1952.19,49.1658,0
FOXO.US,D,20210618,000000,1954.18,1954.18,1942.24,1950.2,137.693,0
FOXO.US,D,20210621,000000,1948.21,1950.2,1948.21,1950.2,28.1407,0
FOXO.US,D,20210622,000000,1948.21,1950.2,1948.21,1950.2,42.3768,0
FOXO.US,D,20210623,000000,1950.2,1950.2,1950.2,1950.2,0.557788,0
FOXO.US,D,20210624,000000,1948.21,1948.41,1948.21,1948.21,7.02512,0
FOXO.US,D,20210625,000000,1948.21,1950.2,1944.23,1948.21,133.522,0
FOXO.US,D,20210628,000000,1950.18,1950.2,1946.22,1950.2,405.713,0
FOXO.US,D,20210629,000000,1948.21,1952.19,1942.24,1950.2,542.748,0
FOXO.US,D,20210630,000000,1948.21,1950.2,1946.22,1948.21,196.18,0
FOXO.US,D,20210701,000000,1948.21,1950.2,1946.22,1950.2,117.597,0
FOXO.US,D,20210702,000000,1944.23,1944.23,1944.23,1944.23,6.07537,0
FOXO.US,D,20210707,000000,1946.78,1948.21,1946.78,1948.21,2.67336,0
FOXO.US,D,20210708,000000,1946.22,1950.2,1946.22,1950.2,141.361,0
FOXO.US,D,20210709,000000,1950.2,1950.2,1950.2,1950.2,18.6582,0
FOXO.US,D,20210712,000000,1942.24,1950.2,1942.24,1950.2,56.6934,0
FOXO.US,D,20210713,000000,1944.23,1950.2,1944.23,1950.2,63.5326,0
FOXO.US,D,20210714,000000,1950.2,1950.2,1948.21,1950.2,575.216,0
FOXO.US,D,20210715,000000,1946.22,1946.22,1946.22,1946.22,0.869346,0
FOXO.US,D,20210719,000000,1944.23,1948.21,1944.23,1948.21,23.1809,0
FOXO.US,D,20210720,000000,1948.21,1948.21,1948.21,1948.21,2.46231,0
FOXO.US,D,20210721,000000,1950.2,1950.2,1950.2,1950.2,2.09547,0
FOXO.US,D,20210722,000000,1948.21,1948.21,1946.22,1948.21,5.70854,0
FOXO.US,D,20210723,000000,1948.21,1948.21,1946.22,1948.21,4.0201,0
FOXO.US,D,20210726,000000,1948.21,1948.21,1948.21,1948.21,0.502512,0
FOXO.US,D,20210728,000000,1945.03,1945.03,1945.03,1945.03,754.532,0
FOXO.US,D,20210729,000000,1944.49,1946.22,1944.49,1946.22,5.07537,0
FOXO.US,D,20210730,000000,1946.22,1952.19,1946.22,1952.19,209.592,0
FOXO.US,D,20210802,000000,1948.21,1950.2,1948.21,1950.2,10.3668,0
FOXO.US,D,20210803,000000,1950.2,1952.19,1948.21,1948.21,9.43718,0
FOXO.US,D,20210804,000000,1952.19,1954.18,1950.2,1952.19,48.8793,0
FOXO.US,D,20210810,000000,1948.21,1954.18,1948.21,1954.18,4640.32,0
FOXO.US,D,20210811,000000,1948.21,1954.18,1946.22,1952.19,359.472,0
FOXO.US,D,20210813,000000,1950.2,1954.18,1949.21,1954.18,382.894,0
FOXO.US,D,20210816,000000,1948.21,1954.18,1946.22,1954.18,290.552,0
FOXO.US,D,20210817,000000,1950.2,1954.18,1950.2,1954.18,17.216,0
FOXO.US,D,20210818,000000,1947.37,1947.37,1947.37,1947.37,1.01005,0
FOXO.US,D,20210819,000000,1946.24,1952.19,1946.22,1946.22,49.0502,0
FOXO.US,D,20210820,000000,1946.22,1950.2,1944.23,1950.2,110.698,0
FOXO.US,D,20210823,000000,1946.22,1950.2,1946.22,1950.2,270.854,0
FOXO.US,D,20210824,000000,1946.9,1946.9,1946.22,1946.22,3.59296,0
FOXO.US,D,20210825,000000,1950.2,1950.2,1950.2,1950.2,3.07537,0
FOXO.US,D,20210826,000000,1950.2,1952.19,1950.2,1952.19,46.6984,0
FOXO.US,D,20210827,000000,1950.2,1954.18,1950.2,1954.18,5.69849,0
FOXO.US,D,20210831,000000,1950.2,1954.18,1946.22,1954.18,592.005,0
FOXO.US,D,20210901,000000,1954.18,1954.18,1952.19,1952.19,22.2311,0
FOXO.US,D,20210902,000000,1952.19,1952.19,1952.19,1952.19,15.0904,0
FOXO.US,D,20210903,000000,1956.17,1956.17,1954.18,1956.17,9.55276,0
FOXO.US,D,20210907,000000,1956.17,1956.17,1950.2,1950.2,3.86432,0
FOXO.US,D,20210908,000000,1950.2,1952.19,1950.2,1952.19,6.3618,0
FOXO.US,D,20210909,000000,1951.59,1951.59,1951.59,1951.59,1.76884,0
FOXO.US,D,20210913,000000,1956.17,1958.16,1955.18,1956.17,42.01,0
FOXO.US,D,20210914,000000,1956.17,1958.16,1954.18,1958.16,29.5175,0
FOXO.US,D,20210920,000000,1958.16,1958.16,1951.81,1951.81,2.92964,0
FOXO.US,D,20210922,000000,1952.19,1958.16,1952.19,1954.18,14.6733,0
FOXO.US,D,20210923,000000,1954.18,1954.18,1954.18,1954.18,48.5829,0
FOXO.US,D,20210924,000000,1954.18,1958.16,1954.18,1958.16,5.84924,0
FOXO.US,D,20210927,000000,1956.17,1960.15,1956.17,1960.15,102.402,0
FOXO.US,D,20210928,000000,1958.16,1964.13,1958.16,1964.13,2031.76,0
FOXO.US,D,20210929,000000,1960.15,1960.15,1960.15,1960.15,3.52261,0
FOXO.US,D,20210930,000000,1960.15,1962.14,1956.17,1962.14,846.251,0
FOXO.US,D,20211001,000000,1964.13,1964.13,1956.17,1962.14,262.11,0
FOXO.US,D,20211004,000000,1960.17,1962.14,1956.17,1960.15,236.798,0
FOXO.US,D,20211005,000000,1956.17,1960.15,1956.17,1956.17,141.005,0
FOXO.US,D,20211006,000000,1956.17,1964.13,1955.18,1960.15,2693.42,0
FOXO.US,D,20211007,000000,1958.16,1964.13,1954.18,1964.13,606.708,0
FOXO.US,D,20211008,000000,1960.15,1964.13,1956.17,1964.13,47.6582,0
FOXO.US,D,20211012,000000,1958.16,1960.15,1958.16,1958.16,9.15075,0
FOXO.US,D,20211015,000000,1962.14,1966.12,1956.17,1962.14,213.854,0
FOXO.US,D,20211018,000000,1960.15,1962.14,1960.15,1962.14,21.211,0
FOXO.US,D,20211019,000000,1962.14,1962.14,1962.14,1962.14,1.00502,0
FOXO.US,D,20211020,000000,1960.15,1964.13,1958.16,1964.13,4571.86,0
FOXO.US,D,20211021,000000,1958.16,1962.14,1958.16,1962.14,5.21105,0
FOXO.US,D,20211026,000000,1960.15,1964.13,1960.15,1962.14,6.65829,0
FOXO.US,D,20211027,000000,1962.14,1966.12,1962.14,1966.12,6.47236,0
FOXO.US,D,20211028,000000,1962.14,1962.14,1956.17,1962.14,288.266,0
FOXO.US,D,20211029,000000,1958.16,1964.13,1958.16,1964.13,1132.51,0
FOXO.US,D,20211101,000000,1964.13,1966.12,1962.14,1966.12,57.0351,0
FOXO.US,D,20211102,000000,1966.12,1966.12,1962.14,1964.13,496.165,0
FOXO.US,D,20211103,000000,1964.13,1964.13,1960.15,1962.14,129.894,0
FOXO.US,D,20211104,000000,1966.12,1966.12,1964.13,1964.13,59.8391,0
FOXO.US,D,20211105,000000,1962.14,1964.13,1962.14,1964.13,3.13567,0
FOXO.US,D,20211108,000000,1966.12,1966.12,1963.33,1963.33,74.7487,0
FOXO.US,D,20211109,000000,1964.13,1968.11,1962.14,1962.14,60.7236,0
FOXO.US,D,20211110,000000,1964.13,1964.13,1964.13,1964.13,3.08542,0
FOXO.US,D,20211111,000000,1964.13,1964.13,1964.13,1964.13,21.0703,0
FOXO.US,D,20211112,000000,1967.87,1968.11,1964.13,1966.12,20.1306,0
FOXO.US,D,20211115,000000,1966.12,1966.12,1966.12,1966.12,1.31658,0
FOXO.US,D,20211116,000000,1964.13,1968.11,1964.13,1968.11,1443.4,0
FOXO.US,D,20211117,000000,1966.12,1966.12,1966.12,1966.12,0.577889,0
FOXO.US,D,20211118,000000,1968.11,1968.11,1964.13,1968.11,26.9095,0
FOXO.US,D,20211119,000000,1966.12,1968.11,1966.12,1968.11,19.5025,0
FOXO.US,D,20211122,000000,1968.11,1968.11,1962.14,1962.14,599.839,0
FOXO.US,D,20211123,000000,1964.13,1966.12,1964.13,1964.13,51.819,0
FOXO.US,D,20211124,000000,1968.11,1968.11,1968.11,1968.11,7.98994,0
FOXO.US,D,20211126,000000,1962.14,1968.11,1962.14,1968.11,18.9145,0
FOXO.US,D,20211129,000000,1964.13,1966.12,1962.14,1962.14,21.8391,0
FOXO.US,D,20211130,000000,1962.14,1968.11,1962.14,1968.11,53.1658,0
FOXO.US,D,20211201,000000,1968.11,1968.11,1968.11,1968.11,29.7889,0
FOXO.US,D,20211202,000000,1962.14,1965.13,1962.14,1965.13,245.839,0
FOXO.US,D,20211203,000000,1966.12,1968.11,1963.06,1965.13,103.738,0
FOXO.US,D,20211206,000000,1964.13,1968.09,1962.14,1962.14,625.09,0
FOXO.US,D,20211207,000000,1966.12,1968.11,1962.14,1968.11,75.4924,0
FOXO.US,D,20211208,000000,1964.13,1964.13,1962.14,1964.13,42.6733,0
FOXO.US,D,20211209,000000,1966.12,1966.12,1962.14,1966.12,16.005,0
FOXO.US,D,20211210,000000,1962.14,1966.12,1962.14,1964.13,42.6582,0
FOXO.US,D,20211214,000000,1964.13,1964.13,1964.13,1964.13,39.814,0
FOXO.US,D,20211215,000000,1964.13,1964.17,1962.14,1962.14,11.1206,0
FOXO.US,D,20211216,000000,1964.13,1964.13,1962.14,1964.13,53.1959,0
FOXO.US,D,20211217,000000,1964.13,1968.69,1964.13,1968.69,41.9045,0
FOXO.US,D,20211220,000000,1968.11,1968.11,1962.14,1964.13,7.71859,0
FOXO.US,D,20211221,000000,1962.14,1965.13,1962.14,1964.13,410.467,0
FOXO.US,D,20211222,000000,1962.14,1962.14,1960.15,1962.14,16.5979,0
FOXO.US,D,20211223,000000,1964.13,1964.13,1962.14,1962.14,52.3065,0
FOXO.US,D,20211228,000000,1962.14,1962.14,1962.14,1962.14,44.9748,0
FOXO.US,D,20211229,000000,1962.14,1964.13,1962.14,1964.13,1.51256,0
FOXO.US,D,20211230,000000,1968.11,1968.11,1966.12,1968.11,14.1256,0
FOXO.US,D,20211231,000000,1964.13,1972.09,1964.13,1972.09,79.819,0
FOXO.US,D,20220103,000000,1964.13,1970.1,1964.13,1966.12,227.477,0
FOXO.US,D,20220104,000000,1966.12,1966.12,1966.12,1966.12,1737.19,0
FOXO.US,D,20220105,000000,1966.12,1966.12,1966.12,1966.12,256.195,0
FOXO.US,D,20220110,000000,1968.11,1970.1,1966.12,1968.11,178.572,0
FOXO.US,D,20220111,000000,1970.1,1970.1,1966.12,1970.1,82.7788,0
FOXO.US,D,20220112,000000,1970.1,1970.1,1966.12,1966.12,77.8291,0
FOXO.US,D,20220113,000000,1968.11,1968.11,1968.11,1968.11,30.4522,0
FOXO.US,D,20220118,000000,1968.11,1968.11,1966.12,1968.11,347.17,0
FOXO.US,D,20220119,000000,1968.11,1968.11,1966.12,1966.12,67.9095,0
FOXO.US,D,20220120,000000,1966.12,1968.11,1966.12,1966.12,24.0452,0
FOXO.US,D,20220121,000000,1964.13,1966.12,1964.13,1966.12,59.9748,0
FOXO.US,D,20220124,000000,1964.13,1966.12,1964.13,1964.13,3.22613,0
FOXO.US,D,20220125,000000,1964.81,1968.11,1964.81,1968.11,183.185,0
FOXO.US,D,20220126,000000,1964.13,1968.11,1964.13,1968.11,90.7185,0
FOXO.US,D,20220127,000000,1966.12,1968.11,1964.13,1964.13,104.879,0
FOXO.US,D,20220128,000000,1965.84,1966.12,1964.13,1964.13,144.045,0
FOXO.US,D,20220131,000000,1966.12,1968.11,1966.12,1968.11,87.005,0
FOXO.US,D,20220201,000000,1968.11,1970.1,1966.12,1970.1,156.145,0
FOXO.US,D,20220202,000000,1968.11,1971.1,1966.12,1971.1,382.482,0
FOXO.US,D,20220203,000000,1966.12,1970.1,1966.12,1970.1,83.1809,0
FOXO.US,D,20220204,000000,1968.11,1972.09,1968.11,1972.09,62.6331,0
FOXO.US,D,20220207,000000,1972.09,1972.09,1970.1,1972.09,24.417,0
FOXO.US,D,20220209,000000,1970.12,1974.08,1970.1,1974.08,161.532,0
FOXO.US,D,20220211,000000,1970.1,1972.09,1970.1,1972.09,6.31658,0
FOXO.US,D,20220215,000000,1972.09,1972.09,1972.09,1972.09,147.668,0
FOXO.US,D,20220222,000000,1972.09,1974.08,1972.09,1974.08,114.758,0
FOXO.US,D,20220223,000000,1972.09,1972.09,1972.09,1972.09,13.0452,0
FOXO.US,D,20220224,000000,1972.09,1975.08,1970.1,1973.09,6340.13,0
FOXO.US,D,20220225,000000,1974.08,1974.08,1972.09,1974.08,157.653,0
FOXO.US,D,20220228,000000,1974.08,1974.1,1974.08,1974.08,58.2512,0
FOXO.US,D,20220301,000000,1974.08,1974.08,1972.09,1974.08,193.572,0
FOXO.US,D,20220302,000000,1974.08,1974.08,1972.09,1972.09,655.316,0
FOXO.US,D,20220303,000000,1974.08,1975.08,1972.09,1974.08,1192.27,0
FOXO.US,D,20220307,000000,1974.08,1974.08,1974.08,1974.08,4.08542,0
FOXO.US,D,20220308,000000,1972.09,1972.61,1972.09,1972.61,1.65829,0
FOXO.US,D,20220309,000000,1972.09,1976.03,1972.09,1976.03,9.52763,0
FOXO.US,D,20220310,000000,1974.08,1976.07,1974.08,1974.32,15.4271,0
FOXO.US,D,20220311,000000,1974.08,1976.07,1974.08,1976.07,8.78894,0
FOXO.US,D,20220314,000000,1974.08,1974.08,1974.08,1974.08,504.185,0
FOXO.US,D,20220315,000000,1974.08,1976.07,1974.08,1974.08,74.6834,0
FOXO.US,D,20220316,000000,1974.08,1976.07,1974.08,1976.07,6.96984,0
FOXO.US,D,20220318,000000,1976.07,1976.07,1975.08,1976.07,92.4623,0
FOXO.US,D,20220321,000000,1974.08,1974.08,1974.08,1974.08,3.99999,0
FOXO.US,D,20220322,000000,1976.07,1976.07,1974.08,1976.07,62.2964,0
FOXO.US,D,20220323,000000,1976.07,1976.07,1976.07,1976.07,0.502512,0
FOXO.US,D,20220324,000000,1976.07,1976.07,1974.08,1974.08,17.417,0
FOXO.US,D,20220325,000000,1978.06,1978.06,1976.07,1976.07,364.894,0
FOXO.US,D,20220328,000000,1976.07,1976.07,1976.07,1976.07,2.67839,0
FOXO.US,D,20220329,000000,1978.06,1978.06,1978.06,1978.06,14.6783,0
FOXO.US,D,20220330,000000,1976.31,1978.06,1976.31,1978.06,7.39698,0
FOXO.US,D,20220331,000000,1976.07,1978.06,1976.07,1976.07,560.512,0
FOXO.US,D,20220401,000000,1978.06,1978.06,1976.07,1976.09,37.7688,0
FOXO.US,D,20220404,000000,1978.06,1980.05,1978.06,1980.05,721.472,0
FOXO.US,D,20220405,000000,1978.06,1978.72,1978.06,1978.72,17.6934,0
FOXO.US,D,20220406,000000,1978.06,1980.05,1978.06,1980.05,110.723,0
FOXO.US,D,20220407,000000,1984.03,1984.03,1980.05,1980.05,7.0603,0
FOXO.US,D,20220408,000000,1980.05,1982.04,1980.05,1982.04,102.949,0
FOXO.US,D,20220411,000000,1982.04,1982.04,1980.05,1980.05,22.8592,0
FOXO.US,D,20220412,000000,1980.05,1980.05,1980.05,1980.05,68.819,0
FOXO.US,D,20220413,000000,1982.04,1984.03,1982.04,1982.04,17.6532,0
FOXO.US,D,20220414,000000,1982.04,1984.03,1982.04,1982.04,64.7185,0
FOXO.US,D,20220418,000000,1982.34,1984.03,1982.04,1984.03,18.5929,0
FOXO.US,D,20220419,000000,1983.04,1986.02,1983.04,1984.03,113.884,0
FOXO.US,D,20220420,000000,1984.03,1984.03,1982.04,1984.03,20.0201,0
FOXO.US,D,20220421,000000,1984.03,1985.52,1984.03,1984.03,9.45226,0
FOXO.US,D,20220422,000000,1985.03,1985.03,1982.04,1982.04,190.628,0
FOXO.US,D,20220425,000000,1983.53,1983.53,1982.04,1982.04,29.1407,0
FOXO.US,D,20220426,000000,1984.03,1984.03,1982.04,1982.04,38.7135,0
FOXO.US,D,20220427,000000,1984.03,1984.03,1982.04,1984.03,16.5879,0
FOXO.US,D,20220428,000000,1984.03,1986.02,1984.03,1986.02,85.1708,0
FOXO.US,D,20220429,000000,1984.03,1984.03,1984.03,1984.03,30.9195,0
FOXO.US,D,20220502,000000,1985.54,1986.02,1984.03,1984.03,5.72864,0
FOXO.US,D,20220503,000000,1984.03,1985.03,1984.03,1984.03,120.949,0
FOXO.US,D,20220504,000000,1984.03,1985.03,1984.03,1984.03,1100.49,0
FOXO.US,D,20220505,000000,1984.03,1985.03,1982.04,1984.03,4198.65,0
FOXO.US,D,20220506,000000,1984.03,1984.39,1982.04,1984.03,6694.85,0
FOXO.US,D,20220509,000000,1986.02,1986.02,1984.03,1984.03,3801.1,0
FOXO.US,D,20220510,000000,1982.04,1986.02,1982.04,1984.03,4797.11,0
FOXO.US,D,20220511,000000,1982.04,1984.03,1981.05,1982.04,4563.84,0
FOXO.US,D,20220512,000000,1982.04,1984.03,1982.04,1984.03,1239.24,0
FOXO.US,D,20220513,000000,1984.03,1984.03,1982.04,1982.04,86.1155,0
FOXO.US,D,20220516,000000,1982.04,1986.02,1982.04,1984.03,76.8241,0
FOXO.US,D,20220517,000000,1986.02,1986.02,1984.03,1985.03,33.407,0
FOXO.US,D,20220518,000000,1986.02,1986.02,1986.02,1986.02,4.27638,0
FOXO.US,D,20220519,000000,1986.02,1986.02,1984.03,1985.03,85.8743,0
FOXO.US,D,20220520,000000,1985.03,1986.02,1985.03,1986.02,2.11055,0
FOXO.US,D,20220523,000000,1986.02,1988.01,1986.02,1988.01,354.025,0
FOXO.US,D,20220524,000000,1986.02,1988.01,1986.02,1988.01,41.2763,0
FOXO.US,D,20220525,000000,1986.02,1988.01,1986.02,1988.01,353.361,0
FOXO.US,D,20220526,000000,1988.01,1988.01,1987.19,1987.19,102.467,0
FOXO.US,D,20220527,000000,1988.01,1989.01,1988.01,1988.01,398.135,0
FOXO.US,D,20220531,000000,1988.01,1993.98,1988.01,1993.98,1475.69,0
FOXO.US,D,20220601,000000,1990,1990,1988.01,1990,1849.86,0
FOXO.US,D,20220602,000000,1991.99,1991.99,1988.01,1990,56.3919,0
FOXO.US,D,20220603,000000,2167.11,2167.11,1990,1991.99,84.2311,0
FOXO.US,D,20220606,000000,1991.99,2011.89,1990.5,1990.5,21.7638,0
FOXO.US,D,20220608,000000,1991.99,1991.99,1991.99,1991.99,2.99999,0
FOXO.US,D,20220609,000000,1992.99,1992.99,1991.99,1991.99,224.798,0
FOXO.US,D,20220610,000000,1991.99,1992.39,1991.99,1992.39,6.69849,0
FOXO.US,D,20220613,000000,1991.99,1993.98,1991.99,1993.38,410.653,0
FOXO.US,D,20220614,000000,1991.99,1991.99,1991.99,1991.99,33.2412,0
FOXO.US,D,20220615,000000,1991.99,1992.99,1991.99,1991.99,12.7236,0
FOXO.US,D,20220616,000000,1991.99,1991.99,1991.99,1991.99,7.94974,0
FOXO.US,D,20220617,000000,1991.99,1991.99,1991.99,1991.99,6.62814,0
FOXO.US,D,20220621,000000,1997.96,1997.96,1997.96,1997.96,4.58291,0
FOXO.US,D,20220622,000000,1998.96,1998.96,1991.99,1991.99,62.8291,0
FOXO.US,D,20220623,000000,1998.96,1998.96,1990,1990,736.417,0
FOXO.US,D,20220624,000000,1990,1991.99,1990,1990,540.407,0
FOXO.US,D,20220627,000000,1990,1990,1990,1990,6.79396,0
FOXO.US,D,20220628,000000,1995.97,1995.97,1990,1993.98,31.0251,0
FOXO.US,D,20220629,000000,1993.98,1993.98,1993.98,1993.98,3.61306,0
FOXO.US,D,20220630,000000,1993.98,1993.98,1993.98,1993.98,3.64321,0
FOXO.US,D,20220705,000000,1995.97,1995.97,1993.98,1993.98,2.77386,0
FOXO.US,D,20220706,000000,1995.97,1997.7,1995.97,1995.97,110.733,0
FOXO.US,D,20220707,000000,1997.96,1997.96,1995.97,1995.97,1.80402,0
FOXO.US,D,20220708,000000,1995.97,1995.97,1995.97,1995.97,1.1206,0
FOXO.US,D,20220711,000000,1996.97,1997.96,1996.47,1997.94,266.09,0
FOXO.US,D,20220712,000000,1997.96,1997.96,1995.97,1997.96,791.542,0
FOXO.US,D,20220713,000000,1998.96,1998.96,1997.96,1998.96,17.8341,0
FOXO.US,D,20220714,000000,1997.96,1999.93,1997.96,1997.96,2.79396,0
FOXO.US,D,20220715,000000,1997.96,1997.96,1997.96,1997.96,2.0201,0
FOXO.US,D,20220718,000000,1998.96,1999.95,1997.96,1997.96,5.61809,0
FOXO.US,D,20220719,000000,1999.81,2000.23,1999.81,1999.95,76.3115,0
FOXO.US,D,20220720,000000,2001.94,2003.93,2000.95,2001.94,4.0201,0
FOXO.US,D,20220721,000000,2001.94,2001.94,1999.95,1999.95,3.03015,0
FOXO.US,D,20220722,000000,1999.95,1999.95,1999.95,1999.95,1.00502,0
FOXO.US,D,20220725,000000,2001.94,2003.93,2001.94,2003.93,58.6432,0
FOXO.US,D,20220726,000000,2001.96,2001.96,2001.94,2001.94,6.53768,0
FOXO.US,D,20220727,000000,2003.93,2004.93,2001.94,2003.93,261.718,0
FOXO.US,D,20220728,000000,2001.94,2005.92,2001.94,2005.92,21.2663,0
FOXO.US,D,20220729,000000,2007.91,2013.88,2001.94,2003.93,27.8391,0
FOXO.US,D,20220801,000000,2145.22,2145.22,2001.94,2001.94,20.5075,0
FOXO.US,D,20220802,000000,2003.93,2003.93,2003.93,2003.93,1.57286,0
FOXO.US,D,20220803,000000,2003.93,2005.92,2001.94,2003.93,1557.42,0
FOXO.US,D,20220804,000000,2005.92,2005.92,2001.94,2003.93,1664.53,0
FOXO.US,D,20220805,000000,2002.94,2002.94,2001.94,2001.94,57.4974,0
FOXO.US,D,20220808,000000,2005.92,2005.92,2001.94,2001.94,32.3819,0
FOXO.US,D,20220809,000000,2005.92,2005.92,2003.93,2005.92,9.87939,0
FOXO.US,D,20220810,000000,2005.92,2005.92,2003.93,2003.93,2.77889,0
FOXO.US,D,20220811,000000,2004.93,2004.93,2004.93,2004.93,1.0804,0
FOXO.US,D,20220812,000000,2011.89,2011.89,2005.92,2005.92,4.42211,0
FOXO.US,D,20220815,000000,2009.9,2009.9,2005.92,2006.92,306.804,0
FOXO.US,D,20220816,000000,2007.91,2007.91,2007.91,2007.91,4.87939,0
FOXO.US,D,20220817,000000,2008.17,2008.17,2007.91,2007.91,1.56281,0
FOXO.US,D,20220818,000000,2007.93,2008.23,2007.91,2007.91,286.467,0
FOXO.US,D,20220819,000000,2007.91,2007.91,2005.92,2005.92,108.989,0
FOXO.US,D,20220822,000000,2007.91,2007.91,2005.92,2005.92,151.025,0
FOXO.US,D,20220824,000000,2006.92,2009.9,2005.92,2007.91,187.185,0
FOXO.US,D,20220825,000000,2011.89,2011.89,2007.91,2007.91,81.8844,0
FOXO.US,D,20220826,000000,2007.91,2007.91,2007.91,2007.91,1051.18,0
FOXO.US,D,20220829,000000,2007.91,2007.91,2007.91,2007.91,2.11055,0
FOXO.US,D,20220830,000000,2009.9,2009.9,2009.9,2009.9,65.6984,0
FOXO.US,D,20220831,000000,2009.9,2009.9,2008.91,2008.91,4.60301,0
FOXO.US,D,20220901,000000,2012.89,2015.87,2012.89,2013.88,127.125,0
FOXO.US,D,20220902,000000,2013.88,2069.6,2009.9,2069.6,146.623,0
FOXO.US,D,20220906,000000,2065.62,2065.62,2009.9,2011.89,27.1557,0
FOXO.US,D,20220907,000000,2011.89,2015.87,2009.9,2009.9,274.989,0
FOXO.US,D,20220908,000000,2009.9,2013.88,2009.9,2011.89,131.673,0
FOXO.US,D,20220909,000000,1970.1,1970.1,1820.85,1852.69,151.155,0
FOXO.US,D,20220912,000000,1830.8,2039.75,1820.85,1928.31,138.874,0
FOXO.US,D,20220913,000000,1928.31,2189,1713.39,1713.39,1556.78,0
FOXO.US,D,20220914,000000,1659.66,1814.88,1492.5,1554.19,9242.97,0
FOXO.US,D,20220915,000000,1679.56,2021.84,1502.45,1671.6,521.13,0
FOXO.US,D,20220916,000000,1450.71,1450.71,796,799.98,2719.09,0
FOXO.US,D,20220919,000000,959.18,1012.91,464.526,497.5,21347.7,0
FOXO.US,D,20220920,000000,447.75,493.52,401.98,419.89,11522.1,0
FOXO.US,D,20220921,000000,453.72,561.14,417.9,445.76,23185.4,0
FOXO.US,D,20220922,000000,407.95,449.74,382.08,407.95,4923.61,0
FOXO.US,D,20220923,000000,388.05,407.95,328.35,344.27,2981.9,0
FOXO.US,D,20220926,000000,334.32,358.2,296.51,296.51,2156.28,0
FOXO.US,D,20220927,000000,288.55,331.335,284.57,294.52,1649.24,0
FOXO.US,D,20220928,000000,296.51,366.677,290.54,322.38,2372.86,0
FOXO.US,D,20220929,000000,312.43,338.3,284.57,286.56,1102.01,0
FOXO.US,D,20220930,000000,294.52,300.49,244.77,254.72,1181.4,0
FOXO.US,D,20221003,000000,262.68,274.62,240.79,252.73,869.849,0
FOXO.US,D,20221004,000000,240.79,277.446,210.96,226.86,3532.66,0
FOXO.US,D,20221005,000000,228.85,358.2,222.88,320.39,18124.1,0
FOXO.US,D,20221006,000000,298.5,310.44,260.69,262.68,3606.03,0
FOXO.US,D,20221007,000000,252.73,276.61,236.81,248.75,1134.17,0
FOXO.US,D,20221010,000000,242.78,250.74,208.95,226.86,1059.79,0
FOXO.US,D,20221011,000000,225.447,229.606,174.364,178.642,3117.08,0
FOXO.US,D,20221012,000000,185.07,346.26,179.578,284.57,143560,0
FOXO.US,D,20221013,000000,230.84,296.51,230.84,288.55,11848.7,0
FOXO.US,D,20221014,000000,272.63,306.46,206.96,238.8,10122.6,0
FOXO.US,D,20221017,000000,218.9,224.87,195.02,202.92,3348.24,0
FOXO.US,D,20221018,000000,210.94,230.482,182.841,191.796,2934.17,0
FOXO.US,D,20221019,000000,187.06,196.93,179.1,187.995,1276.88,0
FOXO.US,D,20221020,000000,185.508,187.06,172.434,173.13,2187.93,0
FOXO.US,D,20221021,000000,168.215,169.588,158.862,166.145,1416.58,0
FOXO.US,D,20221024,000000,169.15,177.09,142.305,158.683,1669.71,0
FOXO.US,D,20221025,000000,153.927,167.158,140.295,161.15,1077.65,0
FOXO.US,D,20221026,000000,167.16,167.16,148.653,158.125,876.688,0
FOXO.US,D,20221027,000000,164.155,164.155,147.2,153.23,607.608,0
FOXO.US,D,20221028,000000,158.165,165.17,146.603,149.151,483.557,0
FOXO.US,D,20221031,000000,149.847,156.205,143.26,153.23,917.281,0
FOXO.US,D,20221101,000000,149.966,153.111,143.3,147.459,483.155,0
FOXO.US,D,20221102,000000,139.3,142.982,125.39,127.4,1215.31,0
FOXO.US,D,20221103,000000,127.201,133.33,117.49,119.34,1426.02,0
FOXO.US,D,20221104,000000,119.4,127.539,107.52,111.42,1885.56,0
FOXO.US,D,20221107,000000,109.45,113.43,103.361,105.908,1654.79,0
FOXO.US,D,20221108,000000,103.48,113.43,103.381,103.759,661.849,0
FOXO.US,D,20221109,000000,119.36,119.36,101.49,101.49,534.396,0
FOXO.US,D,20221110,000000,106.744,115.261,101.988,107.898,1011.58,0
FOXO.US,D,20221111,000000,104.754,112.674,93.6096,105.45,1332.69,0
FOXO.US,D,20221114,000000,119.4,134.584,103.779,112.455,3537.84,0
FOXO.US,D,20221115,000000,112.495,115.42,87.9779,98.0075,2629.93,0
FOXO.US,D,20221116,000000,99.5,99.5,88.3361,90.3261,1421.15,0
FOXO.US,D,20221117,000000,88.2167,95.52,83.182,88.356,1275.37,0
FOXO.US,D,20221118,000000,93.53,149.25,89.55,129.748,23827.1,0
FOXO.US,D,20221121,000000,129.35,129.35,84.376,97.0921,5875.51,0
FOXO.US,D,20221122,000000,99.5,154.842,99.5,143.28,16107.9,0
FOXO.US,D,20221123,000000,138.106,142.285,111.44,124.176,5718.01,0
FOXO.US,D,20221125,000000,118.624,124.196,115.42,122.385,628.402,0
FOXO.US,D,20221128,000000,119.679,130.385,101.51,110.445,2402.65,0
FOXO.US,D,20221129,000000,107.122,107.122,89.2714,102.087,3075.13,0
FOXO.US,D,20221130,000000,105.808,105.808,97.51,99.5,543.532,0
FOXO.US,D,20221201,000000,98.7637,99.5,94.6245,98.6443,964.125,0
FOXO.US,D,20221202,000000,95.719,97.709,91.54,93.53,698.271,0
FOXO.US,D,20221205,000000,95.52,133.768,91.0425,111.44,10757,0
FOXO.US,D,20221206,000000,127.042,127.199,101.59,108.256,6649.28,0
FOXO.US,D,20221207,000000,102.664,102.664,89.55,97.4901,1549.8,0
FOXO.US,D,20221208,000000,95.5001,99.5,90.9231,96.316,636.582,0
FOXO.US,D,20221209,000000,100.256,102.485,91.54,97.3707,958.01,0
FOXO.US,D,20221212,000000,96.8135,103.918,90.0875,98.6443,1413.2,0
FOXO.US,D,20221213,000000,99.5,105.47,94.5449,99.2811,905.241,0
FOXO.US,D,20221214,000000,97.5299,103.381,85.769,99.1219,1650.27,0
FOXO.US,D,20221215,000000,99.5,99.5,81.6099,87.759,1122.14,0
FOXO.US,D,20221216,000000,95.52,95.52,81.0328,81.0328,1642.19,0
FOXO.US,D,20221219,000000,83.1621,83.58,69.65,70.1475,1684.51,0
FOXO.US,D,20221220,000000,70.6052,74.4658,57.7797,59.7597,1874.43,0
FOXO.US,D,20221221,000000,58.5458,63.1329,55.9588,55.9588,718.412,0
FOXO.US,D,20221222,000000,57.71,59.302,55.0434,56.6752,296.115,0
FOXO.US,D,20221223,000000,57.71,57.7697,51.74,51.74,546.12,0
FOXO.US,D,20221227,000000,52.735,54.7049,45.7899,50.8445,947.236,0
FOXO.US,D,20221228,000000,51.74,58.9637,50.0286,55.72,961.276,0
FOXO.US,D,20221229,000000,57.71,58.904,50.3271,58.904,1120.73,0
FOXO.US,D,20221230,000000,58.108,75.421,51.74,75.421,1085.32,0
FOXO.US,D,20230103,000000,73.1524,73.6298,55.9192,61.69,908.738,0
FOXO.US,D,20230104,000000,64.8541,68.257,59.7,63.68,927.954,0
FOXO.US,D,20230105,000000,66.864,75.0228,63.68,74.1673,3127.13,0
FOXO.US,D,20230106,000000,89.55,89.55,65.67,71.5604,2937.78,0
FOXO.US,D,20230109,000000,69.4908,78.0279,63.879,63.879,929.477,0
FOXO.US,D,20230110,000000,75.62,75.62,62.5555,67.7197,1714.49,0
FOXO.US,D,20230111,000000,71.64,86.5451,69.8689,74.8439,2982.92,0
FOXO.US,D,20230112,000000,77.1324,77.3712,71.7196,75.819,1340.27,0
FOXO.US,D,20230113,000000,76.615,83.58,73.63,79.401,1977.21,0
FOXO.US,D,20230117,000000,77.013,89.5301,73.63,86.565,2110.28,0
FOXO.US,D,20230118,000000,84.7939,89.55,75.62,86.167,1804.77,0
FOXO.US,D,20230119,000000,81.59,83.58,73.9882,78.605,1051.12,0
FOXO.US,D,20230120,000000,78.605,123.38,74.6449,99.5,18534.8,0
FOXO.US,D,20230123,000000,91.341,94.1668,83.5999,85.8088,3916.66,0
FOXO.US,D,20230124,000000,89.55,89.55,82.0278,84.5748,2136.92,0
FOXO.US,D,20230125,000000,84.4317,84.4317,80.197,81.5701,617.703,0
FOXO.US,D,20230126,000000,83.3014,143.28,79.998,101.49,90239.1,0
FOXO.US,D,20230127,000000,119.4,290.52,110.664,198.781,324461,0
FOXO.US,D,20230130,000000,175.12,222.88,146.822,185.09,42589.6,0
FOXO.US,D,20230131,000000,206.96,294.52,185.727,206.96,133255,0
FOXO.US,D,20230201,000000,200.99,228.85,179.1,214.92,18790.1,0
FOXO.US,D,20230202,000000,224.87,254.72,212.93,238.8,13368.4,0
FOXO.US,D,20230203,000000,232.83,310.44,228.85,296.51,37283.8,0
FOXO.US,D,20230206,000000,278.6,328.35,260.69,270.64,17797.3,0
FOXO.US,D,20230207,000000,256.71,256.71,208.95,212.93,9110.75,0
FOXO.US,D,20230208,000000,222.88,230.84,177.11,199,11013,0
FOXO.US,D,20230209,000000,224.87,232.83,195.02,204.97,9673.83,0
FOXO.US,D,20230210,000000,199,206.94,181.488,200.99,5337.85,0
FOXO.US,D,20230213,000000,189.05,193.03,157.21,163.18,7116.34,0
FOXO.US,D,20230214,000000,159.2,163.18,131.34,133.43,5861.27,0
FOXO.US,D,20230215,000000,130.584,133.33,121.45,129.35,4450.2,0
FOXO.US,D,20230216,000000,132.275,143.28,119.4,125.37,6494.44,0
FOXO.US,D,20230217,000000,123.38,144.554,112.992,120.176,12961.5,0
FOXO.US,D,20230221,000000,115.42,117.032,102.485,103.52,3987.59,0
FOXO.US,D,20230222,000000,103.699,139.36,99.6196,137.708,10339.9,0
FOXO.US,D,20230223,000000,135.32,139.3,119.4,125.37,3209.95,0
FOXO.US,D,20230224,000000,119.4,123.281,107.082,112.634,1652.75,0
FOXO.US,D,20230227,000000,115.858,116.904,103.48,105.47,2056.9,0
FOXO.US,D,20230228,000000,99.5,111.42,99.5,105.868,2876.37,0
FOXO.US,D,20230301,000000,108.455,111.44,100.535,104.575,1470.07,0
FOXO.US,D,20230302,000000,109.45,165.847,109.45,138.305,35291.5,0
FOXO.US,D,20230303,000000,143.28,153.21,121.43,127.34,7114.51,0
FOXO.US,D,20230306,000000,133.071,137.31,119.4,122.186,3485.74,0
FOXO.US,D,20230307,000000,120.873,121.111,105.47,111.142,3262.67,0
FOXO.US,D,20230308,000000,112.435,113.43,103.48,107.281,1923.35,0
FOXO.US,D,20230309,000000,107.918,111.44,97.51,99.5995,1715.02,0
FOXO.US,D,20230310,000000,100.376,102.206,75.6598,83.8188,3816.66,0
FOXO.US,D,20230313,000000,82.585,87.56,77.61,85.1718,1210.69,0
FOXO.US,D,20230314,000000,82.6248,85.1322,74.1872,75.9185,1320.68,0
FOXO.US,D,20230315,000000,77.61,79.5801,62.088,69.65,2751.52,0
FOXO.US,D,20230316,000000,66.267,71.64,66.267,67.5008,1377.13,0
FOXO.US,D,20230317,000000,66.6252,79.6796,58.4065,74.625,3381.24,0
FOXO.US,D,20230320,000000,72.3962,77.608,63.4611,67.7396,1729.07,0
FOXO.US,D,20230321,000000,68.1575,77.5899,65.8889,67.4809,2577.68,0
FOXO.US,D,20230322,000000,65.4511,68.9535,57.4712,67.66,2589.05,0
FOXO.US,D,20230323,000000,65.6302,67.66,62.287,66.3864,1428.56,0
FOXO.US,D,20230324,000000,66.3864,73.0927,61.1328,71.64,2412.42,0
FOXO.US,D,20230327,000000,71.5405,77.61,66.665,77.5105,1639.05,0
FOXO.US,D,20230328,000000,75.1822,76.9135,67.66,67.6799,1218.24,0
FOXO.US,D,20230329,000000,67.859,77.61,65.9287,73.63,1981.18,0
FOXO.US,D,20230330,000000,75.62,75.9782,69.9485,73.63,2207.16,0
FOXO.US,D,20230331,000000,80.5751,95.321,78.008,83.58,10593.1,0
FOXO.US,D,20230403,000000,80.1771,89.55,79.8985,87.2822,2588.52,0
FOXO.US,D,20230404,000000,87.56,91.1619,76.1175,83.1621,3470.06,0
FOXO.US,D,20230405,000000,82.0875,83.58,71.64,74.426,1327.86,0
FOXO.US,D,20230406,000000,72.635,75.62,68.6152,69.65,1613.01,0
FOXO.US,D,20230410,000000,65.7098,71.1823,65.67,69.65,1358.99,0
FOXO.US,D,20230411,000000,68.7147,73.63,66.864,71.6199,2204.08,0
FOXO.US,D,20230412,000000,70.2072,81.6099,70.2072,78.0876,3894.29,0
FOXO.US,D,20230413,000000,78.4259,107.44,69.849,99.1219,21624.3,0
FOXO.US,D,20230414,000000,159.2,175.12,107.46,141.29,117365,0
FOXO.US,D,20230417,000000,130.743,169.15,112.833,165.767,33078.6,0
FOXO.US,D,20230418,000000,163.18,185.07,130.365,152.374,24339.6,0
FOXO.US,D,20230419,000000,131.38,159.2,119.4,127.101,11332.6,0
FOXO.US,D,20230420,000000,116.614,135.798,114.664,119.201,4716.96,0
FOXO.US,D,20230421,000000,113.609,119.4,101.49,110.047,3251.94,0
FOXO.US,D,20230424,000000,102.465,103.48,88.3759,93.53,3561.72,0
FOXO.US,D,20230425,000000,90.7241,90.7241,57.9687,81.192,8102.64,0
FOXO.US,D,20230426,000000,80.4159,89.6274,75.7595,85.57,5296.42,0
FOXO.US,D,20230427,000000,86.764,91.54,80.6945,91.341,2488.66,0
FOXO.US,D,20230428,000000,84.3163,89.5301,69.9883,79.6,2814.59,0
FOXO.US,D,20230501,000000,80.6945,83.2417,74.227,82.2666,2013.23,0
FOXO.US,D,20230502,000000,79.799,79.9781,72.6748,73.232,1240.77,0
FOXO.US,D,20230503,000000,73.2917,81.4905,70.0878,71.8788,946.05,0
FOXO.US,D,20230504,000000,72.0579,76.6148,71.9385,74.7245,785.874,0
FOXO.US,D,20230505,000000,75.7991,77.61,72.6151,75.1225,754.753,0
FOXO.US,D,20230508,000000,73.1325,79.6,73.1325,76.615,1242.73,0
FOXO.US,D,20230509,000000,73.63,77.9085,72.6551,72.8141,927.01,0
FOXO.US,D,20230510,000000,75.5404,75.5603,70.247,70.645,1498.59,0
FOXO.US,D,20230511,000000,69.65,72.5952,67.66,69.65,1055.2,0
FOXO.US,D,20230512,000000,69.65,73.63,68.655,69.65,1207.01,0
FOXO.US,D,20230515,000000,68.257,71.64,59.899,67.66,2020.49,0
FOXO.US,D,20230516,000000,68.058,69.65,63.68,68.655,829.03,0
FOXO.US,D,20230517,000000,63.879,69.65,63.879,65.67,1373.72,0
FOXO.US,D,20230518,000000,63.68,65.67,61.69,61.7497,882.17,0
FOXO.US,D,20230519,000000,61.69,63.6798,59.1428,59.7995,1393.45,0
FOXO.US,D,20230522,000000,63.68,66.068,60.695,60.695,872.572,0
FOXO.US,D,20230523,000000,62.8044,72.0977,60.695,69.6699,5087.61,0
FOXO.US,D,20230524,000000,70.6649,71.6398,67.66,68.655,806.572,0
FOXO.US,D,20230525,000000,66.7645,72.635,62.685,63.6999,2908.35,0
FOXO.US,D,20230526,000000,63.68,67.66,60.7149,60.7945,1947.75,0
FOXO.US,D,20230530,000000,64.476,71.64,61.69,69.6699,3681.52,0
FOXO.US,D,20230531,000000,67.8789,76.615,67.8789,72.635,2509.68,0
FOXO.US,D,20230601,000000,73.63,73.63,61.9089,65.5705,1832.68,0
FOXO.US,D,20230602,000000,63.68,67.7794,63.68,65.869,3493.48,0
FOXO.US,D,20230605,000000,64.078,64.078,59.103,60.8741,2139.37,0
FOXO.US,D,20230606,000000,61.4313,64.4362,59.9189,61.9288,658.18,0
FOXO.US,D,20230607,000000,64.4362,64.4362,61.491,61.69,597.472,0
FOXO.US,D,20230608,000000,63.1228,63.1228,61.889,61.9288,389.597,0
FOXO.US,D,20230609,000000,62.685,63.6601,61.7099,61.7099,405.693,0
FOXO.US,D,20230612,000000,63.083,63.083,59.103,59.7,1577.52,0
FOXO.US,D,20230613,000000,57.909,67.66,57.909,64.2372,4545.72,0
FOXO.US,D,20230614,000000,62.3069,72.4559,62.3069,67.063,2625.63,0
FOXO.US,D,20230615,000000,67.1028,71.6201,63.0233,68.5953,1052.62,0
FOXO.US,D,20230616,000000,68.8938,69.451,59.9985,65.1526,2633.93,0
FOXO.US,D,20230620,000000,61.093,63.5606,59.7,61.7497,1109.89,0
FOXO.US,D,20230621,000000,59.899,104.973,59.7,73.63,86653.6,0
FOXO.US,D,20230622,000000,73.0927,73.0927,60.1179,70.7445,5654.49,0
FOXO.US,D,20230623,000000,63.9984,65.272,60.297,65.272,3412.26,0
FOXO.US,D,20230626,000000,64.7944,65.2322,60.297,64.4561,1225.28,0
FOXO.US,D,20230627,000000,66.1078,66.1078,61.69,63.2422,887.723,0
FOXO.US,D,20230628,000000,61.7298,64.8342,60.695,63.083,970.859,0
FOXO.US,D,20230629,000000,63.7596,64.2173,61.1328,63.5805,673.326,0
FOXO.US,D,20230630,000000,61.69,63.5805,61.2124,61.7099,376.824,0
FOXO.US,D,20230703,000000,63.5606,63.5606,60.8345,61.9288,295.165,0
FOXO.US,D,20230705,000000,62.0084,68.7344,61.69,66.6053,1269.67,0
FOXO.US,D,20230706,000000,66.466,66.7844,59.899,62.287,1180.21,0
FOXO.US,D,20230707,000000,49.551,50.347,37.81,40.795,23827.3,0
FOXO.US,D,20230710,000000,43.78,43.78,32.1584,35.621,21595.5,0
FOXO.US,D,20230711,000000,35.621,39.5612,30.2082,38.009,25731.8,0
FOXO.US,D,20230712,000000,35.82,36.7155,30.4072,33.8101,13227.5,0
FOXO.US,D,20230713,000000,33.8101,34.7255,31.84,33.83,8131.49,0
FOXO.US,D,20230714,000000,34.825,34.825,32.5763,32.835,2186.15,0
FOXO.US,D,20230717,000000,33.1335,33.6111,30.049,31.442,5624.09,0
FOXO.US,D,20230718,000000,31.0042,31.4221,29.85,30.049,2762.38,0
FOXO.US,D,20230719,000000,32.7554,37.5513,32.437,35.7802,34584.2,0
FOXO.US,D,20230720,000000,34.9842,35.1633,32.835,32.835,4601.28,0
FOXO.US,D,20230721,000000,30.845,32.5763,29.85,29.8898,9517.65,0
FOXO.US,D,20230724,000000,30.8251,30.8251,25.9695,28.6958,3481.99,0
FOXO.US,D,20230725,000000,28.6958,29.452,27.86,28.7157,1601.39,0
FOXO.US,D,20230726,000000,27.462,28.656,26.9048,27.8202,1645.61,0
FOXO.US,D,20230727,000000,27.462,27.8401,26.0889,26.8849,2430.15,0
FOXO.US,D,20230728,000000,27.4819,27.661,25.9297,26.5864,30918.9,0
FOXO.US,D,20230731,000000,56.2175,65.272,39.8199,39.8199,507268,0
FOXO.US,D,20230801,000000,35.82,37.611,33.1335,33.8499,32981.3,0
FOXO.US,D,20230802,000000,32.835,33.4917,28.3575,28.9943,24581.8,0
FOXO.US,D,20230803,000000,29.651,48.9142,29.1537,37.81,124393,0
FOXO.US,D,20230804,000000,35.82,43.183,35.82,37.412,19177.8,0
FOXO.US,D,20230807,000000,47.0834,49.1331,32.039,34.427,123080,0
FOXO.US,D,20230808,000000,32.2977,32.8151,28.8749,31.0639,27845.2,0
FOXO.US,D,20230809,000000,31.84,32.1781,28.9545,31.243,16415.5,0
FOXO.US,D,20230810,000000,31.84,32.4368,29.253,30.5266,10877,0
FOXO.US,D,20230811,000000,27.86,29.85,27.5018,28.059,12406.6,0
FOXO.US,D,20230814,000000,28.656,28.9943,27.1237,27.3426,6188.26,0
FOXO.US,D,20230815,000000,27.3625,33.7104,26.3874,27.2829,16261.3,0
FOXO.US,D,20230816,000000,28.0192,28.855,26.0889,27.661,8087.34,0
FOXO.US,D,20230817,000000,28.855,29.2331,26.865,27.462,25267.2,0
FOXO.US,D,20230818,000000,25.87,28.5167,25.87,27.9595,8078.65,0
FOXO.US,D,20230821,000000,27.9595,27.9595,26.5665,27.3426,4320.46,0
FOXO.US,D,20230822,000000,27.263,27.8401,24.636,25.87,9741.61,0
FOXO.US,D,20230823,000000,25.2332,26.5068,24.9745,25.8501,25423,0
FOXO.US,D,20230824,000000,29.452,33.83,26.865,28.0391,87144.5,0
FOXO.US,D,20230825,000000,29.0739,29.452,26.7257,28.3376,7422.91,0
FOXO.US,D,20230828,000000,27.2431,27.5416,24.3775,26.2282,7269,0
FOXO.US,D,20230829,000000,25.87,26.865,24.9745,26.268,4653.04,0
FOXO.US,D,20230830,000000,25.3327,27.86,25.3327,26.9645,4047.73,0
FOXO.US,D,20230831,000000,27.8003,29.3127,26.9048,29.1137,8750.39,0
FOXO.US,D,20230901,000000,26.9645,28.855,26.3277,27.8401,4077.67,0
FOXO.US,D,20230905,000000,27.5416,28.457,26.0292,28.457,3227.46,0
FOXO.US,D,20230906,000000,51.1032,51.939,31.8599,32.5763,402576,0
FOXO.US,D,20230907,000000,31.84,32.7952,26.6262,29.1137,32223.6,0
FOXO.US,D,20230908,000000,28.5565,28.855,27.064,27.7406,11310.5,0
FOXO.US,D,20230911,000000,27.5217,28.6361,27.064,27.3028,13738.2,0
FOXO.US,D,20230912,000000,27.064,28.2381,21.7308,24.477,37606.2,0
FOXO.US,D,20230913,000000,25.4521,27.661,22.3676,27.1635,21049.7,0
FOXO.US,D,20230914,000000,25.671,25.87,23.88,24.5367,13011.6,0
FOXO.US,D,20230915,000000,23.88,27.661,22.5467,27.263,43091.1,0
FOXO.US,D,20230918,000000,24.4969,25.3327,22.6064,23.283,20399.5,0
FOXO.US,D,20230919,000000,23.9795,23.9795,21.89,22.4273,26136.5,0
FOXO.US,D,20230920,000000,21.89,23.482,21.8303,22.885,12193.3,0
FOXO.US,D,20230921,000000,22.6661,22.6661,21.492,22.2681,7607.12,0
FOXO.US,D,20230922,000000,22.1288,22.885,21.7308,21.89,5007.49,0
FOXO.US,D,20230925,000000,22.0293,22.0293,18.308,21.8701,46794.4,0
FOXO.US,D,20230926,000000,21.492,22.1288,20.0592,20.5567,12236.5,0
FOXO.US,D,20230927,000000,20.5965,23.1437,19.6811,22.3875,21166.9,0
FOXO.US,D,20230928,000000,22.288,23.681,21.3925,21.5318,8930.59,0
FOXO.US,D,20230929,000000,21.1935,21.89,20.4572,21.0144,7175.89,0
FOXO.US,D,20231002,000000,20.5965,21.2532,19.9199,20.5766,9283.81,0
FOXO.US,D,20231003,000000,20.5766,27.661,19.3229,21.3129,79796.3,0
FOXO.US,D,20231004,000000,21.0343,23.1238,20.9348,21.4721,12670.7,0
FOXO.US,D,20231005,000000,21.4721,24.477,20.5766,20.7159,16237.9,0
FOXO.US,D,20231006,000000,21.9497,24.8551,21.6313,24.278,81365.9,0
FOXO.US,D,20231009,000000,22.7855,22.7855,20.9348,21.9298,12514.2,0
FOXO.US,D,20231010,000000,22.1686,23.88,21.4323,22.9843,17423.2,0
FOXO.US,D,20231011,000000,23.283,25.87,21.3925,23.88,48757.1,0
FOXO.US,D,20231012,000000,22.9049,23.88,21.492,22.089,13761.9,0
FOXO.US,D,20231013,000000,26.8451,41.193,23.2631,23.9596,451122,0
FOXO.US,D,20231016,000000,22.288,22.288,20.1985,21.4323,52634.6,0
FOXO.US,D,20231017,000000,21.3925,22.1089,21.0345,21.492,13529.7,0
FOXO.US,D,20231018,000000,21.3726,22.3278,20.895,21.094,24923.6,0
FOXO.US,D,20231019,000000,19.502,20.6761,18.905,20.1189,15416.2,0
FOXO.US,D,20231020,000000,19.7209,20.0592,18.9448,19.5219,8253.01,0
FOXO.US,D,20231023,000000,19.3428,20.298,19.1239,19.502,8450.68,0
FOXO.US,D,20231024,000000,19.502,20.099,18.1289,19.502,4286.88,0
FOXO.US,D,20231025,000000,20.298,20.298,18.5269,18.5269,2774.26,0
FOXO.US,D,20231026,000000,19.2035,19.701,18.6065,19.0642,3624.56,0
FOXO.US,D,20231027,000000,18.706,19.104,17.711,17.7309,10368,0
FOXO.US,D,20231030,000000,15.92,16.3576,13.2335,13.333,21649.8,0
FOXO.US,D,20231031,000000,13.8305,13.8504,10.9848,11.5818,6548.82,0
FOXO.US,D,20231107,000000,14.2922,16.915,8.95699,9.552,31894,0
FOXO.US,D,20231108,000000,9.40275,9.40275,7.18589,7.46149,37853.9,0
FOXO.US,D,20231109,000000,7.41673,7.96,7.18589,7.37892,10040,0
FOXO.US,D,20231110,000000,7.45852,7.60578,6.56899,7.09236,19762.8,0
FOXO.US,D,20231113,000000,7.09037,7.363,6.97495,7.164,8681.6,0
FOXO.US,D,20231114,000000,7.22171,8.159,7.164,7.47643,15243,0
FOXO.US,D,20231115,000000,7.562,8.08139,7.363,7.56399,11631.9,0
FOXO.US,D,20231116,000000,7.61175,7.70727,6.91525,6.965,10241.5,0
FOXO.US,D,20231117,000000,7.17594,7.562,6.4874,6.67844,4944.02,0
FOXO.US,D,20231120,000000,6.7063,6.91724,5.771,5.9302,28433.7,0
FOXO.US,D,20231121,000000,6.0496,6.35407,5.6118,6.15109,18623.8,0
FOXO.US,D,20231122,000000,6.1292,8.12119,5.8904,7.164,71239.3,0
FOXO.US,D,20231124,000000,7.18788,8.3978,6.76799,7.13415,23104.1,0
FOXO.US,D,20231127,000000,7.16201,9.82065,6.567,7.9401,115255,0
FOXO.US,D,20231128,000000,8.5371,8.557,6.56899,6.70232,48936.7,0
FOXO.US,D,20231129,000000,6.78192,7.0645,6.03169,6.33417,26883.3,0
FOXO.US,D,20231130,000000,6.22671,6.766,5.572,6.6267,45866.4,0
FOXO.US,D,20231201,000000,7.5819,11.8584,6.89535,8.1391,711418,0
FOXO.US,D,20231204,000000,7.36698,7.36698,6.43367,6.87147,48924.6,0
FOXO.US,D,20231205,000000,6.69834,7.89035,6.567,6.965,33413.9,0
FOXO.US,D,20231206,000000,7.0247,7.73511,6.98092,7.363,25407.9,0
FOXO.US,D,20231207,000000,7.39285,7.562,6.17696,6.39984,39660.1,0
FOXO.US,D,20231208,000000,6.6267,6.766,6.2287,6.26852,11211.2,0
FOXO.US,D,20231211,000000,6.19089,6.5272,5.771,6.0695,13114.5,0
FOXO.US,D,20231212,000000,6.2486,6.2486,5.59389,5.70135,13543.8,0
FOXO.US,D,20231213,000000,5.66752,6.0695,5.5919,5.76901,10601.1,0
FOXO.US,D,20231214,000000,6.3879,10.6684,6.169,7.3232,1038018,0
FOXO.US,D,20231215,000000,6.63068,6.80978,5.79289,5.97199,102317,0
FOXO.US,D,20231218,000000,6.0695,6.169,5.771,5.96602,53249.8,0
FOXO.US,D,20231219,000000,5.8108,5.93219,5.4128,5.6715,72188.8,0
FOXO.US,D,20231220,000000,5.68145,5.68145,4.975,5.15211,35760.2,0
FOXO.US,D,20231221,000000,5.05062,5.34315,4.97699,5.1342,16825.9,0
FOXO.US,D,20231222,000000,5.174,5.97,5.16208,5.2934,60131,0
FOXO.US,D,20231226,000000,5.51429,5.8705,5.373,5.57399,27764.8,0
FOXO.US,D,20231227,000000,5.5123,5.771,5.43071,5.7113,16316.7,0
FOXO.US,D,20231228,000000,5.91826,6.766,5.6914,6.11726,134613,0
FOXO.US,D,20231229,000000,6.169,7.12818,5.771,6.36203,163191,0
FOXO.US,D,20240102,000000,6.567,6.80576,5.87251,6.17043,66033.1,0
FOXO.US,D,20240103,000000,6.05557,6.44163,5.78692,6.26253,36453.2,0
FOXO.US,D,20240104,000000,6.19089,6.30034,5.88841,6.05756,15371.1,0
FOXO.US,D,20240105,000000,6.00781,6.05756,5.78692,5.80085,9812.46,0
FOXO.US,D,20240108,000000,5.99189,6.08341,5.80085,6.0496,6477.13,0
FOXO.US,D,20240109,000000,5.97597,6.10532,5.8108,6.00383,12641.3,0
FOXO.US,D,20240110,000000,5.90234,6.0098,5.60185,5.60981,18271.2,0
FOXO.US,D,20240111,000000,5.771,5.771,5.60185,5.68543,4233.46,0
FOXO.US,D,20240112,000000,5.9501,5.97,5.65558,5.6715,3791.1,0
FOXO.US,D,20240116,000000,5.61379,5.97,5.37897,5.37897,10025.7,0
FOXO.US,D,20240117,000000,5.37499,5.7111,5.19589,5.3929,14304.2,0
FOXO.US,D,20240118,000000,5.60981,5.70334,5.39491,5.50036,6346.68,0
FOXO.US,D,20240119,000000,5.49837,7.7809,5.29141,6.8655,533121,0
FOXO.US,D,20240122,000000,6.6665,6.73615,5.8705,5.8705,181173,0
FOXO.US,D,20240123,000000,5.70135,5.70135,5.27748,5.32325,57077.7,0
FOXO.US,D,20240124,000000,5.8506,6.169,5.38295,5.90632,77718.1,0
FOXO.US,D,20240125,000000,5.88045,5.88045,5.50235,5.66553,18471.6,0
FOXO.US,D,20240126,000000,5.73319,5.73319,5.41081,5.57399,12632.2,0
FOXO.US,D,20240129,000000,5.47449,5.84264,5.47449,5.77299,14334.7,0
FOXO.US,D,20240130,000000,5.62772,5.84264,5.53021,5.68941,9317.93,0
FOXO.US,D,20240131,000000,5.75108,6.567,5.75108,6.1491,68810.4,0
FOXO.US,D,20240201,000000,6.0496,6.48342,5.77299,6.0695,16932.8,0
FOXO.US,D,20240202,000000,5.98791,6.16701,5.9302,5.97,10363.5,0
FOXO.US,D,20240205,000000,6.01179,8.955,5.37499,5.91032,910793,0
FOXO.US,D,20240206,000000,6.00582,6.00582,5.6118,5.77299,44654.6,0
FOXO.US,D,20240207,000000,5.86652,7.83463,5.71329,7.19186,357863,0
FOXO.US,D,20240208,000000,7.3431,7.3431,6.368,6.766,45877.5,0
FOXO.US,D,20240209,000000,6.7262,6.91724,6.4476,6.79784,17692.2,0
FOXO.US,D,20240212,000000,6.72222,8.13711,6.57496,7.5819,49185,0
FOXO.US,D,20240213,000000,7.562,7.7411,6.61874,7.11823,34395.9,0
FOXO.US,D,20240214,000000,7.12022,8.955,6.08741,6.51327,114674,0
FOXO.US,D,20240215,000000,6.766,7.7411,6.17398,7.19584,177161,0
FOXO.US,D,20240216,000000,7.164,7.562,6.69436,6.965,69130.8,0
FOXO.US,D,20240220,000000,7.05256,7.16199,6.50531,6.63864,21238.1,0
FOXO.US,D,20240221,000000,6.61277,7.164,6.51725,6.7262,12777.7,0
FOXO.US,D,20240222,000000,6.65456,6.86351,6.567,6.567,9427.08,0
FOXO.US,D,20240223,000000,6.766,7.0645,6.57496,6.76003,21497.7,0
FOXO.US,D,20240226,000000,6.965,7.01276,6.57297,6.6864,52718.9,0
FOXO.US,D,20240227,000000,6.965,7.53414,6.58093,7.1242,81223.1,0
FOXO.US,D,20240228,000000,7.13415,7.13415,6.41974,6.6864,30104.7,0
FOXO.US,D,20240229,000000,6.766,6.91525,6.25855,6.4277,26490.3,0
FOXO.US,D,20240301,000000,6.2685,6.567,6.169,6.42571,16581.5,0
FOXO.US,D,20240304,000000,6.46949,6.567,6.1889,6.4476,9260.85,0
FOXO.US,D,20240305,000000,6.1889,6.76401,6.169,6.2884,16388,0
FOXO.US,D,20240306,000000,6.43964,6.44362,6.2088,6.22472,6037.38,0
FOXO.US,D,20240307,000000,6.4078,6.41775,5.97597,6.0098,11552.4,0
FOXO.US,D,20240308,000000,6.169,6.368,6.0695,6.3282,8050.05,0
FOXO.US,D,20240311,000000,6.41775,6.567,5.97,6.567,10267.7,0
FOXO.US,D,20240312,000000,6.6466,6.8655,6.21079,6.4078,19751,0
FOXO.US,D,20240313,000000,6.43367,6.5073,6.0496,6.14512,21243.2,0
FOXO.US,D,20240314,000000,6.4476,6.7461,5.97,6.51725,32476.9,0
FOXO.US,D,20240315,000000,6.44362,7.24758,6.23666,6.368,52320.1,0
FOXO.US,D,20240318,000000,6.567,6.567,5.771,5.8108,66418.2,0
FOXO.US,D,20240319,000000,6.0496,6.567,5.6715,5.97,70238.4,0
FOXO.US,D,20240320,000000,6.4675,6.94311,5.771,6.07945,86048.1,0
FOXO.US,D,20240321,000000,6.0695,6.4675,5.78891,5.97199,36559.6,0
FOXO.US,D,20240322,000000,5.97,7.17395,5.97,6.965,117062,0
FOXO.US,D,20240325,000000,7.562,8.70227,6.96699,7.4824,263837,0
FOXO.US,D,20240326,000000,7.20977,7.38867,6.169,6.6267,62474.1,0
FOXO.US,D,20240327,000000,6.25457,7.16798,6.25457,6.965,29216.2,0
FOXO.US,D,20240328,000000,7.31325,8.955,6.8854,8.0993,86224.9,0
FOXO.US,D,20240401,000000,7.91821,8.0595,7.363,7.6217,25953.1,0
FOXO.US,D,20240402,000000,7.5023,7.59185,6.86749,6.91525,36386.8,0
FOXO.US,D,20240403,000000,6.91525,7.31325,6.49536,6.61277,19589.2,0
FOXO.US,D,20240404,000000,6.76003,6.95903,6.61277,6.766,12783,0
FOXO.US,D,20240405,000000,6.766,6.8257,6.48342,6.67048,13788.5,0
FOXO.US,D,20240408,000000,6.58292,6.95306,5.99189,6.29037,37206,0
FOXO.US,D,20240409,000000,6.56899,6.56899,6.19487,6.42173,6052.81,0
FOXO.US,D,20240410,000000,6.14711,6.47546,6.0138,6.1292,14316.6,0
FOXO.US,D,20240411,000000,6.13119,6.56501,6.13119,6.36798,8966.68,0
FOXO.US,D,20240412,000000,6.17696,6.34213,6.01179,6.22074,12192.1,0
FOXO.US,D,20240415,000000,6.53914,6.53914,5.67548,5.70931,24941.9,0
FOXO.US,D,20240416,000000,5.97,5.97,5.10236,5.37101,30732.1,0
FOXO.US,D,20240417,000000,5.22574,5.57001,5.22574,5.38494,6884.07,0
FOXO.US,D,20240418,000000,5.65359,5.6715,5.38494,5.51628,6200.6,0
FOXO.US,D,20240419,000000,5.48444,5.5521,5.28544,5.3133,9308.34,0
FOXO.US,D,20240422,000000,5.28544,6.16303,5.28544,5.82871,26074.8,0
FOXO.US,D,20240423,000000,5.9302,5.9302,5.4526,5.6914,11931.2,0
FOXO.US,D,20240424,000000,5.7511,5.7511,5.28544,5.572,7401.6,0
FOXO.US,D,20240425,000000,5.38096,5.76901,5.38096,5.59389,9422.41,0
FOXO.US,D,20240426,000000,5.54414,5.9103,5.38096,5.62175,10930.6,0
FOXO.US,D,20240429,000000,5.78692,6.01577,5.47648,5.6715,17757.1,0
FOXO.US,D,20240430,000000,5.572,5.64364,5.42275,5.55011,4863.61,0
FOXO.US,D,20240501,000000,5.4725,5.76901,5.38496,5.52621,1663.21,0
FOXO.US,D,20240502,000000,5.572,5.572,5.373,5.56404,8551.05,0
FOXO.US,D,20240503,000000,5.4924,5.56404,5.4725,5.47449,4278.64,0
FOXO.US,D,20240506,000000,5.7312,5.74911,5.48046,5.4924,6463.16,0
FOXO.US,D,20240507,000000,5.48643,5.5322,5.28345,5.40086,11135.4,0
FOXO.US,D,20240508,000000,5.33121,5.46653,5.28146,5.45061,2756.98,0
FOXO.US,D,20240509,000000,5.37897,5.5322,5.26355,5.50235,9099.89,0
FOXO.US,D,20240510,000000,5.53817,5.53817,5.30335,5.43469,4909.49,0
FOXO.US,D,20240513,000000,5.53817,5.771,5.3732,5.73916,12898.1,0
FOXO.US,D,20240514,000000,5.52623,6.3481,5.38295,5.95209,24527.9,0
FOXO.US,D,20240515,000000,5.97,6.0894,5.67349,5.771,15989.6,0
FOXO.US,D,20240516,000000,5.9501,6.31825,5.74115,6.24462,30972.2,0
FOXO.US,D,20240517,000000,6.16701,6.5073,5.77896,5.9103,23903.5,0
FOXO.US,D,20240520,000000,5.77896,6.1292,5.77498,5.92224,12843.4,0
FOXO.US,D,20240521,000000,5.92224,5.97,5.72125,5.91826,9487.88,0
FOXO.US,D,20240522,000000,5.88045,5.88045,5.67548,5.79488,9169.74,0
FOXO.US,D,20240523,000000,6.37596,6.66451,5.70135,5.8705,51366.5,0
FOXO.US,D,20240524,000000,5.86254,8.159,5.75309,7.0048,201270,0
FOXO.US,D,20240528,000000,7.562,8.6565,6.567,6.8655,134564,0
FOXO.US,D,20240529,000000,6.4874,7.05853,6.09935,6.24263,60828.6,0
FOXO.US,D,20240530,000000,6.56501,6.91326,6.21875,6.77993,33118.4,0
FOXO.US,D,20240531,000000,7.22967,10.746,7.22967,9.45847,1173525,0
FOXO.US,D,20240603,000000,9.2535,10.149,6.84759,7.0446,205736,0
FOXO.US,D,20240604,000000,7.15604,7.15604,5.99189,6.26452,70453.4,0
FOXO.US,D,20240605,000000,6.21079,6.53715,5.9899,6.27845,38367.1,0
FOXO.US,D,20240606,000000,6.21278,6.39586,5.06654,5.4725,112194,0
FOXO.US,D,20240607,000000,5.4327,5.56404,4.3979,5.10435,71846.1,0
FOXO.US,D,20240610,000000,4.98495,5.174,4.82575,4.92326,22947.9,0
FOXO.US,D,20240611,000000,5.24564,5.771,5.02674,5.36703,209963,0
FOXO.US,D,20240612,000000,5.33718,5.4725,4.6964,4.8357,96952.7,0
FOXO.US,D,20240613,000000,4.7362,4.8755,4.378,4.75411,125060,0
FOXO.US,D,20240614,000000,7.45852,7.49235,5.0745,5.7511,2516396,0
FOXO.US,D,20240617,000000,5.81279,5.87846,5.08246,5.12226,133039,0
FOXO.US,D,20240618,000000,5.0745,5.10435,4.776,4.87152,100440,0
FOXO.US,D,20240620,000000,4.74615,4.93321,4.64864,4.71829,44623.6,0
FOXO.US,D,20240621,000000,4.70436,5.36504,4.63272,5.28146,61009.4,0
FOXO.US,D,20240624,000000,5.12226,5.52225,5.01082,5.33718,45529.5,0
FOXO.US,D,20240625,000000,5.32723,5.42872,5.17599,5.22972,46056,0
FOXO.US,D,20240626,000000,5.31728,5.373,5.12624,5.174,15974.4,0
FOXO.US,D,20240627,000000,5.23171,5.3332,5.17599,5.3332,11419.9,0
FOXO.US,D,20240628,000000,5.27151,5.36703,5.21579,5.28544,11724.5,0
FOXO.US,D,20240701,000000,5.37897,5.76702,5.2337,5.6317,48561.6,0
FOXO.US,D,20240702,000000,5.46255,5.56384,5.30534,5.44862,13606.4,0
FOXO.US,D,20240703,000000,5.44663,5.4924,5.41081,5.44265,4327.93,0
FOXO.US,D,20240705,000000,5.27748,5.36902,5.08047,5.30534,8640.7,0
FOXO.US,D,20240708,000000,5.30335,5.32325,5.0745,5.174,12112,0
FOXO.US,D,20240709,000000,5.17201,5.17201,5.08843,5.09639,11763.4,0
FOXO.US,D,20240710,000000,5.0944,5.18793,5.0148,5.11629,8534.82,0
FOXO.US,D,20240711,000000,5.00684,5.16803,5.00684,5.08047,12219,0
FOXO.US,D,20240712,000000,5.08047,5.1342,4.975,5.06256,12014.9,0
FOXO.US,D,20240715,000000,5.16604,5.16604,5.02873,5.11231,7464.07,0
FOXO.US,D,20240716,000000,5.11032,5.59986,5.05858,5.23967,29414.2,0
FOXO.US,D,20240717,000000,5.23768,5.3332,5.10435,5.21778,20271.1,0
FOXO.US,D,20240718,000000,5.12823,5.17201,4.975,4.98893,12047.4,0
FOXO.US,D,20240719,000000,4.975,4.97699,4.48745,4.65262,18325.3,0
FOXO.US,D,20240722,000000,4.67053,4.87351,4.57899,4.68844,13741.2,0
FOXO.US,D,20240723,000000,4.68844,4.6964,4.378,4.60884,23151.9,0
FOXO.US,D,20240724,000000,4.61879,4.61879,4.38198,4.47352,7784.42,0
FOXO.US,D,20240725,000000,4.56506,4.56506,4.2785,4.29641,13840.1,0
FOXO.US,D,20240726,000000,4.35213,4.35213,4.08746,4.16706,12752,0
FOXO.US,D,20240729,000000,4.28248,4.30682,4.0994,4.19691,5275.92,0
FOXO.US,D,20240730,000000,4.0795,4.27651,3.98,4.04766,7545.17,0
FOXO.US,D,20240731,000000,4.10935,4.378,3.98,4.30835,15330.2,0
FOXO.US,D,20240801,000000,4.30835,4.37203,4.04368,4.16706,7952.71,0
FOXO.US,D,20240802,000000,4.27054,4.37004,3.92627,4.04169,8260.35,0
FOXO.US,D,20240805,000000,3.6019,3.7412,3.19594,3.56608,51440.4,0
FOXO.US,D,20240806,000000,3.56011,3.60588,3.32529,3.39892,15232.1,0
FOXO.US,D,20240807,000000,3.3233,3.38101,3.2835,3.2835,7475.42,0
FOXO.US,D,20240808,000000,2.985,3.16211,2.587,2.96908,85417.9,0
FOXO.US,D,20240809,000000,2.87953,2.95117,2.69247,2.77804,18476.6,0
FOXO.US,D,20240812,000000,2.8656,2.8656,2.587,2.59098,9196.08,0
FOXO.US,D,20240813,000000,2.68849,2.786,2.6467,2.75416,14860.7,0
FOXO.US,D,20240814,000000,2.786,2.83376,2.65864,2.82182,17730.1,0
FOXO.US,D,20240815,000000,2.85764,3.184,2.73824,3.0248,19285.8,0
FOXO.US,D,20240816,000000,2.985,3.4228,2.985,3.24171,18274.3,0
FOXO.US,D,20240819,000000,3.1442,3.45663,2.985,3.383,9065.22,0
FOXO.US,D,20240820,000000,3.36509,3.383,2.985,3.15813,17539.2,0
FOXO.US,D,20240821,000000,3.06261,3.72926,2.985,3.38698,17701.8,0
FOXO.US,D,20240822,000000,3.6815,3.6815,3.3233,3.5422,20826,0
FOXO.US,D,20240823,000000,3.582,3.582,3.23375,3.33325,8856.53,0
FOXO.US,D,20240826,000000,3.4427,3.58198,3.20788,3.38698,4553.51,0
FOXO.US,D,20240827,000000,3.40489,3.5024,3.20191,3.3631,5262.41,0
FOXO.US,D,20240828,000000,3.383,3.41088,2.99099,3.184,3350.85,0
FOXO.US,D,20240829,000000,3.26758,3.35912,3.01286,3.1641,5497.03,0
FOXO.US,D,20240830,000000,3.14221,3.17206,2.98699,3.08251,3099.94,0
FOXO.US,D,20240903,000000,3.0049,3.17602,3.0049,3.02878,4473.91,0
FOXO.US,D,20240904,000000,3.03276,3.17803,2.985,3.08052,4977.83,0
FOXO.US,D,20240905,000000,2.985,3.17604,2.985,3.09644,2913.51,0
FOXO.US,D,20240906,000000,3.10241,3.37703,2.985,2.985,7282.41,0
FOXO.US,D,20240909,000000,3.02281,3.18201,3.0049,3.08251,1415.17,0
FOXO.US,D,20240910,000000,3.08649,3.37504,2.985,3.29544,3338.79,0
FOXO.US,D,20240911,000000,3.23375,3.52827,3.09445,3.41086,8744.62,0
FOXO.US,D,20240912,000000,3.52827,3.582,3.38897,3.5024,10471.9,0
FOXO.US,D,20240913,000000,3.582,3.60986,3.38499,3.60986,3465.22,0
FOXO.US,D,20240916,000000,3.58797,3.73125,3.42877,3.63623,3404.07,0
FOXO.US,D,20240917,000000,3.73125,3.73125,3.383,3.4427,45074.5,0
FOXO.US,D,20240918,000000,3.33922,3.582,3.32529,3.4029,2916.13,0
FOXO.US,D,20240919,000000,3.73125,3.73125,3.43474,3.46459,7741.95,0
FOXO.US,D,20240920,000000,3.47255,3.73125,3.47255,3.582,7707.68,0
FOXO.US,D,20240923,000000,3.74319,3.86856,3.582,3.8407,14513,0
FOXO.US,D,20240924,000000,3.8009,4.0596,3.78498,3.9004,10203.4,0
FOXO.US,D,20240925,000000,3.98,3.99791,3.83175,3.95015,3716.43,0
FOXO.US,D,20240926,000000,3.98199,4.0596,3.83075,3.94219,12447.5,0
FOXO.US,D,20240927,000000,3.98,3.98,3.65364,3.781,7087.03,0
FOXO.US,D,20240930,000000,3.96408,3.96408,3.582,3.781,3269.49,0
FOXO.US,D,20241001,000000,3.781,3.781,3.582,3.69941,1223.31,0
FOXO.US,D,20241002,000000,3.5024,3.582,3.40489,3.55215,2071.8,0
FOXO.US,D,20241003,000000,3.5422,3.5422,3.43275,3.4427,4677.33,0
FOXO.US,D,20241004,000000,3.4427,3.5621,3.41882,3.5024,3620.35,0
FOXO.US,D,20241007,000000,3.582,3.582,3.40887,3.4427,3386.68,0
FOXO.US,D,20241008,000000,3.38897,3.56011,3.38897,3.49643,2792.66,0
FOXO.US,D,20241009,000000,3.49643,3.5621,3.44869,3.45066,2389.24,0
FOXO.US,D,20241010,000000,3.54419,3.5621,3.38897,3.5024,4694.12,0
FOXO.US,D,20241011,000000,3.52628,3.5621,3.40688,3.46459,3333.11,0
FOXO.US,D,20241014,000000,3.46459,3.5621,3.35315,3.4228,8658.14,0
FOXO.US,D,20241015,000000,3.36111,3.8407,3.36111,3.6616,25549.4,0
FOXO.US,D,20241016,000000,3.55215,3.77085,3.44071,3.4626,8933.86,0
FOXO.US,D,20241017,000000,3.6218,3.6218,3.383,3.39892,6367.68,0
FOXO.US,D,20241018,000000,3.40887,3.44469,3.0845,3.3631,15447.2,0
FOXO.US,D,20241021,000000,3.383,3.383,2.985,3.2835,34041.4,0
FOXO.US,D,20241022,000000,3.2238,3.27753,3.0845,3.24967,6339.89,0
FOXO.US,D,20241023,000000,3.1442,3.26161,2.71834,2.9452,31861.6,0
FOXO.US,D,20241024,000000,2.9452,2.9452,2.7064,2.786,17276.1,0
FOXO.US,D,20241025,000000,2.786,3.03674,2.7462,3.03276,12138.6,0
FOXO.US,D,20241028,000000,3.03276,3.1044,2.7263,2.83973,20370.7,0
FOXO.US,D,20241029,000000,2.81585,3.04271,2.6268,2.9253,25938.5,0
FOXO.US,D,20241030,000000,2.9253,2.9253,2.7064,2.82381,15189.8,0
FOXO.US,D,20241031,000000,2.7661,2.78401,2.587,2.61287,9713.06,0
FOXO.US,D,20241101,000000,2.61287,2.75416,2.61088,2.69048,7820.8,0
FOXO.US,D,20241104,000000,2.69048,2.87356,2.63675,2.7064,8711.25,0
FOXO.US,D,20241105,000000,2.786,2.786,2.6865,2.70839,129048,0
FOXO.US,D,20241106,000000,5.4128,21.094,5.00768,15.5737,47211121,0
FOXO.US,D,20241107,000000,9.353,9.65349,6.96699,7.33713,1590172,0
FOXO.US,D,20241108,000000,8.8555,19.2234,8.30427,9.8704,39536554,0
FOXO.US,D,20241111,000000,12.6494,20.497,11.624,13.8305,34940144,0
FOXO.US,D,20241112,000000,18.8652,25.87,15.6215,18.706,13779577,0
FOXO.US,D,20241113,000000,21.691,22.686,15.1956,18.308,2115798,0
FOXO.US,D,20241114,000000,16.2941,16.2961,13.134,13.333,640310,0
FOXO.US,D,20241115,000000,11.7987,16.6981,10.9331,13.2852,3781273,0
FOXO.US,D,20241118,000000,13.8305,15.6215,13.5141,14.129,493713,0
FOXO.US,D,20241119,000000,13.3927,15.52,13.333,13.731,441201,0
FOXO.US,D,20241120,000000,14.1029,14.1151,12.2007,13.134,161517,0
FOXO.US,D,20241121,000000,13.9002,13.9101,11.4465,11.9181,147733,0
FOXO.US,D,20241122,000000,11.4286,11.4286,10.149,10.7122,116914,0
FOXO.US,D,20241125,000000,10.35,10.3798,7.562,7.67941,188759,0
FOXO.US,D,20241126,000000,8.84356,14.8573,8.358,10.4774,6728700,0
FOXO.US,D,20241127,000000,11.4127,11.741,9.5719,10.1828,425441,0
FOXO.US,D,20241129,000000,9.62762,10.945,9.06445,10.2624,146997,0
FOXO.US,D,20241202,000000,10.0216,10.0654,8.96495,9.0744,127087,0
FOXO.US,D,20241203,000000,8.93112,9.63558,8.4774,9.3331,96537.7,0
FOXO.US,D,20241204,000000,8.9351,11.1321,8.7958,10.5052,226999,0
FOXO.US,D,20241205,000000,10.2386,10.346,9.43658,9.88831,44570.3,0
FOXO.US,D,20241206,000000,9.5719,10.8455,9.3729,10.1789,109758,0
FOXO.US,D,20241209,000000,9.9699,10.2684,9.33509,9.95,65706.7,0
FOXO.US,D,20241210,000000,10.4475,10.4475,9.37489,9.751,83302.2,0
FOXO.US,D,20241211,000000,9.0744,9.95,8.62466,9.7112,106051,0
FOXO.US,D,20241212,000000,9.353,9.49029,8.86346,9.0943,26267.1,0
FOXO.US,D,20241213,000000,8.955,9.2535,8.2585,8.955,64559.5,0
FOXO.US,D,20241216,000000,8.26248,8.756,7.63762,7.98587,169224,0
FOXO.US,D,20241217,000000,7.96,7.97592,7.00281,7.2834,91109.3,0
FOXO.US,D,20241218,000000,7.35703,7.37494,5.96602,6.45755,116511,0
FOXO.US,D,20241219,000000,6.45556,6.45753,5.76503,5.8506,64942.5,0
FOXO.US,D,20241220,000000,5.572,6.766,5.50633,5.5919,104272,0
FOXO.US,D,20241223,000000,5.8108,6.2685,5.18594,5.48245,38715.3,0
FOXO.US,D,20241224,000000,5.4526,5.572,4.58098,4.94117,55375.3,0
FOXO.US,D,20241226,000000,4.8755,5.97,4.776,5.57001,173422,0
FOXO.US,D,20241227,000000,5.80485,7.59185,5.771,6.2685,432887,0
FOXO.US,D,20241230,000000,5.96801,6.2685,5.42872,5.97199,156062,0
FOXO.US,D,20241231,000000,6.28741,6.766,5.77498,5.79687,324744,0
FOXO.US,D,20250102,000000,5.79687,6.169,5.59588,5.771,91610.5,0
FOXO.US,D,20250103,000000,6.67247,6.67247,5.93219,6.13915,252090,0
FOXO.US,D,20250106,000000,6.30631,6.368,5.6914,5.771,113554,0
FOXO.US,D,20250107,000000,5.97,5.97,5.174,5.7113,116123,0
FOXO.US,D,20250108,000000,5.66553,5.66553,5.20186,5.373,69124,0
FOXO.US,D,20250110,000000,5.3531,5.4725,5.1939,5.40484,46182.1,0
FOXO.US,D,20250113,000000,5.30733,5.30733,4.577,4.87152,53532.8,0
FOXO.US,D,20250114,000000,4.975,5.00286,3.9402,4.12129,95945.2,0
FOXO.US,D,20250115,000000,4.07751,4.12129,3.67354,3.96806,72744.7,0
FOXO.US,D,20250116,000000,3.98597,7.4625,3.781,6.2685,4732595,0
FOXO.US,D,20250117,000000,5.174,5.97,4.04965,4.577,569941,0
FOXO.US,D,20250121,000000,4.52128,4.577,4.179,4.577,156467,0
FOXO.US,D,20250122,000000,5.5919,7.19783,5.19788,5.373,6000858,0
FOXO.US,D,20250123,000000,5.22176,5.97796,5.00485,5.30335,374140,0
FOXO.US,D,20250124,000000,5.175,5.771,4.7362,5.44066,218807,0
FOXO.US,D,20250127,000000,5.03868,5.55986,4.83371,5.28146,132678,0
FOXO.US,D,20250128,000000,5.26355,5.31529,4.7561,4.89341,156178,0
FOXO.US,D,20250129,000000,4.6168,4.65461,4.38397,4.44566,113058,0
FOXO.US,D,20250130,000000,4.47949,5.373,4.4775,5.2138,329089,0
FOXO.US,D,20250131,000000,5.1342,5.1342,4.6964,4.776,104475,0
FOXO.US,D,20250203,000000,4.6964,4.73401,4.48347,4.64665,86714.7,0
FOXO.US,D,20250204,000000,4.65859,4.7163,4.44765,4.5173,56604.5,0
FOXO.US,D,20250205,000000,4.57103,4.66058,4.38198,4.6367,81517.9,0
FOXO.US,D,20250206,000000,4.55314,4.577,4.39866,4.48347,47268.9,0
FOXO.US,D,20250207,000000,4.50337,4.50337,4.179,4.378,67955.9,0
FOXO.US,D,20250210,000000,4.39392,4.41979,4.00985,4.28248,149222,0
FOXO.US,D,20250211,000000,4.179,4.52327,3.99791,4.1392,100298,0
FOXO.US,D,20250212,000000,4.06756,4.27054,3.89045,4.1591,75695.2,0
FOXO.US,D,20250213,000000,4.24268,4.64665,4.04169,4.43571,205933,0
FOXO.US,D,20250214,000000,4.41581,4.975,4.1392,4.6765,146649,0
FOXO.US,D,20250218,000000,4.67451,4.73421,4.1989,4.40785,73352.5,0
FOXO.US,D,20250219,000000,4.34815,4.37183,4.179,4.23074,47031.9,0
FOXO.US,D,20250220,000000,4.2188,4.26855,4.0397,4.04766,49949.8,0
FOXO.US,D,20250221,000000,4.179,4.23074,3.98,4.0795,39729,0
FOXO.US,D,20250224,000000,5.54812,5.97,3.63376,3.9402,4149775,0
FOXO.US,D,20250225,000000,3.5422,3.5422,3.01485,3.24768,302360,0
FOXO.US,D,20250226,000000,3.38101,3.781,3.2835,3.58001,210227,0
FOXO.US,D,20250227,000000,3.54419,3.5621,3.23375,3.3432,97723.3,0
FOXO.US,D,20250228,000000,3.24569,3.383,3.11435,3.383,75772,0
FOXO.US,D,20250303,000000,3.46061,3.5024,3.23574,3.2636,52638.1,0
FOXO.US,D,20250304,000000,3.19992,3.25763,3.0049,3.1243,68789,0
FOXO.US,D,20250305,000000,3.21982,3.46857,3.0646,3.30937,50418.4,0
FOXO.US,D,20250306,000000,3.184,3.2835,3.0248,3.07654,49046.5,0
FOXO.US,D,20250307,000000,3.12231,3.30539,3.0447,3.3034,40970.9,0
FOXO.US,D,20250310,000000,3.12032,3.23972,2.88152,3.05664,50513.6,0
FOXO.US,D,20250311,000000,3.01883,3.2437,2.786,3.1044,88456.9,0
FOXO.US,D,20250312,000000,2.98699,3.17206,2.81784,3.1442,106070,0
FOXO.US,D,20250313,000000,3.1442,3.17604,2.8855,3.04072,40284.1,0
FOXO.US,D,20250314,000000,3.04669,3.1442,2.9651,3.0845,31536.2,0
FOXO.US,D,20250317,000000,3.07555,3.3631,3.00689,3.22977,68019.1,0
FOXO.US,D,20250318,000000,3.1243,3.27355,2.97903,3.0646,52294.3,0
FOXO.US,D,20250319,000000,3.32529,3.32728,2.98898,3.1044,896030,0
FOXO.US,D,20250320,000000,3.13823,3.22181,3.0646,3.16211,76668.4,0
FOXO.US,D,20250321,000000,3.1044,3.27952,3.03475,3.11634,86326.5,0
FOXO.US,D,20250324,000000,3.17206,3.21584,2.99694,3.0845,60558.7,0
FOXO.US,D,20250325,000000,3.03276,3.06261,2.76809,3.0049,64287.5,0
FOXO.US,D,20250326,000000,3.00888,3.05067,2.8457,2.8855,37227.3,0
FOXO.US,D,20250327,000000,2.9054,2.91734,2.786,2.87754,25171.6,0
FOXO.US,D,20250328,000000,2.9054,2.9054,2.45566,2.45566,87440.9,0
FOXO.US,D,20250331,000000,2.4278,2.5671,2.2487,2.4477,51599.5,0
FOXO.US,D,20250401,000000,2.5472,2.5472,2.42581,2.4676,28305.4,0
FOXO.US,D,20250402,000000,2.45765,2.63078,2.42979,2.57506,41227.5,0
FOXO.US,D,20250403,000000,2.45168,2.77406,2.42979,2.7064,60609.1,0
FOXO.US,D,20250404,000000,2.71436,2.71436,2.388,2.44969,48832.5,0
FOXO.US,D,20250407,000000,2.32034,2.38402,2.1293,2.24074,104295,0
FOXO.US,D,20250408,000000,2.76212,2.9651,2.33029,2.76013,6179943,0
FOXO.US,D,20250409,000000,2.22283,2.5074,2.04771,2.5074,267044,0
FOXO.US,D,20250410,000000,2.3084,2.42581,2.2288,2.3482,102541,0
FOXO.US,D,20250411,000000,2.32432,2.44969,2.20492,2.25865,72877.6,0
FOXO.US,D,20250414,000000,2.3084,2.39795,2.12532,2.2686,105852,0
FOXO.US,D,20250415,000000,2.19398,2.388,2.12134,2.189,82278.9,0
FOXO.US,D,20250416,000000,2.17507,2.23079,2.10144,2.1691,98162.2,0
FOXO.US,D,20250417,000000,2.20492,2.20691,1.393,1.67359,82993.8,0
FOXO.US,D,20250429,000000,1.6119,1.95458,1.4525,1.88075,1025129,0
FOXO.US,D,20250430,000000,1.6917,1.77409,1.5323,1.62742,223560,0
FOXO.US,D,20250501,000000,1.65071,2.3482,1.47399,1.58902,3078165,0
FOXO.US,D,20250502,000000,1.5126,1.5323,1.38504,1.43778,335927,0
FOXO.US,D,20250505,000000,1.4328,1.4332,1.22385,1.26584,214151,0
FOXO.US,D,20250506,000000,4.02,4.7362,2.7064,3.2039,100231482,0
FOXO.US,D,20250507,000000,1.73807,1.85068,1.46424,1.50961,3227203,0
FOXO.US,D,20250508,000000,1.52096,1.54026,1.393,1.4322,950703,0
FOXO.US,D,20250509,000000,1.42882,1.46424,1.34325,1.393,511671,0
FOXO.US,D,20250512,000000,1.35599,1.5124,1.31678,1.45131,808576,0
FOXO.US,D,20250513,000000,1.44255,1.49787,1.40972,1.42305,249108,0
FOXO.US,D,20250514,000000,1.45091,1.4923,1.31639,1.35539,464783,0
FOXO.US,D,20250515,000000,1.32295,1.34842,1.2732,1.28574,243022,0
FOXO.US,D,20250516,000000,1.34982,1.36315,1.23718,1.28892,661639,0
FOXO.US,D,20250519,000000,1.28892,1.29609,1.1542,1.194,472403,0
FOXO.US,D,20250520,000000,1.1944,1.28355,1.16733,1.27261,494884,0
FOXO.US,D,20250521,000000,1.2535,1.25788,1.13251,1.13848,1065746,0
FOXO.US,D,20250522,000000,1.13898,1.13908,1.0746,1.0945,544560,0
FOXO.US,D,20250523,000000,1.09012,1.09012,0.97709,1.0149,444273,0
FOXO.US,D,20250527,000000,1.01092,1.01092,0.8955,0.9154,531863,0
FOXO.US,D,20250528,000000,0.910624,0.979478,0.8955,0.9353,431607,0
FOXO.US,D,20250529,000000,0.9353,0.9353,0.8358,0.862068,600890,0
FOXO.US,D,20250530,000000,0.8358,0.8358,0.764359,0.797592,639616,0
FOXO.US,D,20250602,000000,0.828238,0.844954,0.78605,0.800975,629516,0
FOXO.US,D,20250603,000000,0.8159,0.83381,0.78605,0.802368,320920,0
FOXO.US,D,20250604,000000,0.76615,0.783861,0.748837,0.77809,977472,0
FOXO.US,D,20250605,000000,0.78008,0.80595,0.695306,0.741673,673955,0
FOXO.US,D,20250606,000000,0.707445,0.716201,0.64675,0.672222,1052417,0
FOXO.US,D,20250609,000000,0.674411,0.67461,0.63282,0.634014,754331,0
FOXO.US,D,20250610,000000,0.633019,0.6364,0.593219,0.597,925518,0
FOXO.US,D,20250611,000000,0.5771,0.616701,0.551628,0.60297,13631136,0
FOXO.US,D,20250612,000000,0.536504,0.549638,0.437999,0.483371,4199781,0
FOXO.US,D,20250613,000000,0.445561,0.454317,0.401582,0.430039,5360498,0
FOXO.US,D,20250616,000000,0.426656,0.46765,0.405363,0.414318,5450375,0
FOXO.US,D,20250617,000000,0.398,0.43382,0.377304,0.39999,1998658,0
FOXO.US,D,20250618,000000,0.408746,0.4577,0.403572,0.4378,3136131,0
FOXO.US,D,20250620,000000,0.443969,0.447949,0.419393,0.434616,1044692,0
FOXO.US,D,20250623,000000,0.428049,0.430835,0.387254,0.398,944939,0
FOXO.US,D,20250624,000000,0.39601,0.398,0.384269,0.397204,781461,0
FOXO.US,D,20250625,000000,0.399592,0.424865,0.38805,0.415711,1590311,0
FOXO.US,D,20250626,000000,0.412328,0.412328,0.368349,0.401781,1054102,0
FOXO.US,D,20250627,000000,0.398,0.401184,0.34825,0.37213,1884410,0
FOXO.US,D,20250630,000000,0.37014,0.37412,0.356608,0.362379,2063337,0
FOXO.US,D,20250701,000000,0.359394,0.36616,0.343872,0.365165,1503862,0
FOXO.US,D,20250702,000000,0.365364,0.366757,0.34825,0.35422,1246150,0
FOXO.US,D,20250703,000000,0.352628,0.352628,0.338897,0.34825,686542,0
FOXO.US,D,20250707,000000,0.348648,0.351235,0.3184,0.32636,1416310,0
FOXO.US,D,20250708,000000,0.326559,0.3383,0.311037,0.331733,971014,0
FOXO.US,D,20250709,000000,0.334917,0.354618,0.33034,0.334718,1416790,0
FOXO.US,D,20250710,000000,0.337703,0.3383,0.320191,0.326161,10551754,0
FOXO.US,D,20250711,000000,0.313425,0.32835,0.305863,0.30646,2988523,0
FOXO.US,D,20250714,000000,0.30646,0.311037,0.28059,0.28855,2167148,0
FOXO.US,D,20250715,000000,0.283575,0.292729,0.2786,0.28258,1194775,0
FOXO.US,D,20250716,000000,0.281983,0.3184,0.251934,0.267456,8635662,0
FOXO.US,D,20250717,000000,0.267058,0.275814,0.23283,0.247954,3866117,0
FOXO.US,D,20250718,000000,0.23084,0.247954,0.20298,0.209746,3371430,0
FOXO.US,D,20250721,000000,0.2189,0.2189,0.193229,0.205368,1672564,0
FOXO.US,D,20250722,000000,0.20696,0.222681,0.202383,0.217109,1824470,0
FOXO.US,D,20250723,000000,0.223676,0.334121,0.219895,0.31044,11053642,0
FOXO.US,D,20250724,000000,0.253327,0.271635,0.236213,0.252332,3950203,0
FOXO.US,D,20250725,000000,0.247158,0.2587,0.23482,0.25074,2021445,0
FOXO.US,D,20250728,000000,0.25,0.2549,0.2305,0.2367,1471729,0
FOXO.US,D,20250729,000000,0.2397,0.24,0.2,0.22,1279456,0
FOXO.US,D,20250730,000000,0.2141,0.22,0.1561,0.1868,5911677,0
FOXO.US,D,20250731,000000,0.1769,0.177,0.15,0.1643,24537214,0
FOXO.US,D,20250801,000000,0.1501,0.164,0.145,0.1562,3379307,0
FOXO.US,D,20250804,000000,0.1596,0.1634,0.1484,0.152,3283379,0
FOXO.US,D,20250805,000000,0.152,0.152,0.139,0.1448,2591183,0
FOXO.US,D,20250806,000000,0.142,0.1443,0.1251,0.128,8933840,0
FOXO.US,D,20250807,000000,0.1359,0.1391,0.1051,0.1159,170828054,0
FOXO.US,D,20250808,000000,0.103,0.115,0.101,0.1086,17940131,0
FOXO.US,D,20250811,000000,0.1037,0.1089,0.1003,0.1024,9227137,0
FOXO.US,D,20250812,000000,0.1004,0.102,0.0858,0.0922,3405983,0
